time,pos_x,pos_y,pos_z,rot_x,rot_y,rot_z
7.54,4.3265,-1.1561,-2,0,0,40
7.56,3.4412,-1.7846,-2,0,0,30.7479
7.58,3.1601,-1.9428,-2,0,0,28.0018
7.6,2.8383,-2.103,-2,0,0,24.9416
7.62,2.4769,-2.2584,-2,0,0,21.5925
7.64,2.0783,-2.4019,-2,0,0,17.9859
7.66,1.6464,-2.5263,-2,0,0,14.1587
7.68,1.1866,-2.6254,-2,0,0,10.1538
7.7,0.7058,-2.6937,-2,0,0,6.0192
7.72,0.2122,-2.7274,-2,0,0,1.8066
7.74,-0.2853,-2.7247,-2,0,0,357.5706
7.76,-0.7776,-2.6857,-2,0,0,353.3661
7.78,-1.2557,-2.6126,-2,0,0,349.2476
7.8,-1.7119,-2.5094,-2,0,0,345.266
7.82,-2.1392,-2.3818,-2,0,0,341.4687
7.84,-2.5325,-2.2361,-2,0,0,337.8977
7.86,-2.8882,-2.0796,-2,0,0,334.5894
7.88,-3.204,-1.9193,-2,0,0,331.5739
7.9,-3.4791,-1.7619,-2,0,0,328.8758
7.92,-3.7136,-1.6136,-2,0,0,326.5144
7.94,-3.9082,-1.4799,-2,0,0,324.5042
7.96,-4.0642,-1.3652,-2,0,0,322.8561
7.98,-4.1829,-1.2732,-2,0,0,321.5776
8,-4.2655,-1.2066,-2,0,0,320.674
8.02,-4.3131,-1.1673,-2,0,0,320.1484
8.04,-4.3262,-1.1563,-2,0,0,320.0026
8.059999,-4.3051,-1.1739,-2,0,0,320.237
8.08,-4.2494,-1.2198,-2,0,0,320.851
8.099999,-4.1585,-1.2925,-2,0,0,321.8424
8.12,-4.0312,-1.3901,-2,0,0,323.2076
8.139999,-3.8663,-1.5095,-2,0,0,324.941
8.16,-3.6625,-1.6471,-2,0,0,327.0342
8.179999,-3.4186,-1.798,-2,0,0,329.4757
8.2,-3.134,-1.9566,-2,0,0,332.2497
8.22,-2.8087,-2.1167,-2,0,0,335.336
8.24,-2.444,-2.2714,-2,0,0,338.7086
8.26,-2.0424,-2.4134,-2,0,0,342.3359
8.28,-1.6078,-2.5359,-2,0,0,346.1802
8.3,-1.1458,-2.6325,-2,0,0,350.1984
8.32,-0.6636,-2.698,-2,0,0,354.3419
8.34,-0.1693,-2.7286,-2,0,0,358.5587
8.36,0.3281,-2.7228,-2,0,0,2.7943
8.38,0.8195,-2.6807,-2,0,0,6.9935
8.4,1.2961,-2.6048,-2,0,0,11.1025
8.42,1.75,-2.4993,-2,0,0,15.07
8.44,2.1746,-2.3698,-2,0,0,18.8495
8.46,2.5648,-2.2229,-2,0,0,22.399
8.48,2.9171,-2.0658,-2,0,0,25.6833
8.5,3.2294,-1.9054,-2,0,0,28.6723
8.52,3.501,-1.7486,-2,0,0,31.342
8.54,3.732,-1.6014,-2,0,0,33.6736
8.559999,3.9232,-1.4692,-2,0,0,35.6528
8.58,4.0759,-1.3563,-2,0,0,37.2693
8.599999,4.1914,-1.2664,-2,0,0,38.5155
8.62,4.271,-1.2021,-2,0,0,39.3865
8.639999,4.3156,-1.1652,-2,0,0,39.8793
8.66,4.3257,-1.1567,-2,0,0,39.9922
8.679999,4.3016,-1.1768,-2,0,0,39.7248
8.7,4.2429,-1.225,-2,0,0,39.078
8.72,4.1489,-1.3,-2,0,0,38.0541
8.74,4.0184,-1.3996,-2,0,0,36.6567
8.76,3.8502,-1.5208,-2,0,0,34.8918
8.78,3.6429,-1.6597,-2,0,0,32.7679
8.8,3.3955,-1.8115,-2,0,0,30.2969
8.82,3.1074,-1.9705,-2,0,0,27.495
8.84,2.7787,-2.1304,-2,0,0,24.3828
8.86,2.4106,-2.2843,-2,0,0,20.9867
8.88,2.006,-2.4249,-2,0,0,17.3391
8.9,1.5687,-2.5454,-2,0,0,13.4779
8.92,1.1048,-2.6395,-2,0,0,9.447
8.94,0.6211,-2.702,-2,0,0,5.295
8.96,0.1262,-2.7296,-2,0,0,1.0744
8.98,-0.3711,-2.7205,-2,0,0,356.8398
9,-0.8615,-2.6754,-2,0,0,352.6463
9.02,-1.3364,-2.5968,-2,0,0,348.5476
9.04,-1.788,-2.4889,-2,0,0,344.5945
9.059999,-2.2098,-2.3577,-2,0,0,340.8335
9.08,-2.5969,-2.2096,-2,0,0,337.3054
9.099999,-2.9457,-2.0519,-2,0,0,334.0457
9.12,-3.2546,-1.8916,-2,0,0,331.0835
9.139999,-3.5226,-1.7354,-2,0,0,328.4425
9.16,-3.7501,-1.5893,-2,0,0,326.1408
9.179999,-3.9379,-1.4586,-2,0,0,324.1927
9.2,-4.0874,-1.3476,-2,0,0,322.6081
9.22,-4.1997,-1.2598,-2,0,0,321.3942
9.24,-4.2762,-1.1978,-2,0,0,320.5558
9.26,-4.3178,-1.1633,-2,0,0,320.0959
9.28,-4.325,-1.1573,-2,0,0,320.016
9.3,-4.2979,-1.1799,-2,0,0,320.3163
9.32,-4.2362,-1.2305,-2,0,0,320.9958
9.34,-4.139,-1.3077,-2,0,0,322.0523
9.36,-4.0053,-1.4093,-2,0,0,323.4817
9.38,-3.8338,-1.5322,-2,0,0,325.2781
9.4,-3.6231,-1.6724,-2,0,0,327.4326
9.42,-3.3722,-1.8251,-2,0,0,329.9329
9.44,-3.0805,-1.9845,-2,0,0,332.7627
9.46,-2.7483,-2.1441,-2,0,0,335.9005
9.48,-2.377,-2.2971,-2,0,0,339.3198
9.5,-1.9693,-2.4362,-2,0,0,342.9874
9.52,-1.5295,-2.5547,-2,0,0,346.8652
9.54,-1.0635,-2.6462,-2,0,0,350.9085
9.559999,-0.5786,-2.7059,-2,0,0,355.0687
9.58,-0.0831,-2.7303,-2,0,0,359.2927
9.599999,0.4139,-2.718,-2,0,0,3.5259
9.62,0.9034,-2.6699,-2,0,0,7.7133
9.639999,1.3766,-2.5885,-2,0,0,11.8013
9.66,1.8258,-2.4784,-2,0,0,15.7395
9.679999,2.2448,-2.3454,-2,0,0,19.4819
9.7,2.6286,-2.1963,-2,0,0,22.988
9.719999,2.9741,-2.038,-2,0,0,26.2229
9.74,3.2794,-1.8778,-2,0,0,29.1582
9.76,3.5439,-1.7223,-2,0,0,31.7706
9.78,3.7679,-1.5773,-2,0,0,34.042
9.8,3.9524,-1.4481,-2,0,0,35.9591
9.82,4.0985,-1.339,-2,0,0,37.5118
9.84,4.2078,-1.2534,-2,0,0,38.6934
9.86,4.2812,-1.1937,-2,0,0,39.499
9.88,4.3198,-1.1616,-2,0,0,39.9261
9.9,4.324,-1.1581,-2,0,0,39.9731
9.92,4.294,-1.1832,-2,0,0,39.6399
9.94,4.2292,-1.2361,-2,0,0,38.9276
9.96,4.1289,-1.3156,-2,0,0,37.8386
9.98,3.992,-1.4192,-2,0,0,36.3771
10,3.8171,-1.5437,-2,0,0,34.5493
10.02,3.603,-1.6852,-2,0,0,32.3643
10.04,3.3486,-1.8387,-2,0,0,29.8348
10.06,3.0533,-1.9984,-2,0,0,26.9773
10.08,2.7177,-2.1577,-2,0,0,23.814
10.1,2.3431,-2.3098,-2,0,0,20.3719
10.12,1.9324,-2.4474,-2,0,0,16.6843
10.14,1.4901,-2.5638,-2,0,0,12.7905
10.16,1.0222,-2.6527,-2,0,0,8.7349
10.18,0.536,-2.7094,-2,0,0,4.5673
10.2,0.04,-2.7307,-2,0,0,0.3402
10.22,-0.4568,-2.7153,-2,0,0,356.1089
10.24,-0.9451,-2.6641,-2,0,0,351.9279
10.26,-1.4165,-2.58,-2,0,0,347.851
10.28,-1.8634,-2.4677,-2,0,0,343.928
10.3,-2.2795,-2.333,-2,0,0,340.2045
10.32,-2.6601,-2.1828,-2,0,0,336.7207
10.34,-3.0022,-2.0241,-2,0,0,333.5105
10.36,-3.3039,-1.8641,-2,0,0,330.6024
10.38,-3.5649,-1.7092,-2,0,0,328.019
10.4,-3.7854,-1.5654,-2,0,0,325.7778
10.42,-3.9665,-1.4378,-2,0,0,323.8919
10.44,-4.1094,-1.3306,-2,0,0,322.3711
10.46,-4.2155,-1.2472,-2,0,0,321.222
10.48,-4.2859,-1.1898,-2,0,0,320.449
10.5,-4.3215,-1.1602,-2,0,0,320.0548
10.52,-4.3228,-1.1591,-2,0,0,320.0408
10.54,-4.2897,-1.1867,-2,0,0,320.4069
10.56,-4.2219,-1.242,-2,0,0,321.1519
10.58,-4.1185,-1.3236,-2,0,0,322.2733
10.6,-3.9784,-1.4292,-2,0,0,323.7669
10.62,-3.8001,-1.5554,-2,0,0,325.626
10.64,-3.5826,-1.6981,-2,0,0,327.8414
10.66,-3.3246,-1.8524,-2,0,0,330.4001
10.68,-3.0258,-2.0123,-2,0,0,333.2849
10.7,-2.6867,-2.1713,-2,0,0,336.4736
10.72,-2.3089,-2.3224,-2,0,0,339.9383
10.74,-1.8953,-2.4584,-2,0,0,343.6454
10.76,-1.4505,-2.5726,-2,0,0,347.5551
10.78,-0.9807,-2.6589,-2,0,0,351.6224
10.8,-0.4933,-2.7127,-2,0,0,355.7974
10.82,0.0032,-2.7308,-2,0,0,0.0269
10.84,0.4995,-2.7122,-2,0,0,4.2562
10.86,0.9867,-2.658,-2,0,0,8.43
10.88,1.4563,-2.5713,-2,0,0,12.4957
10.9,1.9007,-2.4568,-2,0,0,16.403
10.92,2.3139,-2.3205,-2,0,0,20.1073
10.94,2.6913,-2.1693,-2,0,0,23.5686
10.96,3.0299,-2.0102,-2,0,0,26.7537
10.98,3.3281,-1.8504,-2,0,0,29.6345
11,3.5856,-1.6962,-2,0,0,32.1889
11.02,3.8027,-1.5537,-2,0,0,34.3999
11.04,3.9804,-1.4277,-2,0,0,36.2544
11.06,4.1201,-1.3224,-2,0,0,37.7433
11.08,4.223,-1.2411,-2,0,0,38.8599
11.1,4.2904,-1.1861,-2,0,0,39.6002
11.12,4.323,-1.159,-2,0,0,39.9614
11.14,4.3213,-1.1604,-2,0,0,39.9426
11.16,4.2852,-1.1904,-2,0,0,39.5436
11.18,4.2144,-1.2481,-2,0,0,38.7658
11.2,4.1079,-1.3319,-2,0,0,37.6119
11.22,3.9645,-1.4393,-2,0,0,36.0865
11.24,3.7829,-1.5672,-2,0,0,34.196
11.26,3.5618,-1.7111,-2,0,0,31.9504
11.28,3.3003,-1.8661,-2,0,0,29.3626
11.3,2.9981,-2.0262,-2,0,0,26.4506
11.32,2.6555,-2.1848,-2,0,0,23.2368
11.34,2.2744,-2.3349,-2,0,0,19.7496
11.36,1.8579,-2.4693,-2,0,0,16.0234
11.38,1.4107,-2.5813,-2,0,0,12.0981
11.4,0.939,-2.6649,-2,0,0,8.0195
11.42,0.4505,-2.7157,-2,0,0,3.8376
11.44,-0.0463,-2.7306,-2,0,0,359.606
11.46,-0.5422,-2.7089,-2,0,0,355.3794
11.48,-1.0282,-2.6518,-2,0,0,351.2128
11.5,-1.4959,-2.5624,-2,0,0,347.159
11.52,-1.9378,-2.4458,-2,0,0,343.2674
11.54,-2.3481,-2.3079,-2,0,0,339.5828
11.56,-2.7222,-2.1557,-2,0,0,336.144
11.58,-3.0573,-1.9963,-2,0,0,332.9844
11.6,-3.352,-1.8367,-2,0,0,330.131
11.62,-3.606,-1.6833,-2,0,0,327.6058
11.64,-3.8196,-1.542,-2,0,0,325.4252
11.66,-3.994,-1.4177,-2,0,0,323.6021
11.68,-4.1304,-1.3144,-2,0,0,322.1452
11.7,-4.2302,-1.2353,-2,0,0,321.061
11.72,-4.2946,-1.1827,-2,0,0,320.3535
11.74,-4.3242,-1.158,-2,0,0,320.0251
11.76,-4.3195,-1.1619,-2,0,0,320.077
11.78,-4.2805,-1.1943,-2,0,0,320.5089
11.8,-4.2066,-1.2543,-2,0,0,321.3193
11.82,-4.0969,-1.3403,-2,0,0,322.5056
11.84,-3.9503,-1.4497,-2,0,0,324.063
11.86,-3.7653,-1.579,-2,0,0,325.9846
11.88,-3.5408,-1.7242,-2,0,0,328.2605
11.9,-3.2758,-1.8798,-2,0,0,330.877
11.92,-2.97,-2.0401,-2,0,0,333.8163
11.94,-2.624,-2.1982,-2,0,0,337.0549
11.96,-2.2397,-2.3472,-2,0,0,340.5642
11.98,-1.8203,-2.48,-2,0,0,344.3093
12,-1.3707,-2.5897,-2,0,0,348.2498
12.02,-0.8973,-2.6707,-2,0,0,352.3393
12.04,-0.4077,-2.7184,-2,0,0,356.5277
12.06,0.0894,-2.7302,-2,0,0,0.7612
12.08,0.5848,-2.7053,-2,0,0,4.9847
12.1,1.0696,-2.6452,-2,0,0,9.1436
12.12,1.5353,-2.5533,-2,0,0,13.1851
12.14,1.9747,-2.4346,-2,0,0,17.0605
12.16,2.3819,-2.2952,-2,0,0,20.7253
12.18,2.7528,-2.1421,-2,0,0,24.1411
12.2,3.0845,-1.9824,-2,0,0,27.2752
12.22,3.3756,-1.8231,-2,0,0,30.1009
12.24,3.626,-1.6705,-2,0,0,32.597
12.26,3.8362,-1.5305,-2,0,0,34.7469
12.28,4.0073,-1.4079,-2,0,0,36.5387
12.3,4.1405,-1.3066,-2,0,0,37.9635
12.32,4.2372,-1.2297,-2,0,0,39.0152
12.34,4.2985,-1.1794,-2,0,0,39.69
12.36,4.3251,-1.1572,-2,0,0,39.9854
12.38,4.3175,-1.1636,-2,0,0,39.9006
12.4,4.2755,-1.1984,-2,0,0,39.4359
12.42,4.1985,-1.2608,-2,0,0,38.5927
12.44,4.0857,-1.3489,-2,0,0,37.3741
12.46,3.9358,-1.4601,-2,0,0,35.7849
12.48,3.7474,-1.5911,-2,0,0,33.8321
12.5,3.5194,-1.7373,-2,0,0,31.5261
12.52,3.2509,-1.8936,-2,0,0,28.8809
12.54,2.9416,-2.054,-2,0,0,25.9148
12.56,2.5922,-2.2116,-2,0,0,22.6513
12.58,2.2047,-2.3595,-2,0,0,19.1202
12.6,1.7825,-2.4905,-2,0,0,15.3565
12.62,1.3305,-2.598,-2,0,0,11.4011
12.64,0.8554,-2.6762,-2,0,0,7.3009
12.66,0.3648,-2.7209,-2,0,0,3.1067
12.68,-0.1325,-2.7295,-2,0,0,358.872
12.7,-0.6274,-2.7015,-2,0,0,354.6516
12.72,-1.1108,-2.6385,-2,0,0,350.501
12.74,-1.5745,-2.544,-2,0,0,346.472
12.76,-2.0113,-2.4232,-2,0,0,342.613
12.78,-2.4156,-2.2824,-2,0,0,338.9684
12.8,-2.7831,-2.1284,-2,0,0,335.5759
12.82,-3.1113,-1.9685,-2,0,0,332.4676
12.84,-3.399,-1.8095,-2,0,0,329.6695
12.86,-3.6458,-1.6578,-2,0,0,327.2029
12.88,-3.8526,-1.5191,-2,0,0,325.0836
12.9,-4.0203,-1.3982,-2,0,0,323.3233
12.92,-4.1503,-1.2989,-2,0,0,321.9305
12.94,-4.2439,-1.2242,-2,0,0,320.9114
12.96,-4.3022,-1.1764,-2,0,0,320.2694
12.98,-4.3258,-1.1566,-2,0,0,320.0069
13,-4.3152,-1.1655,-2,0,0,320.1246
13.02,-4.2702,-1.2027,-2,0,0,320.6222
13.04,-4.1902,-1.2674,-2,0,0,321.498
13.06,-4.0742,-1.3576,-2,0,0,322.749
13.08,-3.921,-1.4707,-2,0,0,324.3701
13.1,-3.7293,-1.6032,-2,0,0,326.3538
13.12,-3.4978,-1.7506,-2,0,0,328.6899
13.14,-3.2257,-1.9075,-2,0,0,331.3638
13.16,-2.9129,-2.0678,-2,0,0,334.3566
13.18,-2.5601,-2.2249,-2,0,0,337.6443
13.2,-2.1694,-2.3716,-2,0,0,341.1973
13.22,-1.7444,-2.5008,-2,0,0,344.9793
13.24,-1.2902,-2.606,-2,0,0,348.9489
13.26,-0.8134,-2.6814,-2,0,0,353.0592
13.28,-0.3218,-2.7231,-2,0,0,357.2595
13.3,0.1756,-2.7285,-2,0,0,1.4951
13.32,0.6698,-2.6974,-2,0,0,5.7112
13.34,1.1519,-2.6315,-2,0,0,9.8537
13.36,1.6135,-2.5345,-2,0,0,13.8698
13.38,2.0477,-2.4117,-2,0,0,17.7116
13.4,2.4489,-2.2695,-2,0,0,21.3358
13.42,2.8131,-2.1147,-2,0,0,24.7051
13.44,3.1378,-1.9546,-2,0,0,27.7875
13.46,3.4219,-1.796,-2,0,0,30.5574
13.48,3.6653,-1.6452,-2,0,0,32.9947
13.5,3.8686,-1.5079,-2,0,0,35.0833
13.52,4.033,-1.3887,-2,0,0,36.812
13.54,4.1598,-1.2914,-2,0,0,38.1725
13.56,4.2503,-1.219,-2,0,0,39.1592
13.58,4.3056,-1.1735,-2,0,0,39.7683
13.6,4.3263,-1.1562,-2,0,0,39.9979
13.62,4.3127,-1.1676,-2,0,0,39.8473
13.64,4.2647,-1.2073,-2,0,0,39.3169
13.66,4.1816,-1.2742,-2,0,0,38.4084
13.68,4.0624,-1.3666,-2,0,0,37.1252
13.7,3.9059,-1.4815,-2,0,0,35.4723
13.72,3.7108,-1.6154,-2,0,0,33.4576
13.74,3.4758,-1.7638,-2,0,0,31.0917
13.76,3.2002,-1.9213,-2,0,0,28.3895
13.78,2.8839,-2.0817,-2,0,0,25.3698
13.8,2.5277,-2.2381,-2,0,0,22.0579
13.82,2.1339,-2.3836,-2,0,0,18.4838
13.84,1.7061,-2.5109,-2,0,0,14.6835
13.86,1.2497,-2.6137,-2,0,0,10.6998
13.88,0.7712,-2.6864,-2,0,0,6.5797
13.9,0.2789,-2.725,-2,0,0,2.3745
13.92,-0.2187,-2.7272,-2,0,0,358.1381
13.94,-0.7122,-2.693,-2,0,0,353.9262
13.96,-1.1927,-2.6242,-2,0,0,349.7929
13.98,-1.6522,-2.5248,-2,0,0,345.7901
14,-2.0838,-2.4001,-2,0,0,341.9652
14.02,-2.4819,-2.2565,-2,0,0,338.3617
14.04,-2.8428,-2.101,-2,0,0,335.0163
14.06,-3.1641,-1.9407,-2,0,0,331.9598
14.08,-3.4446,-1.7825,-2,0,0,329.218
14.1,-3.6845,-1.6327,-2,0,0,326.8105
14.12,-3.8844,-1.4968,-2,0,0,324.7527
14.14,-4.0455,-1.3793,-2,0,0,323.0554
14.16,-4.1691,-1.2841,-2,0,0,321.7271
14.18,-4.2565,-1.214,-2,0,0,320.7731
14.2,-4.3087,-1.1709,-2,0,0,320.1967
14.22,-4.3265,-1.1561,-2,0,0,320.0001
14.24,-4.3099,-1.1699,-2,0,0,320.1836
14.26,-4.2589,-1.212,-2,0,0,320.7469
14.28,-4.1727,-1.2813,-2,0,0,321.688
14.3,-4.0504,-1.3757,-2,0,0,323.0035
14.32,-3.8906,-1.4924,-2,0,0,324.688
14.34,-3.6921,-1.6278,-2,0,0,326.7336
14.36,-3.4536,-1.7772,-2,0,0,329.1294
14.38,-3.1744,-1.9352,-2,0,0,331.86
14.4,-2.8546,-2.0955,-2,0,0,334.9057
14.42,-2.495,-2.2513,-2,0,0,338.2419
14.44,-2.0981,-2.3954,-2,0,0,341.8371
14.46,-1.6676,-2.5209,-2,0,0,345.6547
14.48,-1.209,-2.6213,-2,0,0,349.6522
14.5,-0.729,-2.6912,-2,0,0,353.7821
14.52,-0.2358,-2.7266,-2,0,0,357.9922
14.54,0.2617,-2.7257,-2,0,0,2.2283
14.56,0.7545,-2.6884,-2,0,0,6.4358
14.58,1.2335,-2.6168,-2,0,0,10.5598
14.6,1.6908,-2.5149,-2,0,0,14.549
14.62,2.1197,-2.3883,-2,0,0,18.3561
14.64,2.5147,-2.2433,-2,0,0,21.9389
14.66,2.8722,-2.0872,-2,0,0,25.2604
14.68,3.19,-1.9268,-2,0,0,28.2903
14.7,3.467,-1.7691,-2,0,0,31.0041
14.72,3.7034,-1.6203,-2,0,0,33.3818
14.74,3.8999,-1.4858,-2,0,0,35.4088
14.76,4.0576,-1.3702,-2,0,0,37.0743
14.78,4.1781,-1.277,-2,0,0,38.3704
14.8,4.2624,-1.2091,-2,0,0,39.2918
14.82,4.3116,-1.1685,-2,0,0,39.8353
14.84,4.3264,-1.1561,-2,0,0,39.9991
14.86,4.3069,-1.1724,-2,0,0,39.7826
14.88,4.2528,-1.217,-2,0,0,39.1865
14.9,4.1636,-1.2885,-2,0,0,38.2129
14.92,4.038,-1.385,-2,0,0,36.8651
14.94,3.8749,-1.5035,-2,0,0,35.149
14.96,3.673,-1.6403,-2,0,0,33.0725
14.98,3.431,-1.7906,-2,0,0,30.6472
15,3.1483,-1.9491,-2,0,0,27.8883
15.02,2.825,-2.1092,-2,0,0,24.8163
15.04,2.4621,-2.2643,-2,0,0,21.4566
15.06,2.0621,-2.4071,-2,0,0,17.8403
15.08,1.6289,-2.5307,-2,0,0,14.0054
15.1,1.1681,-2.6286,-2,0,0,9.9945
15.12,0.6867,-2.6956,-2,0,0,5.8558
15.14,0.1928,-2.728,-2,0,0,1.641
15.16,-0.3047,-2.7239,-2,0,0,357.4052
15.18,-0.7966,-2.6835,-2,0,0,353.2031
15.2,-1.2741,-2.6091,-2,0,0,349.0888
15.22,-1.7292,-2.5049,-2,0,0,345.1133
15.24,-2.1553,-2.3764,-2,0,0,341.3241
15.26,-2.5472,-2.2302,-2,0,0,337.7628
15.28,-2.9014,-2.0733,-2,0,0,334.4651
15.3,-3.2156,-1.913,-2,0,0,331.4617
15.32,-3.4891,-1.7558,-2,0,0,328.7766
15.34,-3.7219,-1.6081,-2,0,0,326.4287
15.36,-3.915,-1.475,-2,0,0,324.4324
15.38,-4.0695,-1.3612,-2,0,0,322.7987
15.4,-4.1868,-1.2701,-2,0,0,321.5349
15.42,-4.268,-1.2045,-2,0,0,320.6461
15.44,-4.3143,-1.1663,-2,0,0,320.1354
15.46,-4.326,-1.1564,-2,0,0,320.0046
15.48,-4.3036,-1.1752,-2,0,0,320.254
15.5,-4.2465,-1.2221,-2,0,0,320.883
15.52,-4.1541,-1.2959,-2,0,0,321.8892
15.54,-4.0254,-1.3944,-2,0,0,323.269
15.56,-3.859,-1.5146,-2,0,0,325.0167
15.58,-3.6536,-1.6528,-2,0,0,327.124
15.6,-3.4081,-1.8041,-2,0,0,329.5789
15.62,-3.1219,-1.963,-2,0,0,332.3656
15.64,-2.7951,-2.123,-2,0,0,335.4638
15.66,-2.4289,-2.2773,-2,0,0,338.8471
15.68,-2.0258,-2.4187,-2,0,0,342.4836
15.7,-1.59,-2.5403,-2,0,0,346.3356
15.72,-1.1271,-2.6357,-2,0,0,350.3598
15.74,-0.6443,-2.6999,-2,0,0,354.5071
15.76,-0.1497,-2.7291,-2,0,0,358.7256
15.78,0.3477,-2.7218,-2,0,0,2.9611
15.8,0.8387,-2.6783,-2,0,0,7.1576
15.82,1.3145,-2.6012,-2,0,0,11.2619
15.84,1.7673,-2.4946,-2,0,0,15.2228
15.86,2.1907,-2.3643,-2,0,0,18.9941
15.88,2.5794,-2.2169,-2,0,0,22.5339
15.9,2.9302,-2.0595,-2,0,0,25.8069
15.92,3.2409,-1.8991,-2,0,0,28.7836
15.94,3.5109,-1.7426,-2,0,0,31.4405
15.96,3.7402,-1.5959,-2,0,0,33.7584
15.98,3.9299,-1.4643,-2,0,0,35.7235
16,4.0811,-1.3523,-2,0,0,37.3254
16.02,4.1952,-1.2634,-2,0,0,38.5569
16.04,4.2734,-1.2001,-2,0,0,39.4131
16.06,4.3166,-1.1643,-2,0,0,39.8909
16.08,4.3254,-1.1569,-2,0,0,39.9888
16.1,4.3,-1.1782,-2,0,0,39.7065
16.12,4.2399,-1.2275,-2,0,0,39.0448
16.14,4.1444,-1.3035,-2,0,0,38.0061
16.16,4.0125,-1.404,-2,0,0,36.5941
16.18,3.8428,-1.526,-2,0,0,34.8149
16.2,3.634,-1.6655,-2,0,0,32.677
16.22,3.385,-1.8177,-2,0,0,30.1927
16.24,3.0952,-1.9769,-2,0,0,27.3782
16.26,2.7649,-2.1367,-2,0,0,24.2541
16.28,2.3954,-2.2901,-2,0,0,20.8476
16.3,1.9893,-2.4301,-2,0,0,17.1909
16.32,1.5509,-2.5496,-2,0,0,13.3222
16.34,1.086,-2.6426,-2,0,0,9.2853
16.36,0.6018,-2.7038,-2,0,0,5.1297
16.38,0.1066,-2.7299,-2,0,0,0.9076
16.4,-0.3906,-2.7194,-2,0,0,356.6733
16.42,-0.8806,-2.6729,-2,0,0,352.4826
16.44,-1.3547,-2.593,-2,0,0,348.3889
16.46,-1.8052,-2.4842,-2,0,0,344.4426
16.48,-2.2258,-2.3521,-2,0,0,340.6898
16.5,-2.6113,-2.2036,-2,0,0,337.1718
16.52,-2.9587,-2.0456,-2,0,0,333.9233
16.54,-3.2659,-1.8853,-2,0,0,330.9734
16.56,-3.5323,-1.7294,-2,0,0,328.3452
16.58,-3.7582,-1.5838,-2,0,0,326.0574
16.6,-3.9445,-1.4538,-2,0,0,324.1234
16.62,-4.0925,-1.3437,-2,0,0,322.5532
16.64,-4.2034,-1.2569,-2,0,0,321.354
16.66,-4.2785,-1.1959,-2,0,0,320.5305
16.68,-4.3187,-1.1625,-2,0,0,320.0856
16.7,-4.3246,-1.1576,-2,0,0,320.0206
16.72,-4.2962,-1.1813,-2,0,0,320.3358
16.74,-4.233,-1.233,-2,0,0,321.0303
16.76,-4.1345,-1.3113,-2,0,0,322.1016
16.78,-3.9993,-1.4138,-2,0,0,323.5456
16.8,-3.8263,-1.5374,-2,0,0,325.3563
16.82,-3.614,-1.6782,-2,0,0,327.5246
16.84,-3.3615,-1.8313,-2,0,0,330.0383
16.86,-3.0682,-1.9908,-2,0,0,332.8806
16.88,-2.7344,-2.1503,-2,0,0,336.0301
16.9,-2.3616,-2.3029,-2,0,0,339.4596
16.92,-1.9525,-2.4413,-2,0,0,343.1366
16.94,-1.5116,-2.5588,-2,0,0,347.0216
16.96,-1.0447,-2.6492,-2,0,0,351.0705
16.98,-0.5592,-2.7075,-2,0,0,355.2343
17,-0.0635,-2.7305,-2,0,0,359.4596
17.02,0.4334,-2.7168,-2,0,0,3.692
17.04,0.9224,-2.6673,-2,0,0,7.8764
17.06,1.3948,-2.5847,-2,0,0,11.9596
17.08,1.8429,-2.4736,-2,0,0,15.8909
17.1,2.2606,-2.3398,-2,0,0,19.6246
17.12,2.643,-2.1901,-2,0,0,23.1208
17.14,2.9869,-2.0317,-2,0,0,26.3445
17.16,3.2906,-1.8716,-2,0,0,29.2673
17.18,3.5535,-1.7163,-2,0,0,31.8665
17.2,3.7759,-1.5719,-2,0,0,34.1244
17.22,3.9588,-1.4434,-2,0,0,36.0272
17.24,4.1035,-1.3352,-2,0,0,37.5654
17.26,4.2113,-1.2505,-2,0,0,38.7322
17.28,4.2834,-1.1919,-2,0,0,39.523
17.3,4.3206,-1.161,-2,0,0,39.9351
17.32,4.3235,-1.1586,-2,0,0,39.9671
17.34,4.2921,-1.1847,-2,0,0,39.619
17.36,4.2259,-1.2388,-2,0,0,38.8918
17.38,4.1242,-1.3192,-2,0,0,37.7881
17.4,3.9858,-1.4237,-2,0,0,36.312
17.42,3.8094,-1.549,-2,0,0,34.4699
17.44,3.5937,-1.6911,-2,0,0,32.2711
17.46,3.3377,-1.8449,-2,0,0,29.7283
17.48,3.0409,-2.0047,-2,0,0,26.8583
17.5,2.7036,-2.1639,-2,0,0,23.6834
17.52,2.3276,-2.3155,-2,0,0,20.2311
17.54,1.9156,-2.4524,-2,0,0,16.5347
17.56,1.4721,-2.5678,-2,0,0,12.6334
17.58,1.0033,-2.6556,-2,0,0,8.5726
17.6,0.5166,-2.7109,-2,0,0,4.4016
17.62,0.0204,-2.7307,-2,0,0,0.1735
17.64,-0.4762,-2.7139,-2,0,0,355.9428
17.66,-0.9641,-2.6614,-2,0,0,351.7651
17.68,-1.4346,-2.5761,-2,0,0,347.6934
17.7,-1.8804,-2.4628,-2,0,0,343.7772
17.72,-2.2952,-2.3274,-2,0,0,340.0625
17.74,-2.6743,-2.1767,-2,0,0,336.5889
17.76,-3.0148,-2.0178,-2,0,0,333.3902
17.78,-3.315,-1.8578,-2,0,0,330.4944
17.8,-3.5743,-1.7033,-2,0,0,327.9241
17.82,-3.7933,-1.5601,-2,0,0,325.6967
17.84,-3.9729,-1.4332,-2,0,0,323.825
17.86,-4.1143,-1.3269,-2,0,0,322.3187
17.88,-4.219,-1.2444,-2,0,0,321.1844
17.9,-4.288,-1.1881,-2,0,0,320.4263
17.92,-4.3222,-1.1596,-2,0,0,320.0471
17.94,-4.3221,-1.1597,-2,0,0,320.048
17.96,-4.2877,-1.1883,-2,0,0,320.429
17.98,-4.2185,-1.2447,-2,0,0,321.1889
18,-4.1137,-1.3274,-2,0,0,322.3252
18.02,-3.9721,-1.4338,-2,0,0,323.8332
18.04,-3.7923,-1.5607,-2,0,0,325.7065
18.06,-3.5732,-1.704,-2,0,0,327.9358
18.08,-3.3136,-1.8586,-2,0,0,330.5077
18.1,-3.0133,-2.0186,-2,0,0,333.4049
18.12,-2.6726,-2.1774,-2,0,0,336.6049
18.14,-2.2932,-2.3281,-2,0,0,340.08
18.16,-1.8783,-2.4634,-2,0,0,343.7958
18.18,-1.4324,-2.5766,-2,0,0,347.7126
18.2,-0.9617,-2.6617,-2,0,0,351.7852
18.22,-0.4738,-2.7141,-2,0,0,355.9633
18.24,0.0228,-2.7307,-2,0,0,0.1938
18.26,0.5189,-2.7107,-2,0,0,4.4218
18.28,1.0056,-2.6552,-2,0,0,8.5927
18.3,1.4743,-2.5673,-2,0,0,12.6528
18.32,1.9176,-2.4518,-2,0,0,16.553
18.34,2.3295,-2.3148,-2,0,0,20.2485
18.36,2.7054,-2.1631,-2,0,0,23.6996
18.38,3.0424,-2.0039,-2,0,0,26.873
18.4,3.339,-1.8442,-2,0,0,29.7413
18.42,3.5949,-1.6904,-2,0,0,32.2827
18.44,3.8104,-1.5484,-2,0,0,34.4797
18.46,3.9866,-1.4231,-2,0,0,36.32
18.48,4.1248,-1.3188,-2,0,0,37.7943
18.5,4.2263,-1.2385,-2,0,0,38.8962
18.52,4.2923,-1.1845,-2,0,0,39.6216
18.54,4.3236,-1.1585,-2,0,0,39.9679
18.56,4.3205,-1.161,-2,0,0,39.934
18.58,4.2831,-1.1921,-2,0,0,39.5201
18.6,4.2109,-1.2509,-2,0,0,38.7275
18.62,4.1029,-1.3357,-2,0,0,37.5589
18.64,3.958,-1.444,-2,0,0,36.0188
18.66,3.7749,-1.5725,-2,0,0,34.1142
18.68,3.5523,-1.717,-2,0,0,31.8549
18.7,3.2892,-1.8723,-2,0,0,29.2539
18.72,2.9853,-2.0325,-2,0,0,26.3295
18.74,2.6412,-2.1909,-2,0,0,23.1044
18.76,2.2586,-2.3405,-2,0,0,19.6072
18.78,1.8408,-2.4742,-2,0,0,15.8722
18.8,1.3925,-2.5851,-2,0,0,11.9401
18.82,0.92,-2.6676,-2,0,0,7.8565
18.84,0.431,-2.717,-2,0,0,3.6717
18.86,-0.0659,-2.7304,-2,0,0,359.439
18.88,-0.5616,-2.7073,-2,0,0,355.2138
18.9,-1.047,-2.6488,-2,0,0,351.0508
18.92,-1.5138,-2.5583,-2,0,0,347.0022
18.94,-1.9546,-2.4407,-2,0,0,343.1181
18.96,-2.3635,-2.3022,-2,0,0,339.4425
18.98,-2.7361,-2.1495,-2,0,0,336.0143
19,-3.0697,-1.99,-2,0,0,332.866
19.02,-3.3628,-1.8305,-2,0,0,330.0253
19.04,-3.6151,-1.6775,-2,0,0,327.5133
19.06,-3.8272,-1.5368,-2,0,0,325.3466
19.08,-4.0001,-1.4132,-2,0,0,323.5377
19.1,-4.135,-1.3108,-2,0,0,322.0955
19.12,-4.2334,-1.2327,-2,0,0,321.026
19.14,-4.2964,-1.1812,-2,0,0,320.3334
19.16,-4.3247,-1.1576,-2,0,0,320.02
19.18,-4.3186,-1.1626,-2,0,0,320.0868
19.2,-4.2783,-1.1961,-2,0,0,320.5336
19.22,-4.203,-1.2572,-2,0,0,321.359
19.24,-4.0918,-1.3442,-2,0,0,322.5599
19.26,-3.9437,-1.4544,-2,0,0,324.1318
19.28,-3.7572,-1.5845,-2,0,0,326.0677
19.3,-3.5311,-1.7301,-2,0,0,328.3572
19.32,-3.2645,-1.8861,-2,0,0,330.9868
19.34,-2.9571,-2.0464,-2,0,0,333.9382
19.36,-2.6095,-2.2043,-2,0,0,337.1883
19.38,-2.2238,-2.3528,-2,0,0,340.7075
19.4,-1.8031,-2.4848,-2,0,0,344.4611
19.42,-1.3524,-2.5935,-2,0,0,348.4085
19.44,-0.8782,-2.6732,-2,0,0,352.5029
19.46,-0.3882,-2.7196,-2,0,0,356.6939
19.48,0.109,-2.7299,-2,0,0,0.9279
19.5,0.6042,-2.7036,-2,0,0,5.1502
19.52,1.0883,-2.6422,-2,0,0,9.3053
19.54,1.5531,-2.5491,-2,0,0,13.3412
19.56,1.9913,-2.4294,-2,0,0,17.2089
19.58,2.3973,-2.2894,-2,0,0,20.8649
19.6,2.7666,-2.1359,-2,0,0,24.27
19.62,3.0967,-1.9761,-2,0,0,27.3924
19.64,3.3863,-1.8169,-2,0,0,30.2057
19.66,3.6351,-1.6648,-2,0,0,32.6883
19.68,3.8437,-1.5253,-2,0,0,34.8243
19.7,4.0132,-1.4035,-2,0,0,36.6018
19.72,4.145,-1.303,-2,0,0,38.012
19.74,4.2403,-1.2272,-2,0,0,39.0489
19.76,4.3002,-1.178,-2,0,0,39.7088
19.78,4.3255,-1.1569,-2,0,0,39.9893
19.8,4.3165,-1.1644,-2,0,0,39.8895
19.82,4.2731,-1.2004,-2,0,0,39.4099
19.84,4.1948,-1.2638,-2,0,0,38.5519
19.86,4.0805,-1.3528,-2,0,0,37.3185
19.88,3.9291,-1.4649,-2,0,0,35.7148
19.9,3.7392,-1.5966,-2,0,0,33.7479
19.92,3.5096,-1.7433,-2,0,0,31.4283
19.94,3.2395,-1.8999,-2,0,0,28.7699
19.96,2.9286,-2.0603,-2,0,0,25.7916
19.98,2.5776,-2.2176,-2,0,0,22.5172
20,2.1887,-2.365,-2,0,0,18.976
20.02,1.7652,-2.4952,-2,0,0,15.2039
20.04,1.3122,-2.6016,-2,0,0,11.2422
20.06,0.8363,-2.6786,-2,0,0,7.1374
20.08,0.3452,-2.7219,-2,0,0,2.9402
20.1,-0.1521,-2.7291,-2,0,0,358.705
20.12,-0.6467,-2.6996,-2,0,0,354.4867
20.14,-1.1295,-2.6353,-2,0,0,350.3395
20.16,-1.5922,-2.5397,-2,0,0,346.3163
20.18,-2.0279,-2.418,-2,0,0,342.4653
20.2,-2.4307,-2.2765,-2,0,0,338.83
20.22,-2.7968,-2.1222,-2,0,0,335.4478
20.24,-3.1234,-1.9622,-2,0,0,332.3513
20.26,-3.4094,-1.8034,-2,0,0,329.5661
20.28,-3.6547,-1.6521,-2,0,0,327.1129
20.3,-3.8599,-1.514,-2,0,0,325.0073
20.32,-4.0261,-1.3939,-2,0,0,323.2614
20.34,-4.1547,-1.2955,-2,0,0,321.8834
20.36,-4.2469,-1.2218,-2,0,0,320.8789
20.38,-4.3037,-1.175,-2,0,0,320.2519
20.4,-4.3261,-1.1564,-2,0,0,320.0043
20.42,-4.3141,-1.1664,-2,0,0,320.137
20.44,-4.2677,-1.2048,-2,0,0,320.6496
20.46,-4.1863,-1.2705,-2,0,0,321.5402
20.48,-4.0689,-1.3617,-2,0,0,322.8058
20.5,-3.9142,-1.4756,-2,0,0,324.4414
20.52,-3.7209,-1.6088,-2,0,0,326.4393
20.54,-3.4878,-1.7566,-2,0,0,328.7888
20.56,-3.2142,-1.9137,-2,0,0,331.4756
20.58,-2.8997,-2.0741,-2,0,0,334.4808
20.6,-2.5454,-2.2309,-2,0,0,337.7795
20.62,-2.1533,-2.377,-2,0,0,341.342
20.64,-1.727,-2.5054,-2,0,0,345.1322
20.66,-1.2718,-2.6095,-2,0,0,349.1086
20.68,-0.7942,-2.6837,-2,0,0,353.2234
20.7,-0.3023,-2.724,-2,0,0,357.4258
20.72,0.1952,-2.7279,-2,0,0,1.662
20.74,0.6891,-2.6954,-2,0,0,5.8762
20.76,1.1705,-2.6282,-2,0,0,10.0144
20.78,1.6311,-2.5301,-2,0,0,14.0245
20.8,2.0641,-2.4064,-2,0,0,17.8588
20.82,2.464,-2.2636,-2,0,0,21.4736
20.84,2.8266,-2.1085,-2,0,0,24.832
20.86,3.1498,-1.9483,-2,0,0,27.9027
20.88,3.4323,-1.7899,-2,0,0,30.6599
20.9,3.6741,-1.6395,-2,0,0,33.0835
20.92,3.8758,-1.5028,-2,0,0,35.1582
20.94,4.0387,-1.3844,-2,0,0,36.8727
20.96,4.1641,-1.2881,-2,0,0,38.2185
20.98,4.2532,-1.2167,-2,0,0,39.1903
21,4.307,-1.1723,-2,0,0,39.7846
21.02,4.3264,-1.1561,-2,0,0,39.9992
21.04,4.3115,-1.1686,-2,0,0,39.8336
21.06,4.2621,-1.2094,-2,0,0,39.2883
21.08,4.1776,-1.2774,-2,0,0,38.3649
21.1,4.057,-1.3707,-2,0,0,37.067
21.12,3.899,-1.4865,-2,0,0,35.3998
21.14,3.7023,-1.621,-2,0,0,33.371
21.16,3.4657,-1.7699,-2,0,0,30.9915
21.18,3.1885,-1.9276,-2,0,0,28.2763
21.2,2.8706,-2.0879,-2,0,0,25.2449
21.22,2.5129,-2.2441,-2,0,0,21.9218
21.24,2.1177,-2.389,-2,0,0,18.338
21.26,1.6887,-2.5155,-2,0,0,14.53
21.28,1.2312,-2.6172,-2,0,0,10.54
21.3,0.752,-2.6886,-2,0,0,6.4152
21.32,0.2593,-2.7258,-2,0,0,2.2077
21.34,-0.2382,-2.7266,-2,0,0,357.9715
21.36,-0.7314,-2.6909,-2,0,0,353.7614
21.38,-1.2113,-2.6209,-2,0,0,349.6324
21.4,-1.6698,-2.5204,-2,0,0,345.6357
21.42,-2.1001,-2.3947,-2,0,0,341.819
21.44,-2.4969,-2.2505,-2,0,0,338.2247
21.46,-2.8562,-2.0947,-2,0,0,334.8902
21.48,-3.1759,-1.9344,-2,0,0,331.8459
21.5,-3.4548,-1.7765,-2,0,0,329.1169
21.52,-3.6931,-1.6271,-2,0,0,326.7227
21.54,-3.8915,-1.4918,-2,0,0,324.6789
21.56,-4.051,-1.3752,-2,0,0,322.9962
21.58,-4.1732,-1.2809,-2,0,0,321.6824
21.6,-4.2592,-1.2118,-2,0,0,320.7432
21.62,-4.3101,-1.1698,-2,0,0,320.1818
21.64,-4.3264,-1.1561,-2,0,0,320.0001
21.66,-4.3086,-1.171,-2,0,0,320.1986
21.68,-4.2562,-1.2143,-2,0,0,320.7768
21.7,-4.1686,-1.2845,-2,0,0,321.7327
21.72,-4.0448,-1.3799,-2,0,0,323.0629
21.74,-3.8835,-1.4974,-2,0,0,324.7618
21.76,-3.6834,-1.6334,-2,0,0,326.8214
21.78,-3.4434,-1.7833,-2,0,0,329.2306
21.8,-3.1626,-1.9415,-2,0,0,331.9742
21.82,-2.8411,-2.1017,-2,0,0,335.0319
21.84,-2.4801,-2.2572,-2,0,0,338.3787
21.86,-2.0818,-2.4007,-2,0,0,341.9833
21.88,-1.6501,-2.5254,-2,0,0,345.8092
21.9,-1.1904,-2.6247,-2,0,0,349.8128
21.92,-0.7098,-2.6932,-2,0,0,353.9466
21.94,-0.2162,-2.7273,-2,0,0,358.159
21.96,0.2813,-2.7249,-2,0,0,2.3951
21.98,0.7736,-2.6862,-2,0,0,6.6
22,1.2519,-2.6133,-2,0,0,10.7196
22.02,1.7083,-2.5104,-2,0,0,14.7028
22.04,2.1359,-2.3829,-2,0,0,18.5018
22.06,2.5295,-2.2374,-2,0,0,22.0747
22.08,2.8855,-2.0809,-2,0,0,25.3855
22.1,3.2017,-1.9205,-2,0,0,28.4034
22.12,3.4771,-1.7631,-2,0,0,31.1041
22.14,3.7118,-1.6148,-2,0,0,33.4682
22.16,3.9068,-1.4809,-2,0,0,35.4814
22.18,4.0631,-1.3661,-2,0,0,37.1324
22.2,4.1821,-1.2739,-2,0,0,38.4138
22.22,4.265,-1.207,-2,0,0,39.3204
22.24,4.3129,-1.1675,-2,0,0,39.849
22.26,4.3263,-1.1562,-2,0,0,39.9978
22.28,4.3054,-1.1737,-2,0,0,39.7663
22.3,4.25,-1.2193,-2,0,0,39.1553
22.32,4.1593,-1.2918,-2,0,0,38.1668
22.34,4.0323,-1.3892,-2,0,0,36.8045
22.36,3.8677,-1.5085,-2,0,0,35.074
22.38,3.6642,-1.646,-2,0,0,32.9835
22.4,3.4206,-1.7968,-2,0,0,30.5447
22.42,3.1364,-1.9554,-2,0,0,27.7732
22.44,2.8114,-2.1155,-2,0,0,24.6891
22.46,2.447,-2.2702,-2,0,0,21.3187
22.48,2.0456,-2.4124,-2,0,0,17.6933
22.5,1.6113,-2.5351,-2,0,0,13.8506
22.52,1.1495,-2.6319,-2,0,0,9.8335
22.54,0.6674,-2.6976,-2,0,0,5.6908
22.56,0.1732,-2.7285,-2,0,0,1.4744
22.58,-0.3242,-2.723,-2,0,0,357.2389
22.6,-0.8157,-2.6812,-2,0,0,353.0389
22.62,-1.2925,-2.6055,-2,0,0,348.9292
22.64,-1.7465,-2.5002,-2,0,0,344.9604
22.66,-2.1714,-2.3709,-2,0,0,341.1791
22.68,-2.5619,-2.2241,-2,0,0,337.6276
22.7,-2.9145,-2.067,-2,0,0,334.3412
22.72,-3.2271,-1.9067,-2,0,0,331.3499
22.74,-3.499,-1.7498,-2,0,0,328.6775
22.76,-3.7303,-1.6025,-2,0,0,326.3433
22.78,-3.9218,-1.4701,-2,0,0,324.3613
22.8,-4.0749,-1.3571,-2,0,0,322.7419
22.82,-4.1907,-1.267,-2,0,0,321.4928
22.84,-4.2705,-1.2025,-2,0,0,320.6188
22.86,-4.3154,-1.1654,-2,0,0,320.1231
22.88,-4.3258,-1.1566,-2,0,0,320.0073
22.9,-4.302,-1.1765,-2,0,0,320.2717
22.92,-4.2435,-1.2245,-2,0,0,320.9154
22.94,-4.1498,-1.2993,-2,0,0,321.9364
22.96,-4.0196,-1.3987,-2,0,0,323.331
22.98,-3.8517,-1.5198,-2,0,0,325.093
23,-3.6447,-1.6586,-2,0,0,327.2141
23.02,-3.3976,-1.8103,-2,0,0,329.6825
23.04,-3.1098,-1.9693,-2,0,0,332.482
23.06,-2.7814,-2.1292,-2,0,0,335.5917
23.08,-2.4137,-2.2831,-2,0,0,338.9856
23.1,-2.0092,-2.4239,-2,0,0,342.6316
23.12,-1.5723,-2.5446,-2,0,0,346.4912
23.14,-1.1085,-2.6389,-2,0,0,350.5209
23.16,-0.625,-2.7017,-2,0,0,354.6724
23.18,-0.1301,-2.7295,-2,0,0,358.8926
23.2,0.3672,-2.7207,-2,0,0,3.1272
23.22,0.8577,-2.6759,-2,0,0,7.3212
23.24,1.3328,-2.5975,-2,0,0,11.421
23.26,1.7846,-2.4899,-2,0,0,15.3753
23.28,2.2066,-2.3588,-2,0,0,19.138
23.3,2.594,-2.2108,-2,0,0,22.6679
23.32,2.9432,-2.0532,-2,0,0,25.93
23.34,3.2523,-1.8929,-2,0,0,28.8945
23.36,3.5206,-1.7366,-2,0,0,31.5382
23.38,3.7485,-1.5904,-2,0,0,33.8426
23.4,3.9366,-1.4595,-2,0,0,35.7935
23.42,4.0863,-1.3484,-2,0,0,37.381
23.44,4.199,-1.2604,-2,0,0,38.5978
23.46,4.2758,-1.1982,-2,0,0,39.4391
23.48,4.3176,-1.1635,-2,0,0,39.902
23.5,4.3251,-1.1572,-2,0,0,39.9849
23.52,4.2983,-1.1796,-2,0,0,39.6876
23.54,4.2368,-1.23,-2,0,0,39.011
23.56,4.1399,-1.307,-2,0,0,37.9574
23.58,4.0065,-1.4084,-2,0,0,36.5309
23.6,3.8353,-1.5312,-2,0,0,34.7373
23.62,3.6249,-1.6713,-2,0,0,32.5856
23.64,3.3743,-1.8238,-2,0,0,30.0879
23.66,3.0829,-1.9832,-2,0,0,27.2605
23.68,2.7511,-2.1429,-2,0,0,24.125
23.7,2.38,-2.2959,-2,0,0,20.708
23.72,1.9726,-2.4352,-2,0,0,17.0421
23.74,1.5331,-2.5539,-2,0,0,13.1657
23.76,1.0672,-2.6456,-2,0,0,9.1234
23.78,0.5824,-2.7055,-2,0,0,4.9642
23.8,0.087,-2.7302,-2,0,0,0.7406
23.82,-0.4101,-2.7183,-2,0,0,356.507
23.84,-0.8996,-2.6704,-2,0,0,352.3191
23.86,-1.3729,-2.5893,-2,0,0,348.2302
23.88,-1.8224,-2.4794,-2,0,0,344.2904
23.9,-2.2416,-2.3465,-2,0,0,340.5464
23.92,-2.6258,-2.1975,-2,0,0,337.0384
23.94,-2.9715,-2.0393,-2,0,0,333.8012
23.96,-3.2772,-1.8791,-2,0,0,330.8634
23.98,-3.542,-1.7234,-2,0,0,328.2485
24,-3.7663,-1.5784,-2,0,0,325.9744
24.02,-3.9511,-1.4491,-2,0,0,324.0544
24.04,-4.0975,-1.3398,-2,0,0,322.4988
24.06,-4.207,-1.254,-2,0,0,321.3144
24.08,-4.2808,-1.1941,-2,0,0,320.5058
24.1,-4.3196,-1.1618,-2,0,0,320.0758
24.12,-4.3241,-1.158,-2,0,0,320.0258
24.14,-4.2943,-1.1829,-2,0,0,320.356
24.16,-4.2298,-1.2356,-2,0,0,321.0654
24.18,-4.1298,-1.3149,-2,0,0,322.1515
24.2,-3.9932,-1.4183,-2,0,0,323.6101
24.22,-3.8186,-1.5427,-2,0,0,325.435
24.24,-3.6048,-1.6841,-2,0,0,327.6174
24.26,-3.3507,-1.8375,-2,0,0,330.1443
24.28,-3.0558,-1.9971,-2,0,0,332.9991
24.3,-2.7205,-2.1565,-2,0,0,336.1601
24.32,-2.3461,-2.3086,-2,0,0,339.6003
24.34,-1.9357,-2.4464,-2,0,0,343.286
24.36,-1.4937,-2.5629,-2,0,0,347.1784
24.38,-1.0259,-2.6521,-2,0,0,351.2331
24.4,-0.5398,-2.7091,-2,0,0,355.4
24.42,-0.0439,-2.7306,-2,0,0,359.6266
24.44,0.4529,-2.7155,-2,0,0,3.8582
24.46,0.9414,-2.6646,-2,0,0,8.0399
24.48,1.4129,-2.5808,-2,0,0,12.1178
24.5,1.86,-2.4687,-2,0,0,16.0421
24.52,2.2763,-2.3342,-2,0,0,19.7672
24.54,2.6573,-2.184,-2,0,0,23.2532
24.56,2.9996,-2.0254,-2,0,0,26.4656
24.58,3.3017,-1.8653,-2,0,0,29.376
24.6,3.563,-1.7104,-2,0,0,31.9623
24.62,3.7839,-1.5665,-2,0,0,34.2062
24.64,3.9652,-1.4388,-2,0,0,36.0948
24.66,4.1085,-1.3314,-2,0,0,37.6185
24.68,4.2148,-1.2477,-2,0,0,38.7706
24.7,4.2855,-1.1902,-2,0,0,39.5465
24.72,4.3214,-1.1603,-2,0,0,39.9436
24.74,4.3229,-1.159,-2,0,0,39.9606
24.76,4.2901,-1.1863,-2,0,0,39.5975
24.78,4.2226,-1.2415,-2,0,0,38.8554
24.8,4.1195,-1.3229,-2,0,0,37.7369
24.82,3.9796,-1.4283,-2,0,0,36.2462
24.84,3.8017,-1.5543,-2,0,0,34.3899
24.86,3.5844,-1.697,-2,0,0,32.1773
24.88,3.3268,-1.8511,-2,0,0,29.6213
24.9,3.0284,-2.011,-2,0,0,26.739
24.92,2.6895,-2.1701,-2,0,0,23.5522
24.94,2.3119,-2.3212,-2,0,0,20.0895
24.96,1.8986,-2.4574,-2,0,0,16.3843
24.98,1.4541,-2.5718,-2,0,0,12.476
25,0.9844,-2.6584,-2,0,0,8.4099
25.02,0.4971,-2.7124,-2,0,0,4.2357
25.04,0.0008,-2.7308,-2,0,0,0.0064
25.06,-0.4956,-2.7125,-2,0,0,355.7771
25.08,-0.983,-2.6586,-2,0,0,351.602
25.1,-1.4527,-2.5721,-2,0,0,347.5354
25.12,-1.8974,-2.4578,-2,0,0,343.6267
25.14,-2.3108,-2.3217,-2,0,0,339.9208
25.16,-2.6885,-2.1705,-2,0,0,336.4574
25.18,-3.0274,-2.0115,-2,0,0,333.2702
25.2,-3.3259,-1.8516,-2,0,0,330.387
25.22,-3.5837,-1.6974,-2,0,0,327.8296
25.24,-3.8011,-1.5547,-2,0,0,325.616
25.26,-3.9792,-1.4286,-2,0,0,323.7586
25.28,-4.1191,-1.3232,-2,0,0,322.2669
25.3,-4.2223,-1.2417,-2,0,0,321.1473
25.32,-4.29,-1.1865,-2,0,0,320.4042
25.34,-4.3229,-1.1591,-2,0,0,320.0399
25.36,-4.3214,-1.1603,-2,0,0,320.0558
25.38,-4.2857,-1.19,-2,0,0,320.4519
25.4,-4.2151,-1.2475,-2,0,0,321.2267
25.42,-4.1088,-1.3311,-2,0,0,322.3776
25.44,-3.9657,-1.4384,-2,0,0,323.9002
25.46,-3.7844,-1.5661,-2,0,0,325.7877
25.48,-3.5637,-1.7099,-2,0,0,328.0306
25.5,-3.3025,-1.8649,-2,0,0,330.6161
25.52,-3.0006,-2.0249,-2,0,0,333.5257
25.54,-2.6583,-2.1836,-2,0,0,336.7371
25.56,-2.2775,-2.3337,-2,0,0,340.2222
25.58,-1.8613,-2.4683,-2,0,0,343.9467
25.6,-1.4143,-2.5805,-2,0,0,347.8704
25.62,-0.9428,-2.6644,-2,0,0,351.9479
25.64,-0.4543,-2.7154,-2,0,0,356.1297
25.66,0.0424,-2.7306,-2,0,0,0.3612
25.68,0.5384,-2.7092,-2,0,0,4.5879
25.7,1.0245,-2.6523,-2,0,0,8.7551
25.72,1.4923,-2.5632,-2,0,0,12.8099
25.74,1.9345,-2.4468,-2,0,0,16.7028
25.76,2.345,-2.3091,-2,0,0,20.3892
25.78,2.7194,-2.157,-2,0,0,23.8299
25.8,3.0549,-1.9976,-2,0,0,26.9923
25.82,3.3499,-1.8379,-2,0,0,29.848
25.84,3.6041,-1.6845,-2,0,0,32.3759
25.86,3.8181,-1.5431,-2,0,0,34.5591
25.88,3.9928,-1.4186,-2,0,0,36.3851
25.9,4.1295,-1.3151,-2,0,0,37.8448
25.92,4.2296,-1.2358,-2,0,0,38.9319
25.94,4.2942,-1.183,-2,0,0,39.6425
25.96,4.3241,-1.1581,-2,0,0,39.9738
25.98,4.3197,-1.1617,-2,0,0,39.9249
26,4.2809,-1.1939,-2,0,0,39.496
26.02,4.2073,-1.2537,-2,0,0,38.6885
26.04,4.0979,-1.3395,-2,0,0,37.5052
26.06,3.9516,-1.4487,-2,0,0,35.9507
26.08,3.7669,-1.578,-2,0,0,34.0317
26.1,3.5427,-1.723,-2,0,0,31.7585
26.12,3.278,-1.8786,-2,0,0,29.1446
26.14,2.9725,-2.0388,-2,0,0,26.2079
26.16,2.6268,-2.197,-2,0,0,22.9715
26.18,2.2428,-2.3461,-2,0,0,19.4643
26.2,1.8237,-2.479,-2,0,0,15.7209
26.22,1.3743,-2.589,-2,0,0,11.7814
26.24,0.901,-2.6702,-2,0,0,7.6928
26.26,0.4115,-2.7182,-2,0,0,3.5051
26.28,-0.0855,-2.7302,-2,0,0,359.2719
26.3,-0.581,-2.7056,-2,0,0,355.0482
26.32,-1.0658,-2.6458,-2,0,0,350.8887
26.34,-1.5317,-2.5542,-2,0,0,346.846
26.36,-1.9714,-2.4356,-2,0,0,342.9688
26.38,-2.3789,-2.2963,-2,0,0,339.3022
26.4,-2.75,-2.1433,-2,0,0,335.8844
26.42,-3.082,-1.9837,-2,0,0,332.748
26.44,-3.3735,-1.8243,-2,0,0,329.9199
26.46,-3.6242,-1.6717,-2,0,0,327.4213
26.48,-3.8347,-1.5316,-2,0,0,325.2686
26.5,-4.0061,-1.4087,-2,0,0,323.4737
26.52,-4.1396,-1.3073,-2,0,0,322.0461
26.54,-4.2366,-1.2302,-2,0,0,320.9915
26.56,-4.2981,-1.1797,-2,0,0,320.3138
26.58,-4.3251,-1.1572,-2,0,0,320.0154
26.6,-4.3177,-1.1634,-2,0,0,320.0972
26.62,-4.2759,-1.198,-2,0,0,320.559
26.64,-4.1993,-1.2602,-2,0,0,321.3991
26.66,-4.0867,-1.3481,-2,0,0,322.615
26.68,-3.9371,-1.4592,-2,0,0,324.2014
26.7,-3.7491,-1.59,-2,0,0,326.1513
26.72,-3.5214,-1.7361,-2,0,0,328.4545
26.74,-3.2532,-1.8924,-2,0,0,331.0972
26.76,-2.9442,-2.0527,-2,0,0,334.0608
26.78,-2.5951,-2.2104,-2,0,0,337.3219
26.8,-2.2078,-2.3584,-2,0,0,340.8515
26.82,-1.7859,-2.4895,-2,0,0,344.6136
26.84,-1.3341,-2.5972,-2,0,0,348.5674
26.86,-0.8591,-2.6757,-2,0,0,352.6666
26.88,-0.3686,-2.7207,-2,0,0,356.8603
26.9,0.1286,-2.7295,-2,0,0,1.0949
26.92,0.6235,-2.7018,-2,0,0,5.3152
26.94,1.1071,-2.6391,-2,0,0,9.4673
26.96,1.571,-2.5449,-2,0,0,13.4974
26.98,2.008,-2.4243,-2,0,0,17.3576
27,2.4125,-2.2835,-2,0,0,21.004
27.02,2.7804,-2.1297,-2,0,0,24.3987
27.04,3.1089,-1.9698,-2,0,0,27.5093
27.06,3.3968,-1.8107,-2,0,0,30.3097
27.08,3.6441,-1.659,-2,0,0,32.7793
27.1,3.8511,-1.5202,-2,0,0,34.9014
27.12,4.0191,-1.3991,-2,0,0,36.6645
27.14,4.1494,-1.2996,-2,0,0,38.06
27.16,4.2433,-1.2247,-2,0,0,39.0821
27.18,4.3018,-1.1766,-2,0,0,39.727
27.2,4.3258,-1.1566,-2,0,0,39.9925
27.22,4.3154,-1.1653,-2,0,0,39.8778
27.24,4.2707,-1.2023,-2,0,0,39.3831
27.26,4.1909,-1.2668,-2,0,0,38.5103
27.28,4.0752,-1.3568,-2,0,0,37.2622
27.3,3.9223,-1.4698,-2,0,0,35.644
27.32,3.7309,-1.6021,-2,0,0,33.6631
27.34,3.4998,-1.7493,-2,0,0,31.3299
27.36,3.228,-1.9062,-2,0,0,28.6586
27.38,2.9154,-2.0666,-2,0,0,25.6678
27.4,2.563,-2.2237,-2,0,0,22.3822
27.42,2.1726,-2.3705,-2,0,0,18.8314
27.44,1.7478,-2.4999,-2,0,0,15.0511
27.46,1.2938,-2.6052,-2,0,0,11.0828
27.48,0.8172,-2.681,-2,0,0,6.9734
27.5,0.3257,-2.7229,-2,0,0,2.7739
27.52,-0.1718,-2.7286,-2,0,0,358.5377
27.54,-0.666,-2.6977,-2,0,0,354.3212
27.56,-1.1482,-2.6321,-2,0,0,350.1783
27.58,-1.61,-2.5354,-2,0,0,346.161
27.6,-2.0444,-2.4128,-2,0,0,342.3177
27.62,-2.4459,-2.2706,-2,0,0,338.6916
27.64,-2.8104,-2.116,-2,0,0,335.3204
27.66,-3.1355,-1.9558,-2,0,0,332.2352
27.68,-3.4199,-1.7972,-2,0,0,329.4628
27.7,-3.6636,-1.6464,-2,0,0,327.0231
27.72,-3.8672,-1.5089,-2,0,0,324.9316
27.74,-4.0319,-1.3895,-2,0,0,323.2001
27.76,-4.159,-1.2921,-2,0,0,321.8367
27.78,-4.2498,-1.2195,-2,0,0,320.8471
27.8,-4.3053,-1.1738,-2,0,0,320.2349
27.82,-4.3262,-1.1562,-2,0,0,320.0024
27.84,-4.3129,-1.1674,-2,0,0,320.1501
27.86,-4.2652,-1.2069,-2,0,0,320.6775
27.88,-4.1824,-1.2736,-2,0,0,321.583
27.9,-4.0635,-1.3658,-2,0,0,322.8633
27.92,-3.9073,-1.4805,-2,0,0,324.5132
27.94,-3.7125,-1.6143,-2,0,0,326.5255
27.96,-3.4778,-1.7626,-2,0,0,328.8886
27.98,-3.2025,-1.9201,-2,0,0,331.5884
28,-2.8865,-2.0804,-2,0,0,334.6054
28.02,-2.5306,-2.2369,-2,0,0,337.9152
28.04,-2.1371,-2.3825,-2,0,0,341.4873
28.06,-1.7096,-2.51,-2,0,0,345.2857
28.08,-1.2534,-2.613,-2,0,0,349.2681
28.1,-0.775,-2.686,-2,0,0,353.388
28.12,-0.2827,-2.7248,-2,0,0,357.5928
28.14,0.2148,-2.7273,-2,0,0,1.8289
28.16,0.7084,-2.6934,-2,0,0,6.0411
28.18,1.1891,-2.6249,-2,0,0,10.1752
28.2,1.6487,-2.5257,-2,0,0,14.1793
28.22,2.0805,-2.4011,-2,0,0,18.0054
28.24,2.479,-2.2576,-2,0,0,21.6113
28.26,2.8402,-2.1022,-2,0,0,24.9589
28.28,3.1617,-1.942,-2,0,0,28.0175
28.3,3.4426,-1.7838,-2,0,0,30.7618
28.32,3.6828,-1.6339,-2,0,0,33.172
28.34,3.883,-1.4978,-2,0,0,35.2327
28.36,4.0444,-1.3802,-2,0,0,36.9326
28.38,4.1683,-1.2848,-2,0,0,38.264
28.4,4.256,-1.2144,-2,0,0,39.221
28.42,4.3085,-1.1711,-2,0,0,39.8002
28.44,4.3264,-1.1561,-2,0,0,39.9999
28.46,4.3102,-1.1697,-2,0,0,39.8193
28.48,4.2594,-1.2116,-2,0,0,39.259
28.5,4.1735,-1.2806,-2,0,0,38.3209
28.52,4.0514,-1.3749,-2,0,0,37.0082
28.54,3.892,-1.4914,-2,0,0,35.3265
28.56,3.6937,-1.6267,-2,0,0,33.2836
28.58,3.4556,-1.776,-2,0,0,30.8907
28.6,3.1768,-1.9339,-2,0,0,28.1627
28.62,2.8572,-2.0942,-2,0,0,25.1192
28.64,2.498,-2.2501,-2,0,0,21.7855
28.66,2.1013,-2.3943,-2,0,0,18.1916
28.68,1.6711,-2.52,-2,0,0,14.3756
28.7,1.2126,-2.6206,-2,0,0,10.3793
28.72,0.7328,-2.6908,-2,0,0,6.2506
28.74,0.2397,-2.7265,-2,0,0,2.0409
28.76,-0.2578,-2.7258,-2,0,0,357.8047
28.78,-0.7506,-2.6888,-2,0,0,353.5971
28.8,-1.2299,-2.6175,-2,0,0,349.4717
28.82,-1.6874,-2.5158,-2,0,0,345.4812
28.84,-2.1165,-2.3894,-2,0,0,341.6726
28.86,-2.5118,-2.2445,-2,0,0,338.0882
28.88,-2.8696,-2.0884,-2,0,0,334.7645
28.9,-3.1877,-1.9281,-2,0,0,331.7322
28.92,-3.465,-1.7704,-2,0,0,329.0161
28.94,-3.7017,-1.6215,-2,0,0,326.6356
28.96,-3.8985,-1.4868,-2,0,0,324.6055
28.98,-4.0566,-1.371,-2,0,0,322.9372
29,-4.1773,-1.2777,-2,0,0,321.6383
29.02,-4.2619,-1.2096,-2,0,0,320.7139
29.04,-4.3114,-1.1687,-2,0,0,320.1674
29.06,-4.3264,-1.1561,-2,0,0,320.0007
29.08,-4.3071,-1.1722,-2,0,0,320.2142
29.1,-4.2534,-1.2165,-2,0,0,320.8074
29.12,-4.1644,-1.2878,-2,0,0,321.7782
29.14,-4.0391,-1.3841,-2,0,0,323.1229
29.16,-3.8764,-1.5025,-2,0,0,324.8362
29.18,-3.6747,-1.6391,-2,0,0,326.9099
29.2,-3.4331,-1.7894,-2,0,0,329.3325
29.22,-3.1507,-1.9478,-2,0,0,332.0887
29.24,-2.8276,-2.108,-2,0,0,335.1588
29.26,-2.465,-2.2631,-2,0,0,338.5164
29.28,-2.0653,-2.4061,-2,0,0,342.1305
29.3,-1.6324,-2.5298,-2,0,0,345.9639
29.32,-1.1718,-2.628,-2,0,0,349.9736
29.34,-0.6905,-2.6953,-2,0,0,354.1115
29.36,-0.1967,-2.7279,-2,0,0,358.3256
29.38,0.3009,-2.724,-2,0,0,2.5621
29.4,0.7928,-2.6839,-2,0,0,6.7646
29.42,1.2704,-2.6098,-2,0,0,10.8798
29.44,1.7257,-2.5058,-2,0,0,14.8563
29.46,2.1521,-2.3774,-2,0,0,18.6472
29.48,2.5443,-2.2314,-2,0,0,22.2104
29.5,2.8987,-2.0746,-2,0,0,25.5099
29.52,3.2133,-1.9142,-2,0,0,28.5162
29.54,3.4871,-1.757,-2,0,0,31.2039
29.56,3.7203,-1.6092,-2,0,0,33.5545
29.58,3.9137,-1.476,-2,0,0,35.5534
29.6,4.0685,-1.362,-2,0,0,37.1899
29.62,4.186,-1.2707,-2,0,0,38.4566
29.64,4.2675,-1.2049,-2,0,0,39.3484
29.66,4.314,-1.1665,-2,0,0,39.862
29.68,4.3261,-1.1564,-2,0,0,39.9958
29.7,4.3039,-1.1749,-2,0,0,39.7494
29.72,4.2471,-1.2217,-2,0,0,39.1234
29.74,4.155,-1.2952,-2,0,0,38.1201
29.76,4.0265,-1.3935,-2,0,0,36.7432
29.78,3.8605,-1.5136,-2,0,0,34.9984
29.8,3.6554,-1.6517,-2,0,0,32.894
29.82,3.4102,-1.8029,-2,0,0,30.4414
29.84,3.1243,-1.9617,-2,0,0,27.6572
29.86,2.7978,-2.1217,-2,0,0,24.5615
29.88,2.4319,-2.2761,-2,0,0,21.1804
29.9,2.0291,-2.4176,-2,0,0,17.5457
29.92,1.5936,-2.5394,-2,0,0,13.6953
29.94,1.1309,-2.6351,-2,0,0,9.6725
29.96,0.6481,-2.6995,-2,0,0,5.5253
29.98,0.1535,-2.729,-2,0,0,1.3072
30,-0.3438,-2.722,-2,0,0,357.072
30.02,-0.8349,-2.6788,-2,0,0,352.8749
30.04,-1.3108,-2.6019,-2,0,0,348.7697
30.06,-1.7639,-2.4955,-2,0,0,344.8075
30.08,-2.1875,-2.3654,-2,0,0,341.0348
30.1,-2.5766,-2.2181,-2,0,0,337.4926
30.12,-2.9276,-2.0607,-2,0,0,334.2173
30.14,-3.2386,-1.9004,-2,0,0,331.2382
30.16,-3.5089,-1.7438,-2,0,0,328.579
30.18,-3.7386,-1.597,-2,0,0,326.2584
30.2,-3.9286,-1.4653,-2,0,0,324.2905
30.22,-4.0801,-1.3531,-2,0,0,322.6857
30.24,-4.1945,-1.264,-2,0,0,321.4511
30.26,-4.2729,-1.2005,-2,0,0,320.5921
30.28,-4.3164,-1.1645,-2,0,0,320.1113
30.3,-4.3255,-1.1569,-2,0,0,320.0105
30.32,-4.3003,-1.1779,-2,0,0,320.2899
30.34,-4.2405,-1.227,-2,0,0,320.9485
30.36,-4.1453,-1.3028,-2,0,0,321.9844
30.38,-4.0137,-1.4031,-2,0,0,323.3934
30.4,-3.8442,-1.525,-2,0,0,325.17
30.42,-3.6357,-1.6643,-2,0,0,327.3051
30.44,-3.3871,-1.8165,-2,0,0,329.7867
30.46,-3.0976,-1.9756,-2,0,0,332.5988
30.48,-2.7676,-2.1354,-2,0,0,335.7203
30.5,-2.3984,-2.289,-2,0,0,339.1247
30.52,-1.9926,-2.4291,-2,0,0,342.7797
30.54,-1.5544,-2.5488,-2,0,0,346.6474
30.56,-1.0897,-2.642,-2,0,0,350.6829
30.58,-0.6056,-2.7035,-2,0,0,354.8378
30.6,-0.1105,-2.7299,-2,0,0,359.0596
30.62,0.3867,-2.7197,-2,0,0,3.2937
30.64,0.8768,-2.6734,-2,0,0,7.4849
30.66,1.3511,-2.5938,-2,0,0,11.5797
30.68,1.8019,-2.4851,-2,0,0,15.5278
30.7,2.2226,-2.3532,-2,0,0,19.282
30.72,2.6085,-2.2048,-2,0,0,22.802
30.74,2.9561,-2.0469,-2,0,0,26.0526
30.76,3.2637,-1.8866,-2,0,0,29.005
30.78,3.5304,-1.7306,-2,0,0,31.6355
30.8,3.7566,-1.5849,-2,0,0,33.9261
30.82,3.9432,-1.4547,-2,0,0,35.8632
30.84,4.0915,-1.3444,-2,0,0,37.4361
30.86,4.2027,-1.2574,-2,0,0,38.6381
30.88,4.2781,-1.1963,-2,0,0,39.4645
30.9,4.3186,-1.1627,-2,0,0,39.9124
30.92,4.3247,-1.1576,-2,0,0,39.9804
30.94,4.2965,-1.181,-2,0,0,39.6681
30.96,4.2337,-1.2325,-2,0,0,38.9765
30.98,4.1354,-1.3106,-2,0,0,37.9082
31,4.0005,-1.4129,-2,0,0,36.467
31.02,3.8277,-1.5364,-2,0,0,34.6592
31.04,3.6158,-1.6771,-2,0,0,32.4936
31.06,3.3636,-1.83,-2,0,0,29.9826
31.08,3.0706,-1.9895,-2,0,0,27.1428
31.1,2.7372,-2.1491,-2,0,0,23.9957
31.12,2.3646,-2.3017,-2,0,0,20.5677
31.14,1.9558,-2.4403,-2,0,0,16.8928
31.16,1.5151,-2.558,-2,0,0,13.0092
31.18,1.0484,-2.6486,-2,0,0,8.9614
31.2,0.5631,-2.7072,-2,0,0,4.7986
31.22,0.0674,-2.7304,-2,0,0,0.5735
31.24,-0.4295,-2.717,-2,0,0,356.341
31.26,-0.9187,-2.6678,-2,0,0,352.1554
31.28,-1.3912,-2.5854,-2,0,0,348.0715
31.3,-1.8396,-2.4745,-2,0,0,344.1389
31.32,-2.2575,-2.3409,-2,0,0,340.4034
31.34,-2.6401,-2.1914,-2,0,0,336.9055
31.36,-2.9844,-2.033,-2,0,0,333.6796
31.38,-3.2884,-1.8728,-2,0,0,330.7543
31.4,-3.5516,-1.7175,-2,0,0,328.1521
31.42,-3.7743,-1.5729,-2,0,0,325.8918
31.44,-3.9576,-1.4444,-2,0,0,323.9861
31.46,-4.1025,-1.3359,-2,0,0,322.4451
31.48,-4.2106,-1.2511,-2,0,0,321.2754
31.5,-4.283,-1.1923,-2,0,0,320.4817
31.52,-4.3205,-1.1611,-2,0,0,320.0667
31.54,-4.3236,-1.1585,-2,0,0,320.0317
31.56,-4.2924,-1.1844,-2,0,0,320.3769
31.58,-4.2266,-1.2383,-2,0,0,321.1011
31.6,-4.1252,-1.3185,-2,0,0,322.2019
31.62,-3.9871,-1.4228,-2,0,0,323.6751
31.64,-3.811,-1.548,-2,0,0,325.5143
31.66,-3.5956,-1.6899,-2,0,0,327.7104
31.68,-3.3398,-1.8437,-2,0,0,330.2509
31.7,-3.0433,-2.0035,-2,0,0,333.1183
31.72,-2.7064,-2.1627,-2,0,0,336.2909
31.74,-2.3306,-2.3144,-2,0,0,339.7412
31.76,-1.9189,-2.4514,-2,0,0,343.4358
31.78,-1.4757,-2.567,-2,0,0,347.3354
31.8,-1.007,-2.655,-2,0,0,351.3952
31.82,-0.5203,-2.7106,-2,0,0,355.5662
31.84,-0.0242,-2.7307,-2,0,0,359.794
31.86,0.4724,-2.7142,-2,0,0,4.0246
31.88,0.9603,-2.6619,-2,0,0,8.2029
31.9,1.4311,-2.5769,-2,0,0,12.2757
31.92,1.877,-2.4637,-2,0,0,16.1929
31.94,2.292,-2.3285,-2,0,0,19.9093
31.96,2.6715,-2.1779,-2,0,0,23.385
31.98,3.0123,-2.0191,-2,0,0,26.5864
32,3.3128,-1.8591,-2,0,0,29.4845
32.02,3.5725,-1.7044,-2,0,0,32.0573
32.04,3.7917,-1.5611,-2,0,0,34.2874
32.06,3.9716,-1.4341,-2,0,0,36.1618
32.08,4.1133,-1.3276,-2,0,0,37.6709
32.1,4.2183,-1.2449,-2,0,0,38.8082
32.12,4.2876,-1.1884,-2,0,0,39.5693
32.14,4.3221,-1.1597,-2,0,0,39.9514
32.16,4.3223,-1.1596,-2,0,0,39.9535
32.18,4.2881,-1.188,-2,0,0,39.5754
32.2,4.2192,-1.2442,-2,0,0,38.8184
32.22,4.1147,-1.3266,-2,0,0,37.6852
32.24,3.9733,-1.4329,-2,0,0,36.18
32.26,3.7939,-1.5597,-2,0,0,34.3092
32.28,3.575,-1.7029,-2,0,0,32.0828
32.3,3.3158,-1.8574,-2,0,0,29.5135
32.32,3.0157,-2.0174,-2,0,0,26.6188
32.34,2.6754,-2.1762,-2,0,0,23.421
32.36,2.2963,-2.3269,-2,0,0,19.9481
32.38,1.8817,-2.4624,-2,0,0,16.2341
32.4,1.4359,-2.5758,-2,0,0,12.3181
32.42,0.9654,-2.6612,-2,0,0,8.2468
32.44,0.4776,-2.7138,-2,0,0,4.0693
32.46,-0.0189,-2.7307,-2,0,0,359.839
32.48,-0.5151,-2.711,-2,0,0,355.6108
32.5,-1.0019,-2.6558,-2,0,0,351.4396
32.52,-1.4708,-2.5681,-2,0,0,347.3784
32.54,-1.9143,-2.4528,-2,0,0,343.4762
32.56,-2.3264,-2.3159,-2,0,0,339.7792
32.58,-2.7026,-2.1643,-2,0,0,336.3261
32.6,-3.04,-2.0052,-2,0,0,333.1504
32.62,-3.3369,-1.8454,-2,0,0,330.2797
32.64,-3.593,-1.6915,-2,0,0,327.7359
32.66,-3.8089,-1.5494,-2,0,0,325.5361
32.68,-3.9854,-1.424,-2,0,0,323.693
32.7,-4.1239,-1.3195,-2,0,0,322.2156
32.72,-4.2257,-1.239,-2,0,0,321.1108
32.74,-4.2919,-1.1848,-2,0,0,320.3826
32.76,-4.3235,-1.1586,-2,0,0,320.0333
32.78,-4.3207,-1.1609,-2,0,0,320.0642
32.8,-4.2835,-1.1918,-2,0,0,320.4752
32.82,-4.2116,-1.2503,-2,0,0,321.2649
32.84,-4.1039,-1.3349,-2,0,0,322.4307
32.86,-3.9593,-1.4431,-2,0,0,323.9679
32.88,-3.7765,-1.5715,-2,0,0,325.8697
32.9,-3.5542,-1.7159,-2,0,0,328.1263
32.92,-3.2914,-1.8711,-2,0,0,330.7245
32.94,-2.9878,-2.0313,-2,0,0,333.6465
32.96,-2.6441,-2.1897,-2,0,0,336.8693
32.98,-2.2617,-2.3394,-2,0,0,340.365
33,-1.8442,-2.4732,-2,0,0,344.0981
33.02,-1.3961,-2.5844,-2,0,0,348.0288
33.04,-0.9238,-2.6671,-2,0,0,352.1114
33.06,-0.4349,-2.7167,-2,0,0,356.2956
33.08,0.062,-2.7305,-2,0,0,0.5279
33.1,0.5578,-2.7076,-2,0,0,4.7533
33.12,1.0434,-2.6494,-2,0,0,8.9177
33.14,1.5103,-2.5591,-2,0,0,12.967
33.16,1.9513,-2.4417,-2,0,0,16.8526
33.18,2.3605,-2.3033,-2,0,0,20.5299
33.2,2.7334,-2.1508,-2,0,0,23.9602
33.22,3.0673,-1.9913,-2,0,0,27.1105
33.24,3.3607,-1.8317,-2,0,0,29.9538
33.26,3.6133,-1.6786,-2,0,0,32.4687
33.28,3.8257,-1.5378,-2,0,0,34.638
33.3,3.9989,-1.4141,-2,0,0,36.4497
33.32,4.1341,-1.3115,-2,0,0,37.8948
33.34,4.2328,-1.2332,-2,0,0,38.9671
33.36,4.296,-1.1815,-2,0,0,39.6627
33.38,4.3246,-1.1577,-2,0,0,39.979
33.4,4.3188,-1.1625,-2,0,0,39.9152
33.42,4.2787,-1.1958,-2,0,0,39.4713
33.44,4.2037,-1.2567,-2,0,0,38.6489
33.46,4.0928,-1.3434,-2,0,0,37.4508
33.48,3.945,-1.4535,-2,0,0,35.8818
33.5,3.7588,-1.5834,-2,0,0,33.9489
33.52,3.533,-1.729,-2,0,0,31.662
33.54,3.2667,-1.8849,-2,0,0,29.035
33.56,2.9596,-2.0452,-2,0,0,26.0856
33.58,2.6124,-2.2031,-2,0,0,22.838
33.6,2.2269,-2.3517,-2,0,0,19.3207
33.62,1.8065,-2.4838,-2,0,0,15.5688
33.64,1.3561,-2.5928,-2,0,0,11.623
33.66,0.882,-2.6727,-2,0,0,7.5296
33.68,0.392,-2.7193,-2,0,0,3.3391
33.7,-0.1052,-2.7299,-2,0,0,359.1046
33.72,-0.6004,-2.7039,-2,0,0,354.8824
33.74,-1.0847,-2.6428,-2,0,0,350.7265
33.76,-1.5496,-2.55,-2,0,0,346.6895
33.78,-1.9881,-2.4305,-2,0,0,342.8203
33.8,-2.3942,-2.2905,-2,0,0,339.1628
33.82,-2.7639,-2.1371,-2,0,0,335.7555
33.84,-3.0943,-1.9773,-2,0,0,332.6304
33.86,-3.3842,-1.8181,-2,0,0,329.8149
33.88,-3.6333,-1.6659,-2,0,0,327.3296
33.9,-3.8422,-1.5264,-2,0,0,325.1908
33.92,-4.0121,-1.4043,-2,0,0,323.4106
33.94,-4.1441,-1.3037,-2,0,0,321.9976
33.96,-4.2397,-1.2277,-2,0,0,320.9577
33.98,-4.2999,-1.1783,-2,0,0,320.2949
34,-4.3254,-1.1569,-2,0,0,320.0114
34.02,-4.3167,-1.1642,-2,0,0,320.1082
34.04,-4.2736,-1.2,-2,0,0,320.585
34.06,-4.1955,-1.2632,-2,0,0,321.44
34.08,-4.0815,-1.352,-2,0,0,322.6704
34.1,-3.9304,-1.464,-2,0,0,324.2713
34.12,-3.7408,-1.5955,-2,0,0,326.2356
34.14,-3.5116,-1.7421,-2,0,0,328.5526
34.16,-3.2417,-1.8987,-2,0,0,331.2083
34.18,-2.9311,-2.059,-2,0,0,334.1841
34.2,-2.5805,-2.2165,-2,0,0,337.4564
34.22,-2.1918,-2.3639,-2,0,0,340.9954
34.24,-1.7686,-2.4942,-2,0,0,344.7658
34.26,-1.3158,-2.6009,-2,0,0,348.7262
34.28,-0.84,-2.6781,-2,0,0,352.8307
34.3,-0.3491,-2.7217,-2,0,0,357.0271
34.32,0.1483,-2.7291,-2,0,0,1.2622
34.34,0.6429,-2.7,-2,0,0,5.4808
34.36,1.1258,-2.636,-2,0,0,9.6285
34.38,1.5887,-2.5406,-2,0,0,13.6528
34.4,2.0246,-2.4191,-2,0,0,17.5054
34.42,2.4278,-2.2777,-2,0,0,21.1431
34.44,2.7941,-2.1234,-2,0,0,24.5271
34.46,3.121,-1.9634,-2,0,0,27.6259
34.48,3.4074,-1.8046,-2,0,0,30.4136
34.5,3.653,-1.6532,-2,0,0,32.8694
34.52,3.8585,-1.515,-2,0,0,34.9776
34.54,4.025,-1.3947,-2,0,0,36.7264
34.56,4.1538,-1.2961,-2,0,0,38.1075
34.58,4.2463,-1.2223,-2,0,0,39.1148
34.6,4.3034,-1.1753,-2,0,0,39.7447
34.62,4.326,-1.1564,-2,0,0,39.9952
34.64,4.3143,-1.1662,-2,0,0,39.8655
34.66,4.2682,-1.2044,-2,0,0,39.3559
34.68,4.1871,-1.2699,-2,0,0,38.4682
34.7,4.0699,-1.3609,-2,0,0,37.2053
34.72,3.9155,-1.4747,-2,0,0,35.5727
34.74,3.7226,-1.6077,-2,0,0,33.5776
34.76,3.4898,-1.7554,-2,0,0,31.2307
34.78,3.2164,-1.9125,-2,0,0,28.5465
34.8,2.9023,-2.0729,-2,0,0,25.5439
34.82,2.5483,-2.2297,-2,0,0,22.2473
34.84,2.1564,-2.376,-2,0,0,18.6862
34.86,1.7304,-2.5045,-2,0,0,14.8976
34.88,1.2754,-2.6088,-2,0,0,10.9228
34.9,0.798,-2.6833,-2,0,0,6.8089
34.92,0.3061,-2.7238,-2,0,0,2.607
34.94,-0.1913,-2.728,-2,0,0,358.3711
34.96,-0.6853,-2.6958,-2,0,0,354.1565
34.98,-1.1668,-2.6289,-2,0,0,350.0175
35,-1.6277,-2.531,-2,0,0,346.0056
35.02,-2.0609,-2.4075,-2,0,0,342.1701
35.04,-2.461,-2.2647,-2,0,0,338.5534
35.06,-2.824,-2.1097,-2,0,0,335.193
35.08,-3.1474,-1.9495,-2,0,0,332.1201
35.1,-3.4302,-1.7911,-2,0,0,329.3604
35.12,-3.6723,-1.6407,-2,0,0,326.9341
35.14,-3.8744,-1.5038,-2,0,0,324.8564
35.16,-4.0376,-1.3853,-2,0,0,323.1392
35.18,-4.1632,-1.2887,-2,0,0,321.7905
35.2,-4.2526,-1.2171,-2,0,0,320.8158
35.22,-4.3068,-1.1725,-2,0,0,320.2186
35.24,-4.3264,-1.1561,-2,0,0,320.001
35.26,-4.3117,-1.1684,-2,0,0,320.1636
35.28,-4.2626,-1.209,-2,0,0,320.7061
35.3,-4.1784,-1.2768,-2,0,0,321.6265
35.32,-4.058,-1.3699,-2,0,0,322.9215
35.34,-3.9004,-1.4855,-2,0,0,324.5859
35.36,-3.704,-1.6199,-2,0,0,326.6119
35.38,-3.4678,-1.7687,-2,0,0,328.9886
35.4,-3.1909,-1.9264,-2,0,0,331.7012
35.42,-2.8732,-2.0867,-2,0,0,334.7307
35.44,-2.5158,-2.2429,-2,0,0,338.0515
35.46,-2.1208,-2.3879,-2,0,0,341.6333
35.48,-1.6921,-2.5146,-2,0,0,345.4398
35.5,-1.2348,-2.6165,-2,0,0,349.4285
35.52,-0.7559,-2.6882,-2,0,0,353.5522
35.54,-0.2632,-2.7256,-2,0,0,357.7592
35.56,0.2344,-2.7267,-2,0,0,1.996
35.58,0.7276,-2.6913,-2,0,0,6.2062
35.6,1.2077,-2.6215,-2,0,0,10.3361
35.62,1.6664,-2.5212,-2,0,0,14.334
35.64,2.0969,-2.3958,-2,0,0,18.1522
35.66,2.4939,-2.2517,-2,0,0,21.7481
35.68,2.8536,-2.0959,-2,0,0,25.0849
35.7,3.1735,-1.9356,-2,0,0,28.1315
35.72,3.4528,-1.7776,-2,0,0,30.8635
35.74,3.6914,-1.6282,-2,0,0,33.2601
35.76,3.8901,-1.4928,-2,0,0,35.3067
35.78,4.0499,-1.376,-2,0,0,36.9922
35.8,4.1724,-1.2815,-2,0,0,38.3088
35.82,4.2587,-1.2122,-2,0,0,39.2509
35.84,4.3098,-1.17,-2,0,0,39.8153
35.86,4.3265,-1.1561,-2,0,0,40
35.88,4.3088,-1.1708,-2,0,0,39.8044
35.9,4.2567,-1.2138,-2,0,0,39.2291
35.92,4.1694,-1.2839,-2,0,0,38.2761
35.94,4.0459,-1.379,-2,0,0,36.9489
35.96,3.8849,-1.4964,-2,0,0,35.2529
35.98,3.6851,-1.6323,-2,0,0,33.196
36,3.4454,-1.7821,-2,0,0,30.7892
36.02,3.1649,-1.9403,-2,0,0,28.0483
36.04,2.8438,-2.1005,-2,0,0,24.9929
36.06,2.483,-2.256,-2,0,0,21.6483
36.08,2.085,-2.3997,-2,0,0,18.0455
36.1,1.6536,-2.5245,-2,0,0,14.2215
36.12,1.1941,-2.624,-2,0,0,10.2191
36.14,0.7135,-2.6928,-2,0,0,6.0855
36.16,0.2201,-2.7272,-2,0,0,1.8738
36.18,-0.2774,-2.725,-2,0,0,357.6377
36.2,-0.7698,-2.6866,-2,0,0,353.4323
36.22,-1.2483,-2.614,-2,0,0,349.3118
36.24,-1.7048,-2.5113,-2,0,0,345.3277
36.26,-2.1327,-2.384,-2,0,0,341.5271
36.28,-2.5266,-2.2385,-2,0,0,337.9518
36.3,-2.8829,-2.0821,-2,0,0,334.639
36.32,-3.1994,-1.9218,-2,0,0,331.6188
36.34,-3.4751,-1.7643,-2,0,0,328.9156
36.36,-3.7102,-1.6159,-2,0,0,326.5487
36.38,-3.9054,-1.4819,-2,0,0,324.533
36.4,-4.062,-1.3669,-2,0,0,322.8791
36.42,-4.1813,-1.2745,-2,0,0,321.5946
36.44,-4.2645,-1.2074,-2,0,0,320.6852
36.46,-4.3126,-1.1677,-2,0,0,320.1537
36.48,-4.3263,-1.1562,-2,0,0,320.002
36.5,-4.3057,-1.1734,-2,0,0,320.2305
36.52,-4.2505,-1.2188,-2,0,0,320.8385
36.54,-4.1601,-1.2912,-2,0,0,321.824
36.56,-4.0334,-1.3884,-2,0,0,323.1834
36.58,-3.8691,-1.5075,-2,0,0,324.9113
36.6,-3.6659,-1.6448,-2,0,0,326.999
36.62,-3.4227,-1.7956,-2,0,0,329.4351
36.64,-3.1387,-1.9541,-2,0,0,332.2041
36.66,-2.8141,-2.1143,-2,0,0,335.2856
36.68,-2.45,-2.269,-2,0,0,338.6539
36.7,-2.0489,-2.4113,-2,0,0,342.2774
36.72,-1.6147,-2.5342,-2,0,0,346.1192
36.74,-1.1532,-2.6312,-2,0,0,350.1349
36.76,-0.6712,-2.6972,-2,0,0,354.2768
36.78,-0.177,-2.7284,-2,0,0,358.4928
36.8,0.3204,-2.7231,-2,0,0,2.7284
36.82,0.8119,-2.6816,-2,0,0,6.9285
36.84,1.2888,-2.6062,-2,0,0,11.0392
36.86,1.7432,-2.5011,-2,0,0,15.0099
36.88,2.1683,-2.372,-2,0,0,18.7924
36.9,2.559,-2.2253,-2,0,0,22.3459
36.92,2.9119,-2.0683,-2,0,0,25.6344
36.94,3.2249,-1.9079,-2,0,0,28.6281
36.96,3.4971,-1.751,-2,0,0,31.3029
36.98,3.7286,-1.6036,-2,0,0,33.6398
37,3.9205,-1.4711,-2,0,0,35.6249
37.02,4.0738,-1.3579,-2,0,0,37.247
37.04,4.1899,-1.2676,-2,0,0,38.499
37.06,4.27,-1.2029,-2,0,0,39.3759
37.08,4.3152,-1.1655,-2,0,0,39.8745
37.1,4.3259,-1.1566,-2,0,0,39.9933
37.12,4.3023,-1.1763,-2,0,0,39.7319
37.14,4.2441,-1.2241,-2,0,0,39.0909
37.16,4.1506,-1.2986,-2,0,0,38.0728
37.18,4.0207,-1.3979,-2,0,0,36.6812
37.2,3.8531,-1.5188,-2,0,0,34.922
37.22,3.6465,-1.6574,-2,0,0,32.8037
37.24,3.3997,-1.8091,-2,0,0,30.3381
37.26,3.1122,-1.968,-2,0,0,27.5412
37.28,2.7841,-2.128,-2,0,0,24.4337
37.3,2.4166,-2.282,-2,0,0,21.0415
37.32,2.0125,-2.4229,-2,0,0,17.3975
37.34,1.5758,-2.5437,-2,0,0,13.5394
37.36,1.1121,-2.6383,-2,0,0,9.5108
37.38,0.6288,-2.7013,-2,0,0,5.3604
37.4,0.134,-2.7294,-2,0,0,1.1405
37.42,-0.3633,-2.721,-2,0,0,356.9058
37.44,-0.854,-2.6764,-2,0,0,352.7107
37.46,-1.3292,-2.5982,-2,0,0,348.6102
37.48,-1.7812,-2.4908,-2,0,0,344.6546
37.5,-2.2035,-2.3599,-2,0,0,340.8903
37.52,-2.5911,-2.212,-2,0,0,337.3585
37.54,-2.9406,-2.0544,-2,0,0,334.0944
37.56,-3.25,-1.8941,-2,0,0,331.1274
37.58,-3.5187,-1.7377,-2,0,0,328.4808
37.6,-3.7468,-1.5915,-2,0,0,326.1739
37.62,-3.9353,-1.4605,-2,0,0,324.2202
37.64,-4.0853,-1.3492,-2,0,0,322.6299
37.66,-4.1983,-1.261,-2,0,0,321.4102
37.68,-4.2753,-1.1986,-2,0,0,320.566
37.7,-4.3174,-1.1636,-2,0,0,320.1002
37.72,-4.3252,-1.1571,-2,0,0,320.0143
37.74,-4.2986,-1.1793,-2,0,0,320.3087
37.76,-4.2374,-1.2295,-2,0,0,320.9823
37.78,-4.1408,-1.3063,-2,0,0,322.033
37.8,-4.0077,-1.4075,-2,0,0,323.4566
37.82,-3.8368,-1.5301,-2,0,0,325.2473
37.84,-3.6267,-1.6701,-2,0,0,327.3962
37.86,-3.3764,-1.8226,-2,0,0,329.8916
37.88,-3.0854,-1.982,-2,0,0,332.7164
37.9,-2.7538,-2.1417,-2,0,0,335.8496
37.92,-2.3831,-2.2948,-2,0,0,339.2646
37.94,-1.9759,-2.4342,-2,0,0,342.9286
37.96,-1.5366,-2.553,-2,0,0,346.8033
37.98,-1.071,-2.645,-2,0,0,350.8444
38,-0.5863,-2.7052,-2,0,0,355.003
38.02,-0.0908,-2.7302,-2,0,0,359.2269
38.04,0.4063,-2.7185,-2,0,0,3.4604
38.06,0.8959,-2.6709,-2,0,0,7.6488
38.08,1.3694,-2.59,-2,0,0,11.7387
38.1,1.819,-2.4803,-2,0,0,15.6795
38.12,2.2385,-2.3476,-2,0,0,19.4252
38.14,2.6229,-2.1987,-2,0,0,22.9352
38.16,2.969,-2.0405,-2,0,0,26.1751
38.18,3.275,-1.8803,-2,0,0,29.1151
38.2,3.5401,-1.7246,-2,0,0,31.7325
38.22,3.7647,-1.5794,-2,0,0,34.0094
38.24,3.9498,-1.45,-2,0,0,35.932
38.26,4.0965,-1.3406,-2,0,0,37.4904
38.28,4.2063,-1.2545,-2,0,0,38.6778
38.3,4.2803,-1.1944,-2,0,0,39.4894
38.32,4.3195,-1.1619,-2,0,0,39.9223
38.34,4.3242,-1.1579,-2,0,0,39.9752
38.36,4.2947,-1.1826,-2,0,0,39.648
38.38,4.2305,-1.2351,-2,0,0,38.9416
38.4,4.1308,-1.3141,-2,0,0,37.8585
38.42,3.9944,-1.4174,-2,0,0,36.4028
38.44,3.8201,-1.5417,-2,0,0,34.5804
38.46,3.6066,-1.6829,-2,0,0,32.4009
38.48,3.3528,-1.8363,-2,0,0,29.8766
38.5,3.0582,-1.9959,-2,0,0,27.0242
38.52,2.7232,-2.1553,-2,0,0,23.8655
38.54,2.3492,-2.3075,-2,0,0,20.4276
38.56,1.9391,-2.4454,-2,0,0,16.7436
38.58,1.4972,-2.5621,-2,0,0,12.8521
38.6,1.0296,-2.6516,-2,0,0,8.7988
38.62,0.5436,-2.7088,-2,0,0,4.6326
38.64,0.0477,-2.7306,-2,0,0,0.4062
38.66,-0.4491,-2.7158,-2,0,0,356.1745
38.68,-0.9376,-2.6651,-2,0,0,351.9925
38.7,-1.4093,-2.5816,-2,0,0,347.9136
38.72,-1.8566,-2.4696,-2,0,0,343.9879
38.74,-2.2733,-2.3353,-2,0,0,340.2605
38.76,-2.6545,-2.1852,-2,0,0,336.7727
38.78,-2.9971,-2.0266,-2,0,0,333.5582
38.8,-3.2995,-1.8665,-2,0,0,330.6453
38.82,-3.5611,-1.7115,-2,0,0,328.0567
38.84,-3.7823,-1.5675,-2,0,0,325.81
38.86,-3.964,-1.4397,-2,0,0,323.9186
38.88,-4.1075,-1.3321,-2,0,0,322.3918
38.9,-4.2141,-1.2483,-2,0,0,321.2369
38.92,-4.2851,-1.1905,-2,0,0,320.4581
38.94,-4.3212,-1.1605,-2,0,0,320.058
38.96,-4.323,-1.1589,-2,0,0,320.0381
38.98,-4.2905,-1.186,-2,0,0,320.3982
39,-4.2233,-1.2409,-2,0,0,321.1373
39.02,-4.1204,-1.3222,-2,0,0,322.2531
39.04,-3.9808,-1.4274,-2,0,0,323.7409
39.06,-3.8032,-1.5533,-2,0,0,325.5944
39.08,-3.5862,-1.6958,-2,0,0,327.8042
39.1,-3.3289,-1.8499,-2,0,0,330.3577
39.12,-3.0308,-2.0098,-2,0,0,333.2375
39.14,-2.6923,-2.1688,-2,0,0,336.4216
39.16,-2.315,-2.3201,-2,0,0,339.8827
39.18,-1.9019,-2.4565,-2,0,0,343.5862
39.2,-1.4576,-2.571,-2,0,0,347.493
39.22,-0.9881,-2.6578,-2,0,0,351.5581
39.24,-0.5009,-2.7121,-2,0,0,355.7318
39.26,-0.0046,-2.7308,-2,0,0,359.9608
39.28,0.4918,-2.7128,-2,0,0,4.1903
39.3,0.9793,-2.6591,-2,0,0,8.3661
39.32,1.4492,-2.5729,-2,0,0,12.4336
39.34,1.894,-2.4588,-2,0,0,16.3438
39.36,2.3077,-2.3228,-2,0,0,20.0514
39.38,2.6857,-2.1717,-2,0,0,23.5168
39.4,3.0249,-2.0127,-2,0,0,26.7063
39.42,3.3238,-1.8528,-2,0,0,29.5919
39.44,3.5819,-1.6985,-2,0,0,32.1519
39.46,3.7996,-1.5558,-2,0,0,34.3683
39.48,3.9779,-1.4295,-2,0,0,36.2284
39.5,4.1182,-1.3239,-2,0,0,37.7229
39.52,4.2217,-1.2422,-2,0,0,38.8454
39.54,4.2896,-1.1868,-2,0,0,39.5915
39.56,4.3227,-1.1592,-2,0,0,39.9587
39.58,4.3216,-1.1602,-2,0,0,39.9458
39.6,4.2861,-1.1897,-2,0,0,39.5527
39.62,4.2158,-1.247,-2,0,0,38.7808
39.64,4.1098,-1.3304,-2,0,0,37.6327
39.66,3.967,-1.4375,-2,0,0,36.113
39.68,3.786,-1.565,-2,0,0,34.2283
39.7,3.5656,-1.7088,-2,0,0,31.9881
39.72,3.3047,-1.8636,-2,0,0,29.4056
39.74,3.0031,-2.0237,-2,0,0,26.4981
39.76,2.6611,-2.1824,-2,0,0,23.2888
39.78,2.2806,-2.3326,-2,0,0,19.8058
39.8,1.8646,-2.4673,-2,0,0,16.083
39.82,1.4179,-2.5797,-2,0,0,12.1606
39.84,0.9465,-2.6639,-2,0,0,8.0841
39.86,0.4582,-2.7152,-2,0,0,3.9035
39.88,-0.0386,-2.7307,-2,0,0,359.6717
39.9,-0.5346,-2.7095,-2,0,0,355.4447
39.92,-1.0208,-2.6529,-2,0,0,351.2768
39.94,-1.4888,-2.5641,-2,0,0,347.2209
39.96,-1.9312,-2.4478,-2,0,0,343.3266
39.98,-2.3419,-2.3102,-2,0,0,339.6385
40,-2.7166,-2.1582,-2,0,0,336.1957
40.02,-3.0525,-1.9988,-2,0,0,333.0311
40.04,-3.3478,-1.8391,-2,0,0,330.1729
40.06,-3.6023,-1.6856,-2,0,0,327.6424
40.08,-3.8166,-1.5441,-2,0,0,325.4565
40.1,-3.9915,-1.4195,-2,0,0,323.6277
40.12,-4.1286,-1.3158,-2,0,0,322.1651
40.14,-4.229,-1.2363,-2,0,0,321.0751
40.16,-4.2938,-1.1833,-2,0,0,320.3616
40.18,-4.324,-1.1581,-2,0,0,320.0273
40.2,-4.3199,-1.1616,-2,0,0,320.0733
40.22,-4.2814,-1.1936,-2,0,0,320.4992
40.24,-4.208,-1.2532,-2,0,0,321.3038
40.26,-4.0989,-1.3387,-2,0,0,322.4842
40.28,-3.9528,-1.4478,-2,0,0,324.0359
40.3,-3.7685,-1.5769,-2,0,0,325.9518
40.32,-3.5446,-1.7218,-2,0,0,328.2226
40.34,-3.2802,-1.8774,-2,0,0,330.8339
40.36,-2.975,-2.0376,-2,0,0,333.7682
40.38,-2.6297,-2.1958,-2,0,0,337.0023
40.4,-2.2459,-2.345,-2,0,0,340.5076
40.42,-1.8271,-2.478,-2,0,0,344.2493
40.44,-1.3779,-2.5882,-2,0,0,348.1869
40.46,-0.9047,-2.6697,-2,0,0,352.2751
40.48,-0.4153,-2.7179,-2,0,0,356.4622
40.5,0.0817,-2.7303,-2,0,0,0.6953
40.52,0.5772,-2.706,-2,0,0,4.9193
40.54,1.0621,-2.6464,-2,0,0,9.0795
40.56,1.5282,-2.555,-2,0,0,13.1233
40.58,1.968,-2.4366,-2,0,0,17.0014
40.6,2.3759,-2.2975,-2,0,0,20.6703
40.62,2.7473,-2.1445,-2,0,0,24.0902
40.64,3.0796,-1.9849,-2,0,0,27.2288
40.66,3.3714,-1.8255,-2,0,0,30.0594
40.68,3.6224,-1.6728,-2,0,0,32.5607
40.7,3.8332,-1.5326,-2,0,0,34.7161
40.72,4.0049,-1.4096,-2,0,0,36.5135
40.74,4.1387,-1.3079,-2,0,0,37.9443
40.76,4.236,-1.2307,-2,0,0,39.0018
40.78,4.2978,-1.18,-2,0,0,39.6824
40.8,4.325,-1.1573,-2,0,0,39.9837
40.82,4.3179,-1.1632,-2,0,0,39.9049
40.84,4.2764,-1.1977,-2,0,0,39.4461
40.86,4.2,-1.2596,-2,0,0,38.6088
40.88,4.0877,-1.3473,-2,0,0,37.3959
40.9,3.9384,-1.4582,-2,0,0,35.8123
40.92,3.7507,-1.5889,-2,0,0,33.8652
40.94,3.5233,-1.735,-2,0,0,31.5646
40.96,3.2554,-1.8912,-2,0,0,28.9245
40.98,2.9467,-2.0515,-2,0,0,25.9633
41,2.5979,-2.2092,-2,0,0,22.7045
41.02,2.211,-2.3573,-2,0,0,19.1773
41.04,1.7892,-2.4886,-2,0,0,15.4163
41.06,1.3377,-2.5965,-2,0,0,11.4639
41.08,0.8629,-2.6752,-2,0,0,7.3656
41.1,0.3725,-2.7205,-2,0,0,3.1724
41.12,-0.1248,-2.7296,-2,0,0,358.9379
41.14,-0.6197,-2.7022,-2,0,0,354.7173
41.16,-1.1034,-2.6397,-2,0,0,350.5651
41.18,-1.5675,-2.5457,-2,0,0,346.5332
41.2,-2.0048,-2.4253,-2,0,0,342.6715
41.22,-2.4095,-2.2847,-2,0,0,339.0233
41.24,-2.7777,-2.1309,-2,0,0,335.6266
41.26,-3.1065,-1.971,-2,0,0,332.5136
41.28,-3.3948,-1.812,-2,0,0,329.7108
41.3,-3.6423,-1.6601,-2,0,0,327.2388
41.32,-3.8497,-1.5212,-2,0,0,325.1137
41.34,-4.018,-1.3999,-2,0,0,323.3478
41.36,-4.1486,-1.3003,-2,0,0,321.9494
41.38,-4.2427,-1.2252,-2,0,0,320.9244
41.4,-4.3015,-1.1769,-2,0,0,320.2766
41.42,-4.3257,-1.1567,-2,0,0,320.0081
41.44,-4.3157,-1.1651,-2,0,0,320.1198
41.46,-4.2712,-1.202,-2,0,0,320.6116
41.48,-4.1917,-1.2662,-2,0,0,321.4815
41.5,-4.0763,-1.356,-2,0,0,322.7267
41.52,-3.9237,-1.4688,-2,0,0,324.342
41.54,-3.7326,-1.601,-2,0,0,326.3202
41.56,-3.5017,-1.7482,-2,0,0,328.6508
41.58,-3.2303,-1.905,-2,0,0,331.3194
41.6,-2.918,-2.0653,-2,0,0,334.3079
41.62,-2.5658,-2.2225,-2,0,0,337.5912
41.64,-2.1758,-2.3694,-2,0,0,341.1402
41.66,-1.7513,-2.499,-2,0,0,344.9189
41.68,-1.2974,-2.6045,-2,0,0,348.8859
41.7,-0.8209,-2.6805,-2,0,0,352.9944
41.72,-0.3296,-2.7227,-2,0,0,357.1934
41.74,0.1679,-2.7287,-2,0,0,1.4295
41.76,0.6622,-2.6981,-2,0,0,5.6463
41.78,1.1445,-2.6328,-2,0,0,9.7901
41.8,1.6065,-2.5362,-2,0,0,13.8085
41.82,2.0412,-2.4138,-2,0,0,17.6533
41.84,2.4429,-2.2718,-2,0,0,21.2812
41.86,2.8077,-2.1172,-2,0,0,24.6546
41.88,3.1331,-1.9571,-2,0,0,27.7416
41.9,3.4178,-1.7984,-2,0,0,30.517
41.92,3.6618,-1.6475,-2,0,0,32.9594
41.94,3.8658,-1.5099,-2,0,0,35.0536
41.96,4.0308,-1.3904,-2,0,0,36.7879
41.98,4.1581,-1.2927,-2,0,0,38.1542
42,4.2492,-1.2199,-2,0,0,39.1467
42.02,4.305,-1.174,-2,0,0,39.7617
42.04,4.3262,-1.1563,-2,0,0,39.9973
42.06,4.3132,-1.1672,-2,0,0,39.8526
42.08,4.2657,-1.2065,-2,0,0,39.328
42.1,4.1831,-1.273,-2,0,0,38.4254
42.12,4.0646,-1.3649,-2,0,0,37.148
42.14,3.9087,-1.4796,-2,0,0,35.5009
42.16,3.7142,-1.6132,-2,0,0,33.4918
42.18,3.4798,-1.7615,-2,0,0,31.131
42.2,3.2048,-1.9188,-2,0,0,28.4338
42.22,2.8891,-2.0792,-2,0,0,25.4191
42.24,2.5335,-2.2357,-2,0,0,22.1115
42.26,2.1403,-2.3814,-2,0,0,18.5412
42.28,1.713,-2.5091,-2,0,0,14.7445
42.3,1.257,-2.6124,-2,0,0,10.7633
42.32,0.7788,-2.6856,-2,0,0,6.6443
42.34,0.2865,-2.7247,-2,0,0,2.44
42.36,-0.211,-2.7275,-2,0,0,358.2039
42.38,-0.7046,-2.6938,-2,0,0,353.9913
42.4,-1.1854,-2.6256,-2,0,0,349.8564
42.42,-1.6453,-2.5266,-2,0,0,345.8511
42.44,-2.0773,-2.4022,-2,0,0,342.0234
42.46,-2.4761,-2.2588,-2,0,0,338.4156
42.48,-2.8375,-2.1034,-2,0,0,335.066
42.5,-3.1594,-1.9432,-2,0,0,332.005
42.52,-3.4406,-1.785,-2,0,0,329.2581
42.54,-3.6811,-1.635,-2,0,0,326.8454
42.56,-3.8816,-1.4988,-2,0,0,324.7819
42.58,-4.0433,-1.381,-2,0,0,323.0791
42.6,-4.1674,-1.2854,-2,0,0,321.745
42.62,-4.2554,-1.2149,-2,0,0,320.785
42.64,-4.3082,-1.1714,-2,0,0,320.2028
42.66,-4.3264,-1.1561,-2,0,0,320.0002
42.68,-4.3104,-1.1695,-2,0,0,320.1779
42.7,-4.2599,-1.2112,-2,0,0,320.7352
42.72,-4.1743,-1.28,-2,0,0,321.6704
42.74,-4.0526,-1.374,-2,0,0,322.98
42.76,-3.8933,-1.4905,-2,0,0,324.6591
42.78,-3.6954,-1.6256,-2,0,0,326.6992
42.8,-3.4576,-1.7748,-2,0,0,329.0895
42.82,-3.1791,-1.9327,-2,0,0,331.815
42.84,-2.8599,-2.093,-2,0,0,334.856
42.86,-2.5009,-2.2489,-2,0,0,338.1877
42.88,-2.1046,-2.3933,-2,0,0,341.7791
42.9,-1.6745,-2.5191,-2,0,0,345.5941
42.92,-1.2163,-2.62,-2,0,0,349.5891
42.94,-0.7366,-2.6903,-2,0,0,353.7171
42.96,-0.2436,-2.7264,-2,0,0,357.9263
42.98,0.254,-2.726,-2,0,0,2.1625
43,0.7468,-2.6892,-2,0,0,6.3705
43.02,1.2261,-2.6181,-2,0,0,10.4962
43.04,1.6839,-2.5167,-2,0,0,14.4885
43.06,2.1133,-2.3904,-2,0,0,18.2987
43.08,2.5089,-2.2457,-2,0,0,21.885
43.1,2.867,-2.0896,-2,0,0,25.2109
43.12,3.1853,-1.9293,-2,0,0,28.2455
43.14,3.463,-1.7716,-2,0,0,30.9642
43.16,3.7,-1.6226,-2,0,0,33.3473
43.18,3.8971,-1.4878,-2,0,0,35.3802
43.2,4.0555,-1.3718,-2,0,0,37.0513
43.22,4.1765,-1.2783,-2,0,0,38.3531
43.24,4.2614,-1.21,-2,0,0,39.2804
43.26,4.3111,-1.1689,-2,0,0,39.8298
43.28,4.3264,-1.1561,-2,0,0,39.9995
43.3,4.3074,-1.172,-2,0,0,39.7889
43.32,4.2539,-1.2161,-2,0,0,39.1987
43.34,4.1652,-1.2872,-2,0,0,38.2308
43.36,4.0402,-1.3833,-2,0,0,36.8889
43.38,3.8778,-1.5015,-2,0,0,35.1784
43.4,3.6764,-1.638,-2,0,0,33.1076
43.42,3.4351,-1.7882,-2,0,0,30.6876
43.44,3.153,-1.9466,-2,0,0,27.9339
43.46,2.8303,-2.1068,-2,0,0,24.8666
43.48,2.468,-2.262,-2,0,0,21.5107
43.5,2.0686,-2.405,-2,0,0,17.8984
43.52,1.6359,-2.5289,-2,0,0,14.0665
43.54,1.1755,-2.6273,-2,0,0,10.058
43.56,0.6943,-2.6949,-2,0,0,5.9209
43.58,0.2005,-2.7278,-2,0,0,1.7072
43.6,-0.297,-2.7242,-2,0,0,357.4713
43.62,-0.7891,-2.6844,-2,0,0,353.2676
43.64,-1.2668,-2.6105,-2,0,0,349.1516
43.66,-1.7223,-2.5067,-2,0,0,345.1738
43.68,-2.1489,-2.3785,-2,0,0,341.3814
43.7,-2.5414,-2.2325,-2,0,0,337.8163
43.72,-2.8961,-2.0758,-2,0,0,334.5145
43.74,-3.211,-1.9155,-2,0,0,331.5063
43.76,-3.4852,-1.7582,-2,0,0,328.8156
43.78,-3.7186,-1.6103,-2,0,0,326.4624
43.8,-3.9123,-1.4769,-2,0,0,324.4608
43.82,-4.0674,-1.3628,-2,0,0,322.8214
43.84,-4.1852,-1.2713,-2,0,0,321.5518
43.86,-4.267,-1.2053,-2,0,0,320.6571
43.88,-4.3138,-1.1667,-2,0,0,320.1405
43.9,-4.3261,-1.1564,-2,0,0,320.0038
43.92,-4.3042,-1.1747,-2,0,0,320.2473
43.94,-4.2476,-1.2212,-2,0,0,320.8703
43.96,-4.1558,-1.2946,-2,0,0,321.8707
43.98,-4.0277,-1.3927,-2,0,0,323.2447
44,-3.8619,-1.5126,-2,0,0,324.9867
44.02,-3.6571,-1.6505,-2,0,0,327.0883
44.04,-3.4123,-1.8017,-2,0,0,329.5379
44.06,-3.1267,-1.9605,-2,0,0,332.32
44.08,-2.8005,-2.1205,-2,0,0,335.4134
44.1,-2.4348,-2.2749,-2,0,0,338.7924
44.12,-2.0324,-2.4166,-2,0,0,342.4253
44.14,-1.597,-2.5386,-2,0,0,346.2742
44.16,-1.1346,-2.6345,-2,0,0,350.2958
44.18,-0.6519,-2.6991,-2,0,0,354.4416
44.2,-0.1574,-2.7289,-2,0,0,358.66
44.22,0.34,-2.7222,-2,0,0,2.8953
44.24,0.8311,-2.6793,-2,0,0,7.0929
44.26,1.3072,-2.6026,-2,0,0,11.199
44.28,1.7605,-2.4965,-2,0,0,15.1625
44.3,2.1843,-2.3665,-2,0,0,18.9368
44.32,2.5736,-2.2193,-2,0,0,22.4805
44.34,2.925,-2.062,-2,0,0,25.7584
44.36,3.2364,-1.9016,-2,0,0,28.7399
44.38,3.507,-1.745,-2,0,0,31.4017
44.4,3.737,-1.5981,-2,0,0,33.725
44.42,3.9273,-1.4662,-2,0,0,35.6956
44.44,4.0791,-1.3539,-2,0,0,37.3033
44.46,4.1937,-1.2646,-2,0,0,38.5406
44.48,4.2725,-1.2009,-2,0,0,39.4027
44.5,4.3162,-1.1646,-2,0,0,39.8864
44.52,4.3256,-1.1568,-2,0,0,39.9902
44.54,4.3006,-1.1776,-2,0,0,39.7138
44.56,4.2411,-1.2265,-2,0,0,39.058
44.58,4.1462,-1.3021,-2,0,0,38.0251
44.6,4.0148,-1.4023,-2,0,0,36.6189
44.62,3.8457,-1.5239,-2,0,0,34.8451
44.64,3.6375,-1.6632,-2,0,0,32.7128
44.66,3.3891,-1.8152,-2,0,0,30.2338
44.68,3.1,-1.9744,-2,0,0,27.4242
44.7,2.7703,-2.1342,-2,0,0,24.305
44.72,2.4014,-2.2878,-2,0,0,20.9026
44.74,1.9959,-2.428,-2,0,0,17.2495
44.76,1.5579,-2.548,-2,0,0,13.3832
44.78,1.0934,-2.6414,-2,0,0,9.3489
44.8,0.6094,-2.7031,-2,0,0,5.1947
44.82,0.1143,-2.7298,-2,0,0,0.9732
44.84,-0.3829,-2.7199,-2,0,0,356.739
44.86,-0.873,-2.6739,-2,0,0,352.5472
44.88,-1.3475,-2.5945,-2,0,0,348.4516
44.9,-1.7984,-2.4861,-2,0,0,344.5026
44.92,-2.2195,-2.3543,-2,0,0,340.7462
44.94,-2.6056,-2.206,-2,0,0,337.2243
44.96,-2.9536,-2.0481,-2,0,0,333.9714
44.98,-3.2614,-1.8878,-2,0,0,331.0167
45,-3.5285,-1.7318,-2,0,0,328.3836
45.02,-3.755,-1.586,-2,0,0,326.0903
45.04,-3.9419,-1.4557,-2,0,0,324.1507
45.06,-4.0905,-1.3452,-2,0,0,322.5747
45.08,-4.202,-1.258,-2,0,0,321.3698
45.1,-4.2776,-1.1966,-2,0,0,320.5404
45.12,-4.3184,-1.1628,-2,0,0,320.0896
45.14,-4.3248,-1.1575,-2,0,0,320.0187
45.16,-4.2969,-1.1808,-2,0,0,320.328
45.18,-4.2343,-1.232,-2,0,0,321.0165
45.2,-4.1363,-1.3099,-2,0,0,322.0821
45.22,-4.0017,-1.412,-2,0,0,323.5204
45.24,-3.8292,-1.5354,-2,0,0,325.3254
45.26,-3.6176,-1.6759,-2,0,0,327.4883
45.28,-3.3657,-1.8288,-2,0,0,329.9966
45.3,-3.0731,-1.9883,-2,0,0,332.834
45.32,-2.7399,-2.1479,-2,0,0,335.9788
45.34,-2.3676,-2.3006,-2,0,0,339.4048
45.36,-1.9591,-2.4393,-2,0,0,343.0779
45.38,-1.5187,-2.5572,-2,0,0,346.9601
45.4,-1.0521,-2.648,-2,0,0,351.0068
45.42,-0.5669,-2.7069,-2,0,0,355.1689
45.44,-0.0712,-2.7304,-2,0,0,359.3936
45.46,0.4257,-2.7173,-2,0,0,3.6263
45.48,0.9149,-2.6683,-2,0,0,7.8125
45.5,1.3876,-2.5862,-2,0,0,11.8974
45.52,1.8362,-2.4755,-2,0,0,15.8314
45.54,2.2544,-2.342,-2,0,0,19.5685
45.56,2.6373,-2.1926,-2,0,0,23.0684
45.58,2.9818,-2.0342,-2,0,0,26.2966
45.6,3.2862,-1.874,-2,0,0,29.2243
45.62,3.5497,-1.7187,-2,0,0,31.8286
45.64,3.7728,-1.574,-2,0,0,34.0921
45.66,3.9563,-1.4453,-2,0,0,36.0005
45.68,4.1016,-1.3367,-2,0,0,37.5444
45.7,4.2099,-1.2517,-2,0,0,38.717
45.72,4.2825,-1.1926,-2,0,0,39.5136
45.74,4.3203,-1.1612,-2,0,0,39.9316
45.76,4.3237,-1.1584,-2,0,0,39.9695
45.78,4.2928,-1.1841,-2,0,0,39.6273
45.8,4.2272,-1.2377,-2,0,0,38.9059
45.82,4.1261,-1.3178,-2,0,0,37.808
45.84,3.9883,-1.4219,-2,0,0,36.3377
45.86,3.8125,-1.5469,-2,0,0,34.5013
45.88,3.5974,-1.6888,-2,0,0,32.308
45.9,3.342,-1.8425,-2,0,0,29.7704
45.92,3.0458,-2.0022,-2,0,0,26.9051
45.94,2.7092,-2.1615,-2,0,0,23.7348
45.96,2.3337,-2.3133,-2,0,0,20.2865
45.98,1.9222,-2.4505,-2,0,0,16.5936
46,1.4792,-2.5662,-2,0,0,12.6954
46.02,1.0108,-2.6544,-2,0,0,8.6367
46.04,0.5242,-2.7103,-2,0,0,4.4671
46.06,0.0281,-2.7307,-2,0,0,0.2388
46.08,-0.4686,-2.7144,-2,0,0,356.008
46.1,-0.9566,-2.6624,-2,0,0,351.8291
46.12,-1.4275,-2.5777,-2,0,0,347.7553
46.14,-1.8737,-2.4647,-2,0,0,343.8367
46.16,-2.289,-2.3296,-2,0,0,340.1186
46.18,-2.6687,-2.1791,-2,0,0,336.6409
46.2,-3.0098,-2.0203,-2,0,0,333.4373
46.22,-3.3106,-1.8603,-2,0,0,330.5368
46.24,-3.5706,-1.7056,-2,0,0,327.9614
46.26,-3.7902,-1.5622,-2,0,0,325.7285
46.28,-3.9704,-1.435,-2,0,0,323.8513
46.3,-4.1124,-1.3284,-2,0,0,322.3393
46.32,-4.2176,-1.2455,-2,0,0,321.1992
46.34,-4.2872,-1.1888,-2,0,0,320.4352
46.36,-4.3219,-1.1598,-2,0,0,320.05
46.38,-4.3224,-1.1595,-2,0,0,320.0451
46.4,-4.2885,-1.1877,-2,0,0,320.4202
46.42,-4.2199,-1.2437,-2,0,0,321.1743
46.44,-4.1156,-1.3259,-2,0,0,322.3046
46.46,-3.9746,-1.4319,-2,0,0,323.8069
46.48,-3.7954,-1.5586,-2,0,0,325.6746
46.5,-3.5769,-1.7017,-2,0,0,327.8987
46.52,-3.3179,-1.8562,-2,0,0,330.4653
46.54,-3.0182,-2.0161,-2,0,0,333.3576
46.56,-2.6782,-2.175,-2,0,0,336.5532
46.58,-2.2994,-2.3258,-2,0,0,340.024
46.6,-1.885,-2.4614,-2,0,0,343.7363
46.62,-1.4396,-2.575,-2,0,0,347.6503
46.64,-0.9692,-2.6606,-2,0,0,351.7212
46.66,-0.4815,-2.7135,-2,0,0,355.898
46.68,0.0151,-2.7308,-2,0,0,0.1282
46.7,0.5113,-2.7113,-2,0,0,4.3566
46.72,0.9982,-2.6563,-2,0,0,8.5285
46.74,1.4672,-2.5689,-2,0,0,12.5907
46.76,1.9109,-2.4538,-2,0,0,16.4937
46.78,2.3234,-2.3171,-2,0,0,20.1931
46.8,2.6998,-2.1656,-2,0,0,23.6482
46.82,3.0375,-2.0064,-2,0,0,26.8262
46.84,3.3348,-1.8466,-2,0,0,29.6993
46.86,3.5912,-1.6927,-2,0,0,32.2457
46.88,3.8073,-1.5504,-2,0,0,34.4482
46.9,3.9841,-1.4249,-2,0,0,36.2941
46.92,4.123,-1.3202,-2,0,0,37.7744
46.94,4.225,-1.2395,-2,0,0,38.8821
46.96,4.2916,-1.1852,-2,0,0,39.6132
46.98,4.3233,-1.1587,-2,0,0,39.9654
47,4.3208,-1.1608,-2,0,0,39.9375
47.02,4.284,-1.1914,-2,0,0,39.5294
47.04,4.2123,-1.2498,-2,0,0,38.7427
47.06,4.1049,-1.3342,-2,0,0,37.5797
47.08,3.9606,-1.4422,-2,0,0,36.0455
47.1,3.778,-1.5704,-2,0,0,34.1465
47.12,3.556,-1.7147,-2,0,0,31.8925
47.14,3.2936,-1.8699,-2,0,0,29.2969
47.16,2.9904,-2.03,-2,0,0,26.3774
47.18,2.6469,-2.1885,-2,0,0,23.1568
47.2,2.2649,-2.3383,-2,0,0,19.6636
47.22,1.8475,-2.4722,-2,0,0,15.9316
47.24,1.3997,-2.5836,-2,0,0,12.0022
47.26,0.9275,-2.6666,-2,0,0,7.9206
47.28,0.4387,-2.7165,-2,0,0,3.7371
47.3,-0.0582,-2.7305,-2,0,0,359.5049
47.32,-0.5539,-2.7079,-2,0,0,355.2792
47.34,-1.0396,-2.65,-2,0,0,351.1148
47.36,-1.5068,-2.5599,-2,0,0,347.0638
47.38,-1.948,-2.4427,-2,0,0,343.1768
47.4,-2.3574,-2.3044,-2,0,0,339.4977
47.42,-2.7306,-2.152,-2,0,0,336.0653
47.44,-3.0648,-1.9925,-2,0,0,332.9127
47.46,-3.3586,-1.833,-2,0,0,330.067
47.48,-3.6115,-1.6798,-2,0,0,327.5498
47.5,-3.8242,-1.5388,-2,0,0,325.3774
47.52,-3.9977,-1.415,-2,0,0,323.5629
47.54,-4.1332,-1.3122,-2,0,0,322.115
47.56,-4.2322,-1.2337,-2,0,0,321.0397
47.58,-4.2957,-1.1817,-2,0,0,320.3413
47.6,-4.3245,-1.1577,-2,0,0,320.022
47.62,-4.319,-1.1623,-2,0,0,320.0829
47.64,-4.2791,-1.1954,-2,0,0,320.5238
47.66,-4.2044,-1.2561,-2,0,0,321.3433
47.68,-4.0938,-1.3426,-2,0,0,322.5385
47.7,-3.9463,-1.4525,-2,0,0,324.1046
47.72,-3.7604,-1.5823,-2,0,0,326.0348
47.74,-3.5349,-1.7278,-2,0,0,328.3189
47.76,-3.269,-1.8836,-2,0,0,330.9434
47.78,-2.9621,-2.0439,-2,0,0,333.8904
47.8,-2.6152,-2.2019,-2,0,0,337.1358
47.82,-2.23,-2.3506,-2,0,0,340.6511
47.84,-1.8099,-2.4829,-2,0,0,344.4014
47.86,-1.3596,-2.592,-2,0,0,348.3458
47.88,-0.8857,-2.6722,-2,0,0,352.4383
47.9,-0.3959,-2.7191,-2,0,0,356.6282
47.92,0.1013,-2.73,-2,0,0,0.862
47.94,0.5966,-2.7043,-2,0,0,5.0851
47.96,1.081,-2.6434,-2,0,0,9.2417
47.98,1.5461,-2.5508,-2,0,0,13.2799
48,1.9848,-2.4315,-2,0,0,17.1505
48.02,2.3912,-2.2917,-2,0,0,20.8098
48.04,2.7611,-2.1383,-2,0,0,24.2191
48.06,3.0919,-1.9786,-2,0,0,27.3461
48.08,3.3821,-1.8193,-2,0,0,30.1646
48.1,3.6315,-1.667,-2,0,0,32.6524
48.12,3.8408,-1.5274,-2,0,0,34.794
48.14,4.0109,-1.4052,-2,0,0,36.577
48.16,4.1432,-1.3044,-2,0,0,37.9929
48.18,4.2391,-1.2282,-2,0,0,39.0357
48.2,4.2995,-1.1785,-2,0,0,39.7014
48.22,4.3254,-1.157,-2,0,0,39.9878
48.24,4.3169,-1.1641,-2,0,0,39.894
48.26,4.2741,-1.1996,-2,0,0,39.4202
48.28,4.1963,-1.2626,-2,0,0,38.568
48.3,4.0826,-1.3513,-2,0,0,37.3405
48.32,3.9317,-1.463,-2,0,0,35.7425
48.34,3.7425,-1.5944,-2,0,0,33.7813
48.36,3.5135,-1.741,-2,0,0,31.4667
48.38,3.244,-1.8975,-2,0,0,28.8136
48.4,2.9337,-2.0578,-2,0,0,25.8401
48.42,2.5834,-2.2153,-2,0,0,22.5701
48.44,2.195,-2.3628,-2,0,0,19.033
48.46,1.772,-2.4933,-2,0,0,15.2642
48.48,1.3195,-2.6002,-2,0,0,11.3051
48.5,0.8438,-2.6777,-2,0,0,7.2015
48.52,0.3529,-2.7215,-2,0,0,3.0056
48.54,-0.1444,-2.7292,-2,0,0,358.7706
48.56,-0.6391,-2.7004,-2,0,0,354.5516
48.58,-1.1221,-2.6366,-2,0,0,350.4033
48.6,-1.5852,-2.5414,-2,0,0,346.3778
48.62,-2.0213,-2.4201,-2,0,0,342.5237
48.64,-2.4247,-2.2788,-2,0,0,338.8847
48.66,-2.7914,-2.1246,-2,0,0,335.4981
48.68,-3.1187,-1.9647,-2,0,0,332.3969
48.7,-3.4053,-1.8058,-2,0,0,329.6068
48.72,-3.6512,-1.6544,-2,0,0,327.1483
48.74,-3.857,-1.516,-2,0,0,325.0374
48.76,-4.0238,-1.3956,-2,0,0,323.2858
48.78,-4.1529,-1.2968,-2,0,0,321.902
48.8,-4.2457,-1.2228,-2,0,0,320.8916
48.82,-4.3031,-1.1756,-2,0,0,320.2587
48.84,-4.326,-1.1565,-2,0,0,320.0053
48.86,-4.3146,-1.166,-2,0,0,320.132
48.88,-4.2687,-1.204,-2,0,0,320.6387
48.9,-4.1878,-1.2693,-2,0,0,321.5235
48.92,-4.071,-1.3601,-2,0,0,322.7833
48.94,-3.9169,-1.4737,-2,0,0,324.4133
48.96,-3.7242,-1.6066,-2,0,0,326.4056
48.98,-3.4918,-1.7542,-2,0,0,328.7498
49,-3.2187,-1.9113,-2,0,0,331.4315
49.02,-2.9049,-2.0716,-2,0,0,334.4317
49.04,-2.5512,-2.2285,-2,0,0,337.7261
49.06,-2.1597,-2.3749,-2,0,0,341.2847
49.08,-1.7339,-2.5036,-2,0,0,345.0723
49.1,-1.279,-2.6081,-2,0,0,349.0458
49.12,-0.8017,-2.6828,-2,0,0,353.1589
49.14,-0.31,-2.7236,-2,0,0,357.3603
49.16,0.1875,-2.7282,-2,0,0,1.5961
49.18,0.6815,-2.6962,-2,0,0,5.8111
49.2,1.1631,-2.6295,-2,0,0,9.9508
49.22,1.6242,-2.5319,-2,0,0,13.9639
49.24,2.0577,-2.4085,-2,0,0,17.801
49.26,2.458,-2.2659,-2,0,0,21.4195
49.28,2.8213,-2.1109,-2,0,0,24.7821
49.3,3.1451,-1.9508,-2,0,0,27.8573
49.32,3.4282,-1.7923,-2,0,0,30.6195
49.34,3.6706,-1.6418,-2,0,0,33.0484
49.36,3.873,-1.5048,-2,0,0,35.1286
49.38,4.0365,-1.3861,-2,0,0,36.8489
49.4,4.1624,-1.2894,-2,0,0,38.2005
49.42,4.2521,-1.2176,-2,0,0,39.1781
49.44,4.3065,-1.1728,-2,0,0,39.7782
49.46,4.3263,-1.1562,-2,0,0,39.9988
49.48,4.312,-1.1682,-2,0,0,39.8391
49.5,4.2631,-1.2086,-2,0,0,39.2996
49.52,4.1792,-1.2762,-2,0,0,38.3821
49.54,4.0591,-1.3691,-2,0,0,37.09
49.56,3.9017,-1.4845,-2,0,0,35.4284
49.58,3.7057,-1.6188,-2,0,0,33.4052
49.6,3.4697,-1.7675,-2,0,0,31.0311
49.62,3.1932,-1.9251,-2,0,0,28.321
49.64,2.8758,-2.0855,-2,0,0,25.2944
49.66,2.5187,-2.2417,-2,0,0,21.9753
49.68,2.124,-2.3868,-2,0,0,18.3953
49.7,1.6955,-2.5137,-2,0,0,14.5905
49.72,1.2385,-2.6158,-2,0,0,10.6029
49.74,0.7596,-2.6878,-2,0,0,6.4801
49.76,0.267,-2.7255,-2,0,0,2.2736
49.78,-0.2305,-2.7268,-2,0,0,358.0374
49.8,-0.7239,-2.6917,-2,0,0,353.8262
49.82,-1.204,-2.6222,-2,0,0,349.6954
49.84,-1.6629,-2.5221,-2,0,0,345.6963
49.86,-2.0937,-2.3968,-2,0,0,341.8765
49.88,-2.491,-2.2529,-2,0,0,338.2788
49.9,-2.8509,-2.0972,-2,0,0,334.9399
49.92,-3.1712,-1.9369,-2,0,0,331.8909
49.94,-3.4508,-1.7788,-2,0,0,329.1564
49.96,-3.6897,-1.6293,-2,0,0,326.7572
49.98,-3.8887,-1.4938,-2,0,0,324.7078
50,-4.0489,-1.3768,-2,0,0,323.0194
50.02,-4.1716,-1.2821,-2,0,0,321.7
50.04,-4.2581,-1.2126,-2,0,0,320.7549
50.06,-4.3095,-1.1702,-2,0,0,320.1877
50.08,-4.3265,-1.1561,-2,0,0,320
50.1,-4.3091,-1.1706,-2,0,0,320.1926
50.12,-4.2572,-1.2134,-2,0,0,320.7649
50.14,-4.1702,-1.2832,-2,0,0,321.7149
50.16,-4.047,-1.3782,-2,0,0,323.0396
50.18,-3.8863,-1.4955,-2,0,0,324.7328
50.2,-3.6868,-1.6312,-2,0,0,326.787
50.22,-3.4474,-1.7809,-2,0,0,329.1909
50.24,-3.1672,-1.939,-2,0,0,331.9292
50.26,-2.8464,-2.0993,-2,0,0,334.9823
50.28,-2.486,-2.2549,-2,0,0,338.3248
50.3,-2.0882,-2.3986,-2,0,0,341.9257
50.32,-1.657,-2.5236,-2,0,0,345.7482
50.34,-1.1978,-2.6233,-2,0,0,349.7494
50.36,-0.7174,-2.6924,-2,0,0,353.8815
50.38,-0.224,-2.727,-2,0,0,358.0928
50.4,0.2735,-2.7252,-2,0,0,2.3289
50.42,0.766,-2.687,-2,0,0,6.5348
50.44,1.2448,-2.6147,-2,0,0,10.6573
50.46,1.7015,-2.5122,-2,0,0,14.6427
50.48,2.1296,-2.385,-2,0,0,18.4448
50.5,2.5237,-2.2397,-2,0,0,22.0215
50.52,2.8803,-2.0833,-2,0,0,25.3364
50.54,3.1971,-1.923,-2,0,0,28.359
50.56,3.4731,-1.7655,-2,0,0,31.0648
50.58,3.7085,-1.617,-2,0,0,33.4343
50.6,3.9041,-1.4828,-2,0,0,35.4528
50.62,4.0609,-1.3677,-2,0,0,37.1095
50.64,4.1805,-1.2751,-2,0,0,38.3967
50.66,4.264,-1.2079,-2,0,0,39.3091
50.68,4.3124,-1.1679,-2,0,0,39.8436
50.7,4.3263,-1.1562,-2,0,0,39.9984
50.72,4.306,-1.1732,-2,0,0,39.7728
50.74,4.2511,-1.2184,-2,0,0,39.1675
50.76,4.161,-1.2905,-2,0,0,38.1849
50.78,4.0346,-1.3875,-2,0,0,36.8283
50.8,3.8706,-1.5065,-2,0,0,35.1034
50.82,3.6677,-1.6437,-2,0,0,33.0185
50.84,3.4247,-1.7944,-2,0,0,30.5851
50.86,3.1411,-1.9529,-2,0,0,27.8186
50.88,2.8168,-2.113,-2,0,0,24.7394
50.9,2.453,-2.2679,-2,0,0,21.3732
50.92,2.0521,-2.4103,-2,0,0,17.7515
50.94,1.6183,-2.5333,-2,0,0,13.9119
50.96,1.1569,-2.6306,-2,0,0,9.8974
50.98,0.6751,-2.6968,-2,0,0,5.7563
51,0.181,-2.7283,-2,0,0,1.5407
51.02,-0.3166,-2.7233,-2,0,0,357.3037
51.04,-0.8083,-2.6821,-2,0,0,353.1031
51.06,-1.2853,-2.6069,-2,0,0,348.9915
51.08,-1.7398,-2.502,-2,0,0,345.0202
51.1,-2.1651,-2.373,-2,0,0,341.236
51.12,-2.5561,-2.2265,-2,0,0,337.6807
51.14,-2.9093,-2.0695,-2,0,0,334.39
51.16,-3.2226,-1.9092,-2,0,0,331.3939
51.18,-3.4951,-1.7522,-2,0,0,328.7166
51.2,-3.727,-1.6047,-2,0,0,326.3769
51.22,-3.9192,-1.4721,-2,0,0,324.3893
51.24,-4.0728,-1.3587,-2,0,0,322.7644
51.26,-4.1891,-1.2682,-2,0,0,321.5095
51.28,-4.2695,-1.2033,-2,0,0,320.6296
51.3,-4.3149,-1.1657,-2,0,0,320.1279
51.32,-4.3259,-1.1565,-2,0,0,320.0062
51.34,-4.3026,-1.176,-2,0,0,320.2647
51.36,-4.2447,-1.2236,-2,0,0,320.9026
51.38,-4.1515,-1.298,-2,0,0,321.9178
51.4,-4.0219,-1.397,-2,0,0,323.3066
51.42,-3.8545,-1.5178,-2,0,0,325.063
51.44,-3.6482,-1.6563,-2,0,0,327.1786
51.46,-3.4018,-1.8078,-2,0,0,329.6415
51.48,-3.1146,-1.9668,-2,0,0,332.436
51.5,-2.7868,-2.1267,-2,0,0,335.5411
51.52,-2.4197,-2.2808,-2,0,0,338.9307
51.54,-2.0158,-2.4218,-2,0,0,342.5728
51.56,-1.5793,-2.5429,-2,0,0,346.4294
51.58,-1.1159,-2.6376,-2,0,0,350.4568
51.6,-0.6325,-2.701,-2,0,0,354.6078
51.62,-0.1378,-2.7294,-2,0,0,358.8273
51.64,0.3596,-2.7212,-2,0,0,3.0621
51.66,0.8502,-2.6769,-2,0,0,7.2571
51.68,1.3256,-2.5989,-2,0,0,11.3585
51.7,1.7778,-2.4917,-2,0,0,15.3154
51.72,2.2004,-2.3609,-2,0,0,19.0814
51.74,2.5882,-2.2132,-2,0,0,22.6152
51.76,2.9381,-2.0557,-2,0,0,25.8814
51.78,3.2478,-1.8953,-2,0,0,28.8508
51.8,3.5168,-1.739,-2,0,0,31.4996
51.82,3.7452,-1.5926,-2,0,0,33.8093
51.84,3.934,-1.4614,-2,0,0,35.7658
51.86,4.0843,-1.3499,-2,0,0,37.359
51.88,4.1975,-1.2616,-2,0,0,38.5819
51.9,4.2749,-1.1989,-2,0,0,39.429
51.92,4.3172,-1.1638,-2,0,0,39.8977
51.94,4.3252,-1.1571,-2,0,0,39.9865
51.96,4.299,-1.179,-2,0,0,39.6951
51.98,4.238,-1.229,-2,0,0,39.0244
52,4.1417,-1.3056,-2,0,0,37.9766
52.02,4.0089,-1.4067,-2,0,0,36.5558
52.04,3.8382,-1.5291,-2,0,0,34.7679
52.06,3.6285,-1.669,-2,0,0,32.6217
52.08,3.3785,-1.8214,-2,0,0,30.1294
52.1,3.0878,-1.9807,-2,0,0,27.3072
52.12,2.7566,-2.1404,-2,0,0,24.1763
52.14,2.3861,-2.2936,-2,0,0,20.7634
52.16,1.9792,-2.4332,-2,0,0,17.1012
52.18,1.54,-2.5522,-2,0,0,13.2268
52.2,1.0746,-2.6444,-2,0,0,9.1868
52.22,0.59,-2.7049,-2,0,0,5.0289
52.24,0.0947,-2.7301,-2,0,0,0.8059
52.26,-0.4024,-2.7187,-2,0,0,356.5723
52.28,-0.8921,-2.6714,-2,0,0,352.3833
52.3,-1.3658,-2.5907,-2,0,0,348.2925
52.32,-1.8157,-2.4813,-2,0,0,344.3504
52.34,-2.2354,-2.3487,-2,0,0,340.603
52.36,-2.6201,-2.1999,-2,0,0,337.091
52.38,-2.9665,-2.0418,-2,0,0,333.8494
52.4,-3.2727,-1.8816,-2,0,0,330.9069
52.42,-3.5381,-1.7258,-2,0,0,328.2868
52.44,-3.7631,-1.5805,-2,0,0,326.0072
52.46,-3.9485,-1.4509,-2,0,0,324.0813
52.48,-4.0956,-1.3413,-2,0,0,322.52
52.5,-4.2056,-1.2551,-2,0,0,321.3298
52.52,-4.2799,-1.1948,-2,0,0,320.5154
52.54,-4.3193,-1.1621,-2,0,0,320.0796
52.56,-4.3243,-1.1579,-2,0,0,320.0237
52.58,-4.2951,-1.1823,-2,0,0,320.3481
52.6,-4.2311,-1.2346,-2,0,0,321.0515
52.62,-4.1317,-1.3134,-2,0,0,322.1317
52.64,-3.9956,-1.4165,-2,0,0,323.5846
52.66,-3.8217,-1.5406,-2,0,0,325.4038
52.68,-3.6085,-1.6818,-2,0,0,327.5806
52.7,-3.355,-1.835,-2,0,0,330.1022
52.72,-3.0607,-1.9946,-2,0,0,332.952
52.74,-2.7259,-2.1541,-2,0,0,336.1095
52.76,-2.3522,-2.3064,-2,0,0,339.5453
52.78,-1.9423,-2.4444,-2,0,0,343.2275
52.8,-1.5007,-2.5613,-2,0,0,347.1171
52.82,-1.0333,-2.651,-2,0,0,351.1693
52.84,-0.5474,-2.7085,-2,0,0,355.3349
52.86,-0.0516,-2.7306,-2,0,0,359.561
52.88,0.4452,-2.716,-2,0,0,3.7929
52.9,0.9339,-2.6657,-2,0,0,7.9755
52.92,1.4058,-2.5823,-2,0,0,12.0554
52.94,1.8533,-2.4706,-2,0,0,15.9824
52.96,2.2701,-2.3364,-2,0,0,19.7109
52.98,2.6516,-2.1865,-2,0,0,23.2008
53,2.9946,-2.0279,-2,0,0,26.4176
53.02,3.2973,-1.8678,-2,0,0,29.333
53.04,3.5593,-1.7127,-2,0,0,31.925
53.06,3.7808,-1.5686,-2,0,0,34.1743
53.08,3.9627,-1.4406,-2,0,0,36.0684
53.1,4.1065,-1.3329,-2,0,0,37.5978
53.12,4.2135,-1.2488,-2,0,0,38.7556
53.14,4.2847,-1.1908,-2,0,0,39.5373
53.16,4.3211,-1.1606,-2,0,0,39.9403
53.18,4.3231,-1.1588,-2,0,0,39.9632
53.2,4.2909,-1.1857,-2,0,0,39.606
53.22,4.2239,-1.2404,-2,0,0,38.8698
53.24,4.1214,-1.3214,-2,0,0,37.7572
53.26,3.9821,-1.4264,-2,0,0,36.2723
53.28,3.8048,-1.5522,-2,0,0,34.4217
53.3,3.5881,-1.6946,-2,0,0,32.2146
53.32,3.331,-1.8487,-2,0,0,29.663
53.34,3.0332,-2.0086,-2,0,0,26.7856
53.36,2.6951,-2.1677,-2,0,0,23.6037
53.38,2.3181,-2.319,-2,0,0,20.1451
53.4,1.9053,-2.4555,-2,0,0,16.4433
53.42,1.4612,-2.5703,-2,0,0,12.5379
53.44,0.9918,-2.6573,-2,0,0,8.4738
53.46,0.5048,-2.7118,-2,0,0,4.3009
53.48,0.0085,-2.7308,-2,0,0,0.072
53.5,-0.488,-2.7131,-2,0,0,355.8423
53.52,-0.9755,-2.6597,-2,0,0,351.6665
53.54,-1.4456,-2.5737,-2,0,0,347.5979
53.56,-1.8906,-2.4598,-2,0,0,343.6863
53.58,-2.3046,-2.3239,-2,0,0,339.977
53.6,-2.6829,-2.173,-2,0,0,336.5095
53.62,-3.0225,-2.014,-2,0,0,333.3168
53.64,-3.3217,-1.854,-2,0,0,330.4288
53.66,-3.58,-1.6997,-2,0,0,327.8666
53.68,-3.7981,-1.5568,-2,0,0,325.6476
53.7,-3.9767,-1.4304,-2,0,0,323.7846
53.72,-4.1172,-1.3246,-2,0,0,322.2872
53.74,-4.221,-1.2427,-2,0,0,321.1618
53.76,-4.2892,-1.1871,-2,0,0,320.4128
53.78,-4.3226,-1.1593,-2,0,0,320.0427
53.8,-4.3217,-1.16,-2,0,0,320.0527
53.82,-4.2865,-1.1893,-2,0,0,320.4427
53.84,-4.2165,-1.2464,-2,0,0,321.2117
53.86,-4.1108,-1.3296,-2,0,0,322.3568
53.88,-3.9683,-1.4366,-2,0,0,323.8736
53.9,-3.7875,-1.564,-2,0,0,325.7561
53.92,-3.5674,-1.7076,-2,0,0,327.9936
53.94,-3.3069,-1.8624,-2,0,0,330.5735
53.96,-3.0055,-2.0225,-2,0,0,333.4782
53.98,-2.6639,-2.1812,-2,0,0,336.6852
54,-2.2837,-2.3315,-2,0,0,340.1663
54.02,-1.868,-2.4664,-2,0,0,343.8874
54.04,-1.4214,-2.579,-2,0,0,347.8084
54.06,-0.9502,-2.6634,-2,0,0,351.8839
54.08,-0.462,-2.7149,-2,0,0,356.0638
54.1,0.0346,-2.7307,-2,0,0,0.2949
54.12,0.5307,-2.7098,-2,0,0,4.5221
54.14,1.017,-2.6535,-2,0,0,8.6907
54.16,1.4852,-2.5649,-2,0,0,12.7476
54.18,1.9279,-2.4488,-2,0,0,16.6445
54.2,2.3389,-2.3113,-2,0,0,20.3344
54.22,2.7139,-2.1594,-2,0,0,23.7792
54.24,3.05,-2.0001,-2,0,0,26.9456
54.26,3.3457,-1.8404,-2,0,0,29.8062
54.28,3.6005,-1.6868,-2,0,0,32.3393
54.3,3.8151,-1.5451,-2,0,0,34.528
54.32,3.9903,-1.4204,-2,0,0,36.3596
54.34,4.1277,-1.3166,-2,0,0,37.825
54.36,4.2283,-1.2369,-2,0,0,38.918
54.38,4.2935,-1.1836,-2,0,0,39.6343
54.4,4.3239,-1.1582,-2,0,0,39.9715
54.42,4.32,-1.1615,-2,0,0,39.9286
54.44,4.2818,-1.1932,-2,0,0,39.5056
54.46,4.2087,-1.2526,-2,0,0,38.704
54.48,4.0999,-1.338,-2,0,0,37.5262
54.5,3.9541,-1.4469,-2,0,0,35.9773
54.52,3.77,-1.5758,-2,0,0,34.0641
54.54,3.5465,-1.7207,-2,0,0,31.7964
54.56,3.2824,-1.8761,-2,0,0,29.1876
54.58,2.9775,-2.0363,-2,0,0,26.2557
54.6,2.6325,-2.1946,-2,0,0,23.0238
54.62,2.249,-2.3439,-2,0,0,19.5205
54.64,1.8304,-2.4771,-2,0,0,15.7805
54.66,1.3815,-2.5875,-2,0,0,11.8442
54.68,0.9085,-2.6692,-2,0,0,7.7576
54.7,0.4192,-2.7177,-2,0,0,3.5711
54.72,-0.0777,-2.7303,-2,0,0,359.3382
54.74,-0.5733,-2.7063,-2,0,0,355.1139
54.76,-1.0585,-2.647,-2,0,0,350.9517
54.78,-1.5247,-2.5558,-2,0,0,346.9069
54.8,-1.9648,-2.4376,-2,0,0,343.0273
54.82,-2.3729,-2.2986,-2,0,0,339.3572
54.84,-2.7446,-2.1458,-2,0,0,335.9353
54.86,-3.0772,-1.9862,-2,0,0,332.7943
54.88,-3.3693,-1.8267,-2,0,0,329.9612
54.9,-3.6207,-1.674,-2,0,0,327.4574
54.92,-3.8318,-1.5336,-2,0,0,325.2992
54.94,-4.0037,-1.4105,-2,0,0,323.499
54.96,-4.1378,-1.3087,-2,0,0,322.0656
54.98,-4.2353,-1.2312,-2,0,0,321.0051
55,-4.2975,-1.1803,-2,0,0,320.3215
55.02,-4.3249,-1.1574,-2,0,0,320.0172
55.04,-4.3181,-1.1631,-2,0,0,320.0931
55.06,-4.2769,-1.1973,-2,0,0,320.549
55.08,-4.2007,-1.259,-2,0,0,321.3834
55.1,-4.0887,-1.3465,-2,0,0,322.5933
55.12,-3.9397,-1.4573,-2,0,0,324.174
55.14,-3.7523,-1.5878,-2,0,0,326.1184
55.16,-3.5252,-1.7338,-2,0,0,328.4162
55.18,-3.2576,-1.8899,-2,0,0,331.0538
55.2,-2.9492,-2.0502,-2,0,0,334.0126
55.22,-2.6008,-2.208,-2,0,0,337.2692
55.24,-2.2141,-2.3562,-2,0,0,340.7945
55.26,-1.7927,-2.4876,-2,0,0,344.5532
55.28,-1.3414,-2.5957,-2,0,0,348.5043
55.3,-0.8667,-2.6747,-2,0,0,352.6016
55.32,-0.3764,-2.7202,-2,0,0,356.7943
55.34,0.121,-2.7297,-2,0,0,1.0299
55.36,0.616,-2.7025,-2,0,0,5.2509
55.38,1.0997,-2.6403,-2,0,0,9.4038
55.4,1.564,-2.5465,-2,0,0,13.4362
55.42,2.0015,-2.4263,-2,0,0,17.2993
55.44,2.4065,-2.2858,-2,0,0,20.9494
55.46,2.775,-2.1321,-2,0,0,24.3482
55.48,3.1041,-1.9722,-2,0,0,27.4634
55.5,3.3927,-1.8132,-2,0,0,30.2688
55.52,3.6405,-1.6613,-2,0,0,32.7433
55.54,3.8482,-1.5222,-2,0,0,34.871
55.56,4.0168,-1.4008,-2,0,0,36.6397
55.58,4.1477,-1.3009,-2,0,0,38.041
55.6,4.2421,-1.2257,-2,0,0,39.069
55.62,4.3012,-1.1772,-2,0,0,39.72
55.64,4.3257,-1.1567,-2,0,0,39.9913
55.66,4.3159,-1.1649,-2,0,0,39.8824
55.68,4.2717,-1.2016,-2,0,0,39.3937
55.7,4.1925,-1.2656,-2,0,0,38.5266
55.72,4.0773,-1.3553,-2,0,0,37.2844
55.74,3.925,-1.4679,-2,0,0,35.6719
55.76,3.7342,-1.5999,-2,0,0,33.6965
55.78,3.5036,-1.747,-2,0,0,31.3686
55.8,3.2325,-1.9037,-2,0,0,28.7025
55.82,2.9206,-2.0641,-2,0,0,25.7169
55.84,2.5688,-2.2213,-2,0,0,22.4357
55.86,2.179,-2.3683,-2,0,0,18.8888
55.88,1.7547,-2.498,-2,0,0,15.1118
55.9,1.3011,-2.6038,-2,0,0,11.146
55.92,0.8246,-2.6801,-2,0,0,7.0372
55.94,0.3333,-2.7225,-2,0,0,2.8387
55.96,-0.1641,-2.7288,-2,0,0,358.6033
55.98,-0.6584,-2.6985,-2,0,0,354.3861
56,-1.1408,-2.6334,-2,0,0,350.2416
56.02,-1.603,-2.5371,-2,0,0,346.222
56.04,-2.0379,-2.4148,-2,0,0,342.3757
56.06,-2.4399,-2.273,-2,0,0,338.7459
56.08,-2.805,-2.1184,-2,0,0,335.3705
56.1,-3.1307,-1.9583,-2,0,0,332.2811
56.12,-3.4158,-1.7996,-2,0,0,329.5036
56.14,-3.6601,-1.6486,-2,0,0,327.0586
56.16,-3.8643,-1.5109,-2,0,0,324.9616
56.18,-4.0296,-1.3913,-2,0,0,323.2243
56.2,-4.1573,-1.2934,-2,0,0,321.8548
56.22,-4.2486,-1.2204,-2,0,0,320.8594
56.24,-4.3047,-1.1743,-2,0,0,320.2415
56.26,-4.3262,-1.1563,-2,0,0,320.0031
56.28,-4.3134,-1.167,-2,0,0,320.1449
56.3,-4.2662,-1.206,-2,0,0,320.6665
56.32,-4.1839,-1.2724,-2,0,0,321.5661
56.34,-4.0656,-1.3641,-2,0,0,322.8406
56.36,-3.91,-1.4786,-2,0,0,324.4849
56.38,-3.7158,-1.6121,-2,0,0,326.4913
56.4,-3.4818,-1.7602,-2,0,0,328.8491
56.42,-3.2071,-1.9176,-2,0,0,331.5437
56.44,-2.8917,-2.0779,-2,0,0,334.5559
56.46,-2.5365,-2.2345,-2,0,0,337.8613
56.48,-2.1434,-2.3804,-2,0,0,341.4308
56.5,-1.7164,-2.5082,-2,0,0,345.2259
56.52,-1.2605,-2.6117,-2,0,0,349.2059
56.54,-0.7825,-2.6851,-2,0,0,353.3235
56.56,-0.2904,-2.7245,-2,0,0,357.5273
56.58,0.2071,-2.7276,-2,0,0,1.7633
56.6,0.7008,-2.6942,-2,0,0,5.9763
56.62,1.1817,-2.6262,-2,0,0,10.112
56.64,1.6418,-2.5275,-2,0,0,14.1185
56.66,2.0741,-2.4032,-2,0,0,17.9477
56.68,2.473,-2.26,-2,0,0,21.5569
56.7,2.8348,-2.1047,-2,0,0,24.9087
56.72,3.157,-1.9445,-2,0,0,27.972
56.74,3.4385,-1.7862,-2,0,0,30.7215
56.76,3.6793,-1.6361,-2,0,0,33.1369
56.78,3.8802,-1.4998,-2,0,0,35.2037
56.8,4.0422,-1.3818,-2,0,0,36.9093
56.82,4.1666,-1.2861,-2,0,0,38.2462
56.84,4.2549,-1.2153,-2,0,0,39.209
56.86,4.3079,-1.1716,-2,0,0,39.7942
56.88,4.3264,-1.1561,-2,0,0,39.9997
56.9,4.3107,-1.1693,-2,0,0,39.825
56.92,4.2605,-1.2107,-2,0,0,39.2706
56.94,4.1751,-1.2794,-2,0,0,38.3383
56.96,4.0536,-1.3732,-2,0,0,37.0315
56.98,3.8948,-1.4895,-2,0,0,35.3556
57,3.6971,-1.6244,-2,0,0,33.3183
57.02,3.4596,-1.7736,-2,0,0,30.9307
57.04,3.1814,-1.9314,-2,0,0,28.2078
57.06,2.8624,-2.0918,-2,0,0,25.1682
57.08,2.5038,-2.2477,-2,0,0,21.8387
57.1,2.1077,-2.3922,-2,0,0,18.2491
57.12,1.678,-2.5183,-2,0,0,14.4362
57.14,1.2199,-2.6193,-2,0,0,10.4424
57.16,0.7404,-2.6899,-2,0,0,6.3153
57.18,0.2474,-2.7262,-2,0,0,2.1065
57.2,-0.2501,-2.7261,-2,0,0,357.8703
57.22,-0.7431,-2.6896,-2,0,0,353.6618
57.24,-1.2225,-2.6188,-2,0,0,349.5353
57.26,-1.6804,-2.5176,-2,0,0,345.5423
57.28,-2.11,-2.3915,-2,0,0,341.7305
57.3,-2.5059,-2.2469,-2,0,0,338.1423
57.32,-2.8643,-2.0909,-2,0,0,334.8143
57.34,-3.1831,-1.9305,-2,0,0,331.7763
57.36,-3.461,-1.7727,-2,0,0,329.0552
57.38,-3.6983,-1.6237,-2,0,0,326.6695
57.4,-3.8957,-1.4888,-2,0,0,324.6342
57.42,-4.0544,-1.3726,-2,0,0,322.9603
57.44,-4.1757,-1.2789,-2,0,0,321.6555
57.46,-4.2608,-1.2104,-2,0,0,320.7253
57.48,-4.3109,-1.1691,-2,0,0,320.173
57.5,-4.3264,-1.1561,-2,0,0,320.0004
57.52,-4.3077,-1.1717,-2,0,0,320.208
57.54,-4.2545,-1.2156,-2,0,0,320.7952
57.56,-4.166,-1.2865,-2,0,0,321.7601
57.58,-4.0414,-1.3824,-2,0,0,323.0991
57.6,-3.8792,-1.5005,-2,0,0,324.8066
57.62,-3.6782,-1.6369,-2,0,0,326.8747
57.64,-3.4371,-1.787,-2,0,0,329.2928
57.66,-3.1553,-1.9453,-2,0,0,332.044
57.68,-2.8329,-2.1055,-2,0,0,335.109
57.7,-2.471,-2.2608,-2,0,0,338.4623
57.72,-2.0718,-2.404,-2,0,0,342.0728
57.74,-1.6394,-2.5281,-2,0,0,345.9031
57.76,-1.1792,-2.6267,-2,0,0,349.9104
57.78,-0.6981,-2.6945,-2,0,0,354.0467
57.8,-0.2044,-2.7277,-2,0,0,358.26
57.82,0.2931,-2.7244,-2,0,0,2.496
57.84,0.7852,-2.6848,-2,0,0,6.6995
57.86,1.2631,-2.6112,-2,0,0,10.8164
57.88,1.7188,-2.5076,-2,0,0,14.7955
57.9,2.1457,-2.3796,-2,0,0,18.5895
57.92,2.5385,-2.2337,-2,0,0,22.1576
57.94,2.8936,-2.077,-2,0,0,25.4615
57.96,3.2088,-1.9167,-2,0,0,28.472
57.98,3.4832,-1.7594,-2,0,0,31.1648
58,3.717,-1.6113,-2,0,0,33.5207
58.02,3.911,-1.4779,-2,0,0,35.5251
58.04,4.0664,-1.3636,-2,0,0,37.1674
58.06,4.1845,-1.272,-2,0,0,38.4398
58.08,4.2665,-1.2058,-2,0,0,39.3374
58.1,4.3136,-1.1669,-2,0,0,39.857
58.12,4.3262,-1.1563,-2,0,0,39.9967
58.14,4.3045,-1.1744,-2,0,0,39.7561
58.16,4.2482,-1.2207,-2,0,0,39.1361
58.18,4.1567,-1.2939,-2,0,0,38.1387
58.2,4.0288,-1.3918,-2,0,0,36.7676
58.22,3.8633,-1.5116,-2,0,0,35.0279
58.24,3.6588,-1.6494,-2,0,0,32.9289
58.26,3.4143,-1.8005,-2,0,0,30.482
58.28,3.129,-1.9592,-2,0,0,27.7028
58.3,2.8031,-2.1193,-2,0,0,24.6117
58.32,2.4378,-2.2738,-2,0,0,21.2348
58.34,2.0356,-2.4156,-2,0,0,17.6038
58.36,1.6005,-2.5377,-2,0,0,13.7563
58.38,1.1382,-2.6338,-2,0,0,9.7359
58.4,0.6557,-2.6988,-2,0,0,5.5909
58.42,0.1613,-2.7288,-2,0,0,1.3734
58.44,-0.3361,-2.7224,-2,0,0,357.1381
58.46,-0.8273,-2.6797,-2,0,0,352.9399
58.48,-1.3035,-2.6033,-2,0,0,348.8329
58.5,-1.7571,-2.4974,-2,0,0,344.8669
58.52,-2.1812,-2.3675,-2,0,0,341.091
58.54,-2.5708,-2.2205,-2,0,0,337.5455
58.56,-2.9225,-2.0632,-2,0,0,334.2659
58.58,-3.2341,-1.9029,-2,0,0,331.282
58.6,-3.505,-1.7461,-2,0,0,328.6176
58.62,-3.7353,-1.5991,-2,0,0,326.2917
58.64,-3.9259,-1.4672,-2,0,0,324.3182
58.66,-4.078,-1.3547,-2,0,0,322.7078
58.68,-4.193,-1.2652,-2,0,0,321.4676
58.7,-4.272,-1.2013,-2,0,0,320.6026
58.72,-4.316,-1.1648,-2,0,0,320.1159
58.74,-4.3256,-1.1568,-2,0,0,320.0092
58.76,-4.301,-1.1773,-2,0,0,320.2826
58.78,-4.2417,-1.226,-2,0,0,320.9356
58.8,-4.1471,-1.3014,-2,0,0,321.9656
58.82,-4.016,-1.4014,-2,0,0,323.369
58.84,-3.8471,-1.5229,-2,0,0,325.1398
58.86,-3.6393,-1.6621,-2,0,0,327.2693
58.88,-3.3912,-1.814,-2,0,0,329.7457
58.9,-3.1024,-1.9731,-2,0,0,332.5529
58.92,-2.773,-2.133,-2,0,0,335.6697
58.94,-2.4044,-2.2867,-2,0,0,339.07
58.96,-1.9992,-2.427,-2,0,0,342.7213
58.98,-1.5615,-2.5471,-2,0,0,346.5855
59,-1.0971,-2.6407,-2,0,0,350.6187
59.02,-0.6133,-2.7028,-2,0,0,354.7722
59.04,-0.1182,-2.7297,-2,0,0,358.9933
59.06,0.379,-2.7201,-2,0,0,3.2276
59.08,0.8694,-2.6744,-2,0,0,7.4212
59.1,1.344,-2.5952,-2,0,0,11.5178
59.12,1.7951,-2.487,-2,0,0,15.4681
59.14,2.2164,-2.3554,-2,0,0,19.2256
59.16,2.6028,-2.2071,-2,0,0,22.7494
59.18,2.9511,-2.0493,-2,0,0,26.0045
59.2,3.2592,-1.889,-2,0,0,28.9616
59.22,3.5266,-1.7329,-2,0,0,31.5973
59.24,3.7534,-1.5871,-2,0,0,33.8933
59.26,3.9406,-1.4566,-2,0,0,35.8357
59.28,4.0894,-1.346,-2,0,0,37.4143
59.3,4.2012,-1.2586,-2,0,0,38.6222
59.32,4.2772,-1.197,-2,0,0,39.4545
59.34,4.3182,-1.163,-2,0,0,39.9084
59.36,4.3249,-1.1574,-2,0,0,39.9822
59.38,4.2972,-1.1805,-2,0,0,39.6758
59.4,4.2349,-1.2315,-2,0,0,38.9901
59.42,4.1372,-1.3092,-2,0,0,37.9276
59.44,4.0029,-1.4111,-2,0,0,36.4921
59.46,3.8307,-1.5343,-2,0,0,34.6899
59.48,3.6194,-1.6748,-2,0,0,32.5298
59.5,3.3678,-1.8276,-2,0,0,30.0241
59.52,3.0755,-1.987,-2,0,0,27.1892
59.54,2.7427,-2.1466,-2,0,0,24.0467
59.56,2.3707,-2.2994,-2,0,0,20.6233
59.58,1.9625,-2.4383,-2,0,0,16.9519
59.6,1.5223,-2.5564,-2,0,0,13.0713
59.62,1.0559,-2.6474,-2,0,0,9.0257
59.64,0.5707,-2.7065,-2,0,0,4.8643
59.66,0.075,-2.7304,-2,0,0,0.6385
59.68,-0.422,-2.7175,-2,0,0,356.4057
59.7,-0.9112,-2.6688,-2,0,0,352.2196
59.72,-1.384,-2.5869,-2,0,0,348.1337
59.74,-1.8328,-2.4764,-2,0,0,344.1984
59.76,-2.2513,-2.3431,-2,0,0,340.4596
59.78,-2.6345,-2.1938,-2,0,0,336.9577
59.8,-2.9793,-2.0355,-2,0,0,333.7273
59.82,-3.284,-1.8753,-2,0,0,330.7972
59.84,-3.5478,-1.7198,-2,0,0,328.1902
59.86,-3.7712,-1.5751,-2,0,0,325.9244
59.88,-3.955,-1.4462,-2,0,0,324.0132
59.9,-4.1006,-1.3375,-2,0,0,322.4663
59.92,-4.2092,-1.2522,-2,0,0,321.2908
59.94,-4.2821,-1.193,-2,0,0,320.491
59.96,-4.3201,-1.1614,-2,0,0,320.0702
59.98,-4.3238,-1.1583,-2,0,0,320.0293
60,-4.2932,-1.1838,-2,0,0,320.3687
60.02,-4.2279,-1.2372,-2,0,0,321.087
60.04,-4.127,-1.3171,-2,0,0,322.182
60.06,-3.9895,-1.421,-2,0,0,323.6495
60.08,-3.814,-1.5459,-2,0,0,325.4831
60.1,-3.5992,-1.6876,-2,0,0,327.6737
60.12,-3.3441,-1.8412,-2,0,0,330.2086
60.14,-3.0483,-2.0009,-2,0,0,333.071
60.16,-2.712,-2.1602,-2,0,0,336.239
60.18,-2.3368,-2.3121,-2,0,0,339.6852
60.2,-1.9256,-2.4495,-2,0,0,343.3763
60.22,-1.4827,-2.5654,-2,0,0,347.2743
60.24,-1.0144,-2.6539,-2,0,0,351.332
60.26,-0.528,-2.71,-2,0,0,355.501
60.28,-0.0319,-2.7307,-2,0,0,359.7284
60.3,0.4648,-2.7147,-2,0,0,3.9593
60.32,0.9529,-2.663,-2,0,0,8.1389
60.34,1.4239,-2.5784,-2,0,0,12.2136
60.36,1.8703,-2.4657,-2,0,0,16.1337
60.38,2.2859,-2.3307,-2,0,0,19.8535
60.4,2.6659,-2.1803,-2,0,0,23.3332
60.42,3.0073,-2.0216,-2,0,0,26.5386
60.44,3.3084,-1.8615,-2,0,0,29.4416
60.46,3.5687,-1.7068,-2,0,0,32.0196
60.48,3.7886,-1.5632,-2,0,0,34.2553
60.5,3.9691,-1.436,-2,0,0,36.1353
60.52,4.1115,-1.3291,-2,0,0,37.6506
60.54,4.2169,-1.246,-2,0,0,38.7936
60.56,4.2868,-1.1891,-2,0,0,39.5604
60.58,4.3218,-1.16,-2,0,0,39.9484
60.6,4.3225,-1.1594,-2,0,0,39.9563
60.62,4.2889,-1.1873,-2,0,0,39.5841
60.64,4.2205,-1.2431,-2,0,0,38.833
60.66,4.1166,-1.3251,-2,0,0,37.7056
60.68,3.9758,-1.431,-2,0,0,36.2061
60.7,3.797,-1.5575,-2,0,0,34.3412
60.72,3.5787,-1.7005,-2,0,0,32.1203
60.74,3.3201,-1.8549,-2,0,0,29.5562
60.76,3.0207,-2.0148,-2,0,0,26.6664
60.78,2.681,-2.1738,-2,0,0,23.4732
60.8,2.3024,-2.3247,-2,0,0,20.0033
60.82,1.8883,-2.4605,-2,0,0,16.2927
60.84,1.4431,-2.5743,-2,0,0,12.3801
60.86,0.9729,-2.6601,-2,0,0,8.3108
60.88,0.4853,-2.7133,-2,0,0,4.1346
60.9,-0.0112,-2.7308,-2,0,0,359.9047
60.92,-0.5075,-2.7116,-2,0,0,355.676
60.94,-0.9945,-2.6569,-2,0,0,351.5035
60.96,-1.4637,-2.5697,-2,0,0,347.4402
60.98,-1.9076,-2.4548,-2,0,0,343.5358
61,-2.3202,-2.3182,-2,0,0,339.8352
61.02,-2.697,-2.1668,-2,0,0,336.378
61.04,-3.035,-2.0077,-2,0,0,333.1978
61.06,-3.3326,-1.8478,-2,0,0,330.3221
61.08,-3.5894,-1.6938,-2,0,0,327.7723
61.1,-3.8058,-1.5515,-2,0,0,325.5672
61.12,-3.983,-1.4258,-2,0,0,323.7185
61.14,-4.122,-1.3209,-2,0,0,322.2357
61.16,-4.2244,-1.24,-2,0,0,321.1251
61.18,-4.2912,-1.1855,-2,0,0,320.391
61.2,-4.3232,-1.1588,-2,0,0,320.0359
61.22,-4.321,-1.1607,-2,0,0,320.0609
61.24,-4.2844,-1.1911,-2,0,0,320.4659
61.26,-4.213,-1.2492,-2,0,0,321.2498
61.28,-4.1059,-1.3334,-2,0,0,322.4096
61.3,-3.9619,-1.4412,-2,0,0,323.941
61.32,-3.7796,-1.5693,-2,0,0,325.8372
61.34,-3.558,-1.7135,-2,0,0,328.0884
61.36,-3.2958,-1.8686,-2,0,0,330.6813
61.38,-2.9928,-2.0288,-2,0,0,333.5993
61.4,-2.6496,-2.1873,-2,0,0,336.8177
61.42,-2.2679,-2.3372,-2,0,0,340.3089
61.44,-1.8509,-2.4713,-2,0,0,344.0387
61.46,-1.4032,-2.5829,-2,0,0,347.9667
61.48,-0.9312,-2.666,-2,0,0,352.0473
61.5,-0.4425,-2.7162,-2,0,0,356.2303
61.52,0.0543,-2.7306,-2,0,0,0.4623
61.54,0.5501,-2.7083,-2,0,0,4.6882
61.56,1.0359,-2.6506,-2,0,0,8.8533
61.58,1.5032,-2.5608,-2,0,0,12.9048
61.6,1.9447,-2.4437,-2,0,0,16.7933
61.62,2.3543,-2.3056,-2,0,0,20.4742
61.64,2.7278,-2.1532,-2,0,0,23.9087
61.66,3.0625,-1.9937,-2,0,0,27.0645
61.68,3.3565,-1.8341,-2,0,0,29.9126
61.7,3.6097,-1.6809,-2,0,0,32.4324
61.72,3.8227,-1.5399,-2,0,0,34.6071
61.74,3.9965,-1.4159,-2,0,0,36.4244
61.76,4.1323,-1.3129,-2,0,0,37.8753
61.78,4.2316,-1.2342,-2,0,0,38.9534
61.8,4.2953,-1.182,-2,0,0,39.6548
61.82,4.3244,-1.1578,-2,0,0,39.977
61.84,4.3192,-1.1622,-2,0,0,39.9191
61.86,4.2796,-1.195,-2,0,0,39.4811
61.88,4.2051,-1.2555,-2,0,0,38.6646
61.9,4.0949,-1.3419,-2,0,0,37.4724
61.92,3.9476,-1.4516,-2,0,0,35.9092
61.94,3.762,-1.5813,-2,0,0,33.9818
61.96,3.5368,-1.7266,-2,0,0,31.6997
61.98,3.2711,-1.8824,-2,0,0,29.0778
62,2.9647,-2.0427,-2,0,0,26.1336
62.02,2.6181,-2.2007,-2,0,0,22.8904
62.04,2.2332,-2.3495,-2,0,0,19.3771
62.06,1.8133,-2.4819,-2,0,0,15.6285
62.08,1.3632,-2.5913,-2,0,0,11.6854
62.1,0.8895,-2.6717,-2,0,0,7.5939
62.12,0.3997,-2.7189,-2,0,0,3.4045
62.14,-0.0974,-2.7301,-2,0,0,359.1708
62.16,-0.5927,-2.7046,-2,0,0,354.948
62.18,-1.0772,-2.644,-2,0,0,350.7907
62.2,-1.5425,-2.5516,-2,0,0,346.7514
62.22,-1.9814,-2.4325,-2,0,0,342.8792
62.24,-2.3883,-2.2928,-2,0,0,339.2171
62.26,-2.7585,-2.1395,-2,0,0,335.8057
62.28,-3.0895,-1.9798,-2,0,0,332.6765
62.3,-3.38,-1.8205,-2,0,0,329.856
62.32,-3.6298,-1.6682,-2,0,0,327.3655
62.34,-3.8393,-1.5284,-2,0,0,325.2213
62.36,-4.0097,-1.4061,-2,0,0,323.4354
62.38,-4.1423,-1.3051,-2,0,0,322.0166
62.4,-4.2385,-1.2286,-2,0,0,320.9709
62.42,-4.2992,-1.1788,-2,0,0,320.3023
62.44,-4.3253,-1.157,-2,0,0,320.013
62.46,-4.3171,-1.1639,-2,0,0,320.1038
62.48,-4.2745,-1.1992,-2,0,0,320.5746
62.5,-4.197,-1.262,-2,0,0,321.4238
62.52,-4.0836,-1.3505,-2,0,0,322.6487
