time,pos_x,pos_y,pos_z,rot_x,rot_y,rot_z
20.32,0.0015,0,0.0038,352.7869,6.01,356.5513
20.34,0.0019,-0.001,0.0038,352.792,6.0138,356.5473
20.36,0.002,-0.0007,0.0037,352.7903,6.0154,356.547
20.38,0.0023,-0.0008,0.0033,352.7906,6.0173,356.5477
20.4,0.0017,-0.0004,0.0036,352.7889,6.016,356.5492
20.42,0.0018,-0.0005,0.0035,352.7901,6.0158,356.5488
20.44,0.0017,-0.0009,0.0035,352.7913,6.0162,356.5474
20.46,0.0018,-0.0008,0.0034,352.7903,6.0169,356.549
20.48,0.0011,-0.0006,0.0039,352.7899,6.0123,356.5489
20.5,0.0015,-0.001,0.0038,352.7918,6.0149,356.5475
20.52,0.0009,-0.0008,0.0042,352.7908,6.0116,356.5482
20.54,0.0016,-0.0006,0.0037,352.7885,6.0162,356.5489
20.56,0.0018,-0.0006,0.0037,352.79,6.0174,356.5485
20.58,0.0024,-0.0012,0.0034,352.7923,6.0208,356.5473
20.6,0.0026,-0.0006,0.0033,352.7895,6.023,356.5478
20.62,0.0025,-0.0008,0.0033,352.7897,6.0232,356.5469
20.64,0.0018,-0.0008,0.0035,352.7906,6.019,356.5492
20.66,0.0014,-0.0008,0.0038,352.7906,6.0177,356.5486
20.68,0.0006,-0.0007,0.0047,352.7907,6.0102,356.5485
20.7,0.0011,-0.0007,0.0043,352.792,6.0141,356.5446
20.72,-0.0004,-0.0005,0.0047,352.7921,6.0078,356.5427
20.74,-0.0023,-0.0006,0.0033,352.7912,6.0008,356.5462
20.76,0.0004,-0.0007,0.0024,352.7916,6.0047,356.5448
20.78,0.0007,-0.0004,0.0032,352.7909,5.9992,356.546
20.8,0.001,-0.0005,0.0029,352.7891,6.0021,356.5457
20.82,0.0006,-0.0009,0.0024,352.7903,6.0056,356.5441
20.84,0.0017,-0.0009,0.0026,352.7949,6.0013,356.5403
20.86,0.0022,-0.0007,0.0025,352.7907,6.0035,356.539
20.88,0.001,-0.0003,0.0025,352.787,5.9997,356.5423
20.9,-0.002,-0.0002,0.0024,352.7885,5.999,356.5433
20.92,-0.0045,0.0001,0.0029,352.7892,5.9969,356.545
20.94,-0.0038,-0.0006,0.0032,352.7927,6.0105,356.5428
20.96,-0.0037,-0.0004,0.0032,352.7889,6.0129,356.5442
20.98,-0.0048,-0.0006,0.004,352.7897,6.0089,356.5453
21,-0.0062,-0.0004,0.0051,352.7912,6.0068,356.5481
21.02,-0.0059,-0.0003,0.0054,352.793,6.0091,356.5486
21.04,-0.0044,-0.0005,0.0062,352.7921,6.0205,356.5487
21.06,-0.0035,-0.0006,0.006,352.7922,6.0248,356.5485
21.08,-0.003,-0.0001,0.006,352.7903,6.0253,356.5499
21.1,-0.0027,-0.0004,0.0067,352.7929,6.0256,356.5494
21.12,-0.0023,-0.0001,0.0068,352.7923,6.027,356.5518
21.14,-0.001,-0.0006,0.0051,352.7919,6.0313,356.5515
21.16,0.0006,-0.0002,0.0035,352.7898,6.0366,356.5518
21.18,0.0004,-0.0013,0.0042,352.7951,6.0338,356.5477
21.2,0.0007,-0.0012,0.0041,352.7937,6.0318,356.5498
21.22,0.0009,-0.0012,0.0036,352.792,6.0304,356.5494
21.24,0.0006,-0.0002,0.003,352.787,6.0167,356.5533
21.26,0.001,-0.0002,0.0031,352.789,6.0173,356.5527
21.28,0,-0.0006,0.004,352.7908,6.0124,356.5534
21.3,0.0006,-0.0004,0.0028,352.7872,6.0214,356.5524
21.32,0.0001,-0.0008,0.0028,352.7898,6.0198,356.5505
21.34,0.0001,-0.0005,0.0037,352.7903,6.0206,356.5495
21.36,0.0007,-0.0006,0.0042,352.7917,6.0246,356.5481
21.38,0.0015,-0.0008,0.004,352.791,6.0321,356.5465
21.4,0.0008,-0.0002,0.0044,352.7886,6.0288,356.5496
21.42,0.0008,-0.0006,0.0046,352.7923,6.0309,356.5489
21.44,0.0016,-0.001,0.0053,352.7948,6.0329,356.5458
21.46,0.0021,-0.0011,0.0051,352.7943,6.0332,356.545
21.48,0.0019,-0.0006,0.0051,352.7914,6.0304,356.5469
21.5,0.0021,-0.0008,0.0048,352.7934,6.0311,356.5459
21.52,0.0019,-0.0008,0.0046,352.7939,6.0286,356.5453
21.54,0.0007,-0.0012,0.004,352.7959,6.0217,356.5435
21.56,0.0003,-0.0008,0.0038,352.7926,6.0175,356.5453
21.58,-0.0015,-0.0003,0.0045,352.792,6.0059,356.5461
21.6,-0.001,-0.0006,0.0034,352.7932,6.011,356.5456
21.62,-0.0007,-0.0004,0.0029,352.7899,6.0117,356.5455
21.64,-0.0026,-0.0004,0.0035,352.7904,6.0047,356.5453
21.66,-0.003,-0.0005,0.0032,352.791,6.0039,356.5458
21.68,-0.0029,-0.0005,0.0027,352.791,6.0047,356.5461
21.7,-0.0036,-0.0006,0.003,352.7907,5.9985,356.5467
21.72,-0.0033,-0.0004,0.0029,352.7891,6.0001,356.5467
21.74,-0.0041,-0.0004,0.0033,352.7898,5.9978,356.5476
21.76,-0.0046,-0.0007,0.0036,352.7908,5.9948,356.5482
21.78,-0.0044,-0.0007,0.0036,352.7905,5.9945,356.5489
21.8,-0.004,-0.0003,0.0036,352.7887,5.9957,356.5508
21.82,-0.0028,-0.0006,0.0035,352.7896,5.9989,356.5504
21.84,-0.0019,-0.0001,0.0034,352.788,6.0036,356.5518
21.86,-0.0013,-0.0003,0.003,352.7888,6.0062,356.551
21.88,-0.0002,-0.0002,0.003,352.7892,6.0081,356.5515
21.9,-0.0002,-0.0005,0.0033,352.7901,6.0075,356.5503
21.92,0.0003,-0.0003,0.0028,352.7892,6.0089,356.5503
21.94,0,-0.0005,0.0023,352.7898,6.0086,356.5484
21.96,-0.0001,-0.0007,0.0021,352.7901,6.0081,356.5457
21.98,-0.0009,-0.0002,0.0028,352.7888,6.0033,356.5467
22,-0.0012,-0.0002,0.0028,352.7894,6.0016,356.547
22.02,-0.0019,-0.0007,0.0029,352.7908,5.9996,356.5446
22.04,-0.0022,-0.0007,0.0029,352.7924,5.9996,356.5441
22.06,-0.0017,-0.0002,0.0026,352.7895,6.0023,356.5454
22.08,-0.0023,-0.0006,0.0032,352.7916,5.9991,356.5458
22.1,-0.0023,-0.0007,0.0031,352.7912,6.0028,356.5451
22.12,-0.002,-0.0007,0.003,352.7914,6.0096,356.5443
22.14,-0.0005,-0.0005,0.0037,352.7931,6.0126,356.5447
22.16,0.0007,-0.0007,0.0034,352.7913,6.0188,356.5443
22.18,-0.0003,-0.0007,0.0041,352.7902,6.0178,356.545
22.2,-0.0004,-0.0011,0.0044,352.7938,6.022,356.5438
22.22,0.0002,-0.0009,0.0046,352.7944,6.0245,356.5456
22.24,0.0017,-0.0007,0.0051,352.7921,6.0317,356.5468
22.26,0.0011,-0.0005,0.0049,352.7897,6.037,356.5483
22.28,-0.0003,-0.0005,0.0054,352.7919,6.0365,356.5498
22.3,0,-0.0008,0.0056,352.7953,6.0404,356.5478
22.32,0.0009,-0.0006,0.0061,352.795,6.0436,356.5468
22.34,0.004,-0.0001,0.0061,352.789,6.0641,356.5516
22.36,0.0019,-0.0003,0.0075,352.7935,6.0579,356.5524
22.38,0.0019,-0.0009,0.0073,352.7978,6.0599,356.5515
22.4,0.0006,-0.0008,0.0074,352.7963,6.0518,356.5549
22.42,0.0004,-0.0006,0.0067,352.7924,6.0505,356.5565
22.44,-0.0022,-0.0008,0.0063,352.7934,6.0421,356.5545
22.46,-0.0047,-0.001,0.0059,352.7975,6.027,356.5529
22.48,-0.006,0,0.0043,352.7899,6.0164,356.5551
22.5,-0.004,-0.0006,0.0027,352.7888,6.022,356.5496
22.52,-0.0029,-0.0006,0.0033,352.7899,6.0196,356.5495
22.54,-0.0024,-0.0003,0.0047,352.7939,6.0151,356.5459
22.56,-0.0016,-0.0006,0.0036,352.7941,6.0205,356.5422
22.58,-0.0017,-0.0005,0.0036,352.7944,6.0186,356.5406
22.6,-0.0011,-0.0004,0.0041,352.7938,6.0192,356.5383
22.62,-0.0015,-0.0006,0.0054,352.7969,6.0217,356.5379
22.64,-0.0053,-0.0004,0.005,352.7952,6.0256,356.5401
22.66,-0.0066,-0.0004,0.0047,352.7936,6.0149,356.5458
22.68,-0.0049,-0.0007,0.0042,352.7944,6.0199,356.5457
22.7,-0.0051,-0.0007,0.0047,352.7946,6.0154,356.5459
22.72,-0.0047,-0.0007,0.0038,352.7934,6.0153,356.5455
22.74,-0.0065,-0.0002,0.0033,352.7929,6.0075,356.5424
22.76,-0.0083,0,0.0041,352.7936,5.9998,356.5462
22.78,-0.0083,0.0009,0.0036,352.7871,5.9921,356.556
22.8,-0.0053,-0.0004,0.0012,352.7878,6.0034,356.5495
22.82,-0.0042,-0.0003,0.0005,352.7865,6.0064,356.5489
22.84,-0.0071,-0.0006,0.0041,352.7928,6.0007,356.5492
22.86,-0.0067,-0.0003,0.0041,352.7928,6.0025,356.5486
22.88,-0.0042,-0.0006,0.0025,352.7933,6.0084,356.5458
22.9,-0.0022,0.0002,0.0017,352.7886,6.0087,356.5478
22.92,-0.0031,-0.0005,0.0027,352.7888,6.0051,356.547
22.94,-0.0063,-0.0007,0.0033,352.7925,6.0086,356.5464
22.96,-0.0068,-0.0004,0.0034,352.7935,6.0028,356.5465
22.98,-0.005,-0.0002,0.0028,352.7917,6.008,356.544
23,-0.0047,-0.0004,0.0033,352.7915,6.0094,356.5417
23.02,-0.0051,-0.0005,0.0036,352.7918,6.0098,356.542
23.04,-0.006,-0.0007,0.0034,352.7944,6.0099,356.5421
23.06,-0.0055,-0.0004,0.0034,352.7945,6.0112,356.5432
23.08,-0.0046,-0.0006,0.0035,352.7941,6.0156,356.5417
23.1,-0.0042,-0.0005,0.004,352.7937,6.0177,356.5426
23.12,-0.0031,-0.001,0.0043,352.7965,6.0226,356.5411
23.14,-0.0021,-0.0006,0.0049,352.7955,6.0269,356.5417
23.16,-0.0015,-0.0003,0.0051,352.7923,6.0362,356.5442
23.18,-0.0007,-0.001,0.0055,352.797,6.0483,356.5439
23.2,-0.0004,-0.0008,0.0064,352.796,6.0494,356.546
23.22,0.0003,-0.001,0.0073,352.7987,6.0527,356.5461
23.24,0.0025,-0.0007,0.0077,352.7946,6.0653,356.5491
23.26,0.003,-0.0005,0.0072,352.7928,6.0648,356.55
23.28,0.0017,-0.0007,0.008,352.7948,6.0515,356.5501
23.3,0.0024,-0.0004,0.007,352.7935,6.0579,356.5522
23.32,0.0025,-0.0008,0.0068,352.7949,6.0591,356.551
23.34,-0.001,-0.0006,0.0071,352.7936,6.0406,356.555
23.36,-0.0027,-0.0005,0.0062,352.7928,6.0299,356.555
23.38,-0.0024,-0.0007,0.0046,352.7923,6.0294,356.5533
23.4,-0.0023,-0.0006,0.004,352.7911,6.0265,356.5524
23.42,-0.0023,-0.0008,0.0044,352.7926,6.0201,356.5511
23.44,-0.0009,-0.0008,0.0043,352.7926,6.0217,356.5495
23.46,0.0003,-0.0007,0.0038,352.7921,6.0292,356.5477
23.48,-0.0014,-0.0005,0.0057,352.7931,6.0192,356.552
23.5,0.0008,-0.0005,0.0051,352.7924,6.0312,356.5509
23.52,0.0014,-0.0006,0.0058,352.7941,6.033,356.5492
23.54,0.004,-0.0009,0.0055,352.7954,6.0477,356.5457
23.56,0.0042,-0.0009,0.0057,352.795,6.0508,356.5468
23.58,0.0047,-0.0008,0.0055,352.7949,6.0616,356.5453
23.6,0.004,-0.0009,0.0063,352.797,6.0535,356.5455
23.62,0.0039,-0.001,0.0061,352.7975,6.0532,356.543
23.64,0.0011,-0.0007,0.0056,352.7958,6.0358,356.5456
23.66,-0.0006,-0.0003,0.0051,352.7931,6.0277,356.545
23.68,0.0013,-0.0009,0.003,352.7946,6.0385,356.5409
23.7,-0.0009,-0.0007,0.0046,352.7958,6.0241,356.5428
23.72,-0.0017,-0.0007,0.005,352.7955,6.0153,356.5438
23.74,-0.0024,-0.0005,0.0038,352.7928,6.0114,356.5454
23.76,-0.0022,-0.0003,0.0031,352.7917,6.0124,356.5454
23.78,-0.0029,-0.0001,0.0038,352.7923,6.006,356.5464
23.8,-0.0036,-0.0006,0.0044,352.7946,6.007,356.5432
23.82,-0.0045,-0.0002,0.0041,352.7925,6.0079,356.5437
23.84,-0.0076,-0.0004,0.0035,352.7921,5.9988,356.5475
23.86,-0.0082,-0.0001,0.0038,352.7916,5.9971,356.549
23.88,-0.0082,-0.0004,0.004,352.7918,6,356.5504
23.9,-0.0077,-0.0005,0.0042,352.7915,6.005,356.5507
23.92,-0.0072,-0.0004,0.0047,352.7918,6.0041,356.5524
23.94,-0.0028,-0.0004,0.0044,352.791,6.0146,356.5512
23.96,-0.0019,-0.0008,0.0043,352.791,6.0204,356.5507
23.98,-0.0012,-0.0011,0.004,352.7929,6.0264,356.5508
24,-0.0008,-0.0004,0.0038,352.7908,6.0252,356.5532
24.02,-0.0007,-0.0006,0.0044,352.7929,6.0209,356.553
24.04,0.0014,-0.0007,0.0041,352.7914,6.0293,356.5496
24.06,0.0015,-0.0006,0.0036,352.7908,6.032,356.5489
24.08,0.0011,-0.0001,0.0033,352.7894,6.0301,356.5494
24.1,0.0004,-0.0002,0.0032,352.7907,6.0261,356.5493
24.12,-0.0003,-0.0006,0.0034,352.7922,6.021,356.5479
24.14,-0.0011,-0.0007,0.0032,352.7917,6.0195,356.5462
24.16,-0.0025,-0.0003,0.0033,352.7909,6.0129,356.549
24.18,-0.0021,-0.0003,0.0025,352.7911,6.0149,356.5471
24.2,-0.002,-0.0004,0.0028,352.7917,6.0122,356.5459
24.22,-0.0009,-0.0005,0.0026,352.7915,6.0145,356.5447
24.24,-0.0008,-0.0002,0.0026,352.7909,6.013,356.5445
24.26,-0.0002,-0.0004,0.0023,352.7929,6.0163,356.5441
24.28,0.0002,-0.0001,0.0027,352.7916,6.0163,356.545
24.3,0.001,-0.0005,0.0031,352.7924,6.0192,356.5438
24.32,0.0012,-0.0008,0.0035,352.7934,6.0232,356.5441
24.34,0.0002,-0.0004,0.0041,352.793,6.0285,356.5445
24.36,0.0009,-0.0003,0.0043,352.7919,6.0333,356.5459
24.38,0.0022,-0.0013,0.0049,352.8015,6.0474,356.5402
24.4,0.0024,-0.0007,0.0056,352.7944,6.0457,356.547
24.42,0.0028,-0.0007,0.0059,352.7942,6.0506,356.5475
24.44,0.0019,-0.0006,0.0077,352.7943,6.0531,356.5507
24.46,0.0012,-0.0009,0.0084,352.7967,6.0532,356.5514
24.48,0.0006,-0.0009,0.0077,352.7965,6.0525,356.5511
24.5,-0.0005,-0.0008,0.0069,352.795,6.0486,356.5506
24.52,-0.0019,-0.0008,0.0064,352.7944,6.0404,356.5507
24.54,-0.0016,-0.0007,0.006,352.7944,6.0413,356.5506
24.56,-0.0016,-0.0006,0.006,352.7933,6.0404,356.5505
24.58,-0.002,-0.0005,0.006,352.7917,6.0333,356.5552
24.6,-0.0019,-0.0008,0.0055,352.7934,6.035,356.5534
24.62,-0.0012,-0.0009,0.005,352.7937,6.039,356.5524
24.64,-0.0006,-0.0006,0.0052,352.7925,6.0337,356.5532
24.66,-0.0004,-0.0006,0.0048,352.791,6.0316,356.5525
24.68,-0.0005,-0.0005,0.0044,352.7895,6.0264,356.5529
24.7,0.0001,-0.0005,0.0041,352.7906,6.0281,356.5517
24.72,0.0007,-0.0003,0.0043,352.7894,6.0283,356.552
24.74,0.0015,-0.0007,0.0053,352.7913,6.0304,356.5507
24.76,0.0015,-0.0006,0.0052,352.7918,6.0327,356.5505
24.78,0.0023,-0.0008,0.0051,352.7945,6.0433,356.5476
24.8,0.0023,-0.0007,0.0057,352.7948,6.0426,356.5479
24.82,0.0029,-0.001,0.006,352.7958,6.0448,356.5471
24.84,0.0037,-0.0006,0.0057,352.7933,6.0452,356.5471
24.86,0.0046,-0.0002,0.0055,352.7929,6.045,356.5481
24.88,0.0033,0.0001,0.0063,352.7923,6.0371,356.5508
24.9,0.0033,-0.0006,0.006,352.7944,6.037,356.5471
24.92,0.0031,-0.0009,0.0048,352.7947,6.0388,356.5456
24.94,0.0004,-0.0005,0.0047,352.7947,6.0188,356.5452
24.96,-0.0002,-0.0005,0.0049,352.7939,6.0168,356.5443
24.98,-0.002,-0.0004,0.0057,352.7939,6.0087,356.5466
25,-0.0022,-0.0002,0.0047,352.7923,6.0101,356.5464
25.02,-0.0028,-0.0006,0.004,352.7932,6.0075,356.5465
25.04,-0.004,-0.0003,0.0043,352.7926,6.0008,356.5453
25.06,-0.0043,0.0001,0.0041,352.7907,6.0023,356.5469
25.08,-0.0059,-0.0002,0.0046,352.791,5.9951,356.547
25.1,-0.0055,-0.0005,0.0037,352.7919,5.9977,356.5458
25.12,-0.0056,-0.0002,0.0035,352.7912,5.9972,356.5493
25.14,-0.004,-0.0005,0.0035,352.7907,6.0035,356.5484
25.16,-0.0041,-0.0006,0.0039,352.7915,6.0031,356.5489
25.18,-0.0012,-0.0009,0.0018,352.7924,6.0233,356.5461
25.2,-0.0023,-0.0007,0.0029,352.7915,6.0127,356.5491
25.22,-0.0026,-0.0006,0.0035,352.7904,6.0094,356.5515
25.24,-0.0011,-0.0008,0.0036,352.7918,6.0178,356.5504
25.26,-0.0006,-0.0012,0.0034,352.7944,6.0203,356.5493
25.28,-0.0011,-0.0008,0.0039,352.793,6.0166,356.5517
25.3,-0.001,-0.0004,0.0039,352.7912,6.0179,356.5531
25.32,-0.001,-0.0007,0.0043,352.7916,6.0159,356.5515
25.34,-0.0009,-0.0003,0.004,352.7899,6.0145,356.5523
25.36,-0.0018,-0.0001,0.0043,352.789,6.0096,356.5521
25.38,-0.0009,-0.0005,0.0033,352.7904,6.0176,356.5491
25.4,-0.0012,-0.0001,0.0031,352.7888,6.0167,356.5501
25.42,-0.0011,-0.0002,0.003,352.7894,6.015,356.5486
25.44,-0.0014,-0.0007,0.0029,352.7916,6.0094,356.5466
25.46,-0.0015,-0.0003,0.0027,352.7895,6.0085,356.5488
25.48,-0.0061,0.0007,0.0061,352.7862,5.9715,356.5586
25.5,-0.0018,-0.0005,0.0029,352.7914,6.0059,356.548
25.52,-0.0016,-0.0005,0.0029,352.7919,6.0083,356.5465
25.54,-0.0008,-0.0003,0.003,352.7912,6.0124,356.5464
25.56,0.0005,-0.0007,0.0028,352.793,6.0187,356.5446
25.58,0.0004,-0.001,0.0034,352.7945,6.0186,356.5433
25.6,0.0003,-0.0007,0.0036,352.7936,6.0204,356.5444
25.62,-0.0003,-0.0006,0.0044,352.7939,6.0194,356.5463
25.64,0.0026,-0.0007,0.0047,352.794,6.0346,356.5459
25.66,0.0035,-0.0002,0.0048,352.7916,6.0431,356.5485
25.68,0.0034,-0.001,0.0052,352.7953,6.0463,356.548
25.7,0.003,-0.0008,0.0058,352.7947,6.0506,356.5487
25.72,0.0028,-0.001,0.0065,352.7964,6.0546,356.5496
25.74,0.003,-0.0006,0.0075,352.7946,6.0596,356.5512
25.76,0.0035,-0.001,0.0073,352.7967,6.0631,356.5493
25.78,0.004,-0.0014,0.0064,352.7972,6.0646,356.5486
25.8,0.0026,-0.0013,0.0067,352.7971,6.0567,356.55
25.82,0.0021,-0.0011,0.0064,352.7957,6.0514,356.5526
25.84,0.0011,-0.0009,0.0058,352.7928,6.0387,356.5552
25.86,0.0006,-0.0004,0.0053,352.7894,6.0331,356.5583
25.88,0.0009,-0.0006,0.004,352.7908,6.0349,356.5562
25.9,0,-0.0006,0.004,352.7903,6.0294,356.5557
25.92,0.0001,-0.0008,0.0037,352.7904,6.0287,356.5543
25.94,0.0002,-0.0007,0.0039,352.7903,6.0237,356.5539
25.96,0.0007,-0.0008,0.004,352.7907,6.0273,356.5517
25.98,-0.0003,-0.0008,0.0055,352.7933,6.0234,356.5517
26,0.0011,-0.0005,0.0051,352.7921,6.0289,356.5519
26.02,0.0014,-0.0003,0.0054,352.7907,6.0318,356.5527
26.04,0.0022,-0.0006,0.006,352.7924,6.0417,356.5511
26.06,0.0028,-0.0009,0.0063,352.796,6.045,356.5497
26.08,0.0059,-0.0014,0.0051,352.7978,6.0605,356.5445
26.1,0.0055,-0.0009,0.0063,352.7952,6.0516,356.5461
26.12,0.0051,-0.0006,0.007,352.7943,6.046,356.5468
26.14,0.0052,-0.0004,0.0056,352.7928,6.0482,356.546
26.16,0.0044,-0.0007,0.0055,352.7944,6.0429,356.5453
26.18,0.0039,-0.0001,0.0056,352.7915,6.0316,356.5496
26.2,0.0042,-0.0005,0.0054,352.7956,6.035,356.5453
26.22,0.0034,-0.0007,0.0054,352.794,6.0317,356.5428
26.24,-0.0021,-0.001,0.0045,352.795,6.0185,356.5462
26.26,-0.0047,-0.0005,0.0054,352.7941,6.0038,356.5487
26.28,-0.0057,0.0007,0.0061,352.7905,5.993,356.5525
26.3,-0.0028,-0.0001,0.0042,352.7906,6.0061,356.5449
26.32,-0.0039,-0.0001,0.0044,352.7904,5.9987,356.5468
26.34,-0.0056,-0.0006,0.0032,352.7926,5.9971,356.5466
26.36,-0.0046,-0.0003,0.0022,352.7912,6.0017,356.5481
26.38,-0.0013,-0.0014,0.0006,352.7941,6.0192,356.5432
26.4,-0.0032,-0.0005,0.0027,352.7902,6.0051,356.5484
26.42,-0.0024,-0.0006,0.0023,352.7902,6.0107,356.5484
26.44,-0.0038,-0.0007,0.0036,352.7933,6.0055,356.551
26.46,-0.003,-0.0011,0.0043,352.7939,6.0053,356.5504
26.48,-0.0023,-0.0007,0.0046,352.7926,6.0089,356.5525
26.5,-0.001,-0.0009,0.0039,352.791,6.0176,356.5513
26.52,-0.0008,-0.0004,0.004,352.7889,6.0195,356.5524
26.54,0.0011,-0.0005,0.0039,352.7909,6.0236,356.5513
26.56,0.0016,-0.0004,0.0039,352.7897,6.0254,356.5525
26.58,0.0009,-0.0003,0.0044,352.7883,6.0197,356.5546
26.6,0.0012,-0.0004,0.0037,352.789,6.0231,356.552
26.62,0.0008,-0.0003,0.0039,352.7895,6.0208,356.553
26.64,0.0009,-0.0004,0.0036,352.7899,6.0203,356.5514
26.66,0.0019,-0.0008,0.0026,352.7908,6.0245,356.5482
26.68,0,-0.0005,0.0037,352.7917,6.0119,356.5512
26.7,-0.0001,-0.0006,0.0035,352.7919,6.0132,356.5491
26.72,0.0005,-0.0007,0.0029,352.7925,6.0171,356.5478
26.74,0,-0.0005,0.0029,352.7904,6.0129,356.5479
26.76,-0.0004,-0.0005,0.0029,352.7908,6.0108,356.5475
26.78,-0.0015,-0.0003,0.0034,352.7919,6.0105,356.5482
26.8,-0.0013,-0.0007,0.0034,352.7928,6.0094,356.5472
26.82,-0.002,-0.0007,0.0042,352.7933,6.0036,356.5481
26.84,-0.0004,-0.0005,0.0036,352.7919,6.0135,356.5473
26.86,-0.0005,-0.0007,0.0039,352.7929,6.0144,356.5473
26.88,-0.0006,-0.0004,0.0039,352.7914,6.0197,356.5467
26.9,-0.0005,-0.0002,0.0041,352.7906,6.0216,356.5482
26.92,-0.0012,0,0.0051,352.7903,6.0196,356.5505
26.94,-0.0004,-0.0008,0.0055,352.7943,6.0315,356.5479
26.96,-0.001,-0.0006,0.0067,352.7927,6.028,356.5508
26.98,0.0004,-0.0006,0.0061,352.7942,6.0413,356.5493
27,0.0007,-0.0007,0.0063,352.7939,6.0429,356.5501
27.02,0.0014,-0.0009,0.0063,352.7943,6.0495,356.5496
27.04,0.0004,-0.0006,0.0069,352.7931,6.0463,356.5519
27.06,-0.0015,-0.0003,0.0072,352.7926,6.0401,356.5547
27.08,-0.0023,-0.0006,0.0073,352.7935,6.0307,356.554
27.1,-0.0011,-0.0004,0.0062,352.7915,6.0353,356.554
27.12,0.0007,-0.0009,0.0058,352.7943,6.0414,356.5511
27.14,0.0007,-0.0007,0.0058,352.7925,6.0419,356.5529
27.16,-0.0015,-0.0003,0.0061,352.7899,6.0307,356.5579
27.18,0.0005,-0.0012,0.0041,352.793,6.0423,356.5535
27.2,-0.0006,-0.0008,0.0049,352.7918,6.0333,356.555
27.22,-0.0003,-0.0005,0.0048,352.7904,6.0338,356.5534
27.24,-0.0006,-0.0005,0.0053,352.7913,6.0308,356.5524
27.26,0.0005,-0.0008,0.005,352.7935,6.0374,356.5488
27.28,0.0012,-0.0006,0.0053,352.7927,6.0402,356.5488
27.3,0.0011,-0.0006,0.006,352.7928,6.0401,356.5488
27.32,0.0009,-0.0005,0.0065,352.7925,6.0397,356.5501
27.34,0.0009,-0.0005,0.007,352.7937,6.038,356.5512
27.36,0.0013,-0.0008,0.007,352.7957,6.0369,356.5501
27.38,0.0018,-0.0006,0.0066,352.7945,6.0362,356.549
27.4,0.002,-0.0011,0.0062,352.7958,6.0353,356.5475
27.42,0.0015,-0.0003,0.0056,352.7914,6.0323,356.5486
27.44,0.0007,-0.0004,0.0049,352.7936,6.0265,356.5474
27.46,0.0013,-0.0005,0.0043,352.7925,6.0279,356.5454
27.48,0.0008,-0.0006,0.0044,352.7928,6.0209,356.5447
27.5,0.0002,-0.0005,0.0042,352.7924,6.0188,356.545
27.52,-0.0018,-0.0007,0.0042,352.7933,6.0133,356.5451
27.54,-0.0039,-0.0005,0.0041,352.7926,6.0034,356.548
27.56,-0.0036,-0.0005,0.0035,352.7906,6.0036,356.5481
27.58,-0.0041,-0.0005,0.0037,352.7905,6.0011,356.5476
27.6,-0.0047,-0.0006,0.0039,352.7914,5.999,356.5475
27.62,-0.0063,-0.0003,0.0045,352.7913,5.9953,356.5487
27.64,-0.0062,-0.0005,0.0042,352.7914,5.9981,356.5496
27.66,-0.0062,-0.0005,0.0045,352.7912,5.998,356.5501
27.68,-0.0015,-0.0023,0.0014,352.7997,6.0296,356.5419
27.7,-0.0047,-0.0003,0.004,352.7899,6.007,356.5515
27.72,-0.0036,-0.0009,0.0036,352.7933,6.0145,356.5513
27.74,-0.0027,-0.0005,0.0039,352.7909,6.0159,356.5511
27.76,-0.0025,-0.0006,0.0043,352.7915,6.0146,356.5513
27.78,-0.0022,-0.0006,0.0044,352.7908,6.0162,356.5503
27.8,-0.002,-0.0005,0.0041,352.7906,6.0166,356.5518
27.82,-0.0021,-0.0007,0.004,352.7919,6.017,356.5518
27.84,-0.0018,-0.0002,0.0041,352.7894,6.0157,356.5534
27.86,-0.0014,-0.0002,0.0039,352.7883,6.0203,356.5514
27.88,-0.0009,-0.0012,0.0032,352.7925,6.0217,356.5486
27.9,-0.0018,-0.0006,0.0035,352.7909,6.017,356.5505
27.92,-0.0026,0.0001,0.0039,352.7893,6.0108,356.5534
27.94,-0.0015,-0.0003,0.0034,352.7902,6.0137,356.549
27.96,-0.0029,-0.0001,0.0044,352.7904,6.0009,356.5504
27.98,-0.0007,-0.0007,0.0025,352.791,6.0183,356.5446
28,-0.0014,-0.0005,0.0028,352.7896,6.0109,356.5471
28.02,-0.0017,-0.0004,0.0031,352.7905,6.0091,356.5473
28.04,-0.0018,-0.0004,0.0034,352.7902,6.0087,356.5466
28.06,-0.0033,0.0001,0.0045,352.7888,5.9987,356.5493
28.08,-0.0004,-0.0008,0.003,352.7931,6.0158,356.5452
28.1,-0.0013,-0.0002,0.0038,352.791,6.0119,356.5464
28.12,-0.0012,-0.0004,0.0041,352.7906,6.0119,356.546
28.14,0.0002,-0.0005,0.0037,352.7916,6.0215,356.5448
28.16,0.0011,-0.0009,0.0037,352.7938,6.0289,356.5431
28.18,0.0005,-0.0001,0.0049,352.7905,6.0213,356.547
28.2,0.0001,-0.0002,0.0053,352.7919,6.024,356.5479
28.22,-0.0008,-0.0005,0.0058,352.7923,6.0261,356.5482
28.24,0,-0.0005,0.0059,352.7928,6.0366,356.5497
28.26,-0.0002,-0.0003,0.0065,352.7909,6.0347,356.5511
28.28,0.0002,-0.0002,0.0065,352.791,6.0354,356.5531
28.3,0.0016,-0.0003,0.0058,352.7908,6.0414,356.5518
28.32,0.0024,-0.0005,0.0053,352.793,6.0451,356.551
28.34,0.0018,-0.0008,0.0049,352.7922,6.0386,356.5513
28.36,0.0009,-0.0009,0.0054,352.7933,6.0306,356.5532
28.38,0.0004,-0.0002,0.0054,352.7901,6.0279,356.5555
28.4,0.0003,-0.0004,0.0053,352.7908,6.0288,356.5532
28.42,-0.0007,-0.0001,0.0054,352.7903,6.0256,356.5546
28.44,0.0001,-0.0003,0.005,352.79,6.0274,356.5534
28.46,0.0003,-0.0001,0.005,352.7886,6.031,356.5532
28.48,0.0016,-0.001,0.004,352.792,6.0455,356.5474
28.5,0.0001,-0.0007,0.0049,352.7914,6.0313,356.5529
28.52,0.0002,-0.0006,0.0047,352.7908,6.0301,356.554
28.54,0.0003,-0.0002,0.0057,352.7898,6.0245,356.5528
28.56,-0.0005,-0.0002,0.0064,352.7892,6.0207,356.5528
28.58,0.0004,-0.0004,0.0057,352.7905,6.0271,356.5514
28.6,0.001,-0.0005,0.0053,352.7915,6.0311,356.5506
28.62,0.001,-0.0003,0.0059,352.7899,6.0282,356.5509
28.64,0.0028,-0.0004,0.0059,352.7907,6.0344,356.5498
28.66,0.003,-0.0004,0.006,352.7912,6.0353,356.5497
28.68,0.004,-0.0011,0.0056,352.795,6.04,356.5467
28.7,0.0049,-0.0007,0.005,352.7928,6.0444,356.5457
28.72,0.0038,-0.0005,0.006,352.7923,6.0368,356.5475
28.74,0.002,0.0001,0.0059,352.7911,6.0278,356.5499
28.76,0.0004,-0.0003,0.0066,352.7939,6.0172,356.5489
28.78,0.0022,-0.0005,0.0046,352.7928,6.032,356.5448
28.8,0.0014,-0.0002,0.0046,352.7921,6.0264,356.5465
28.82,0.0011,-0.0004,0.0046,352.7925,6.0243,356.5448
28.84,0,-0.0004,0.0041,352.7915,6.0192,356.5441
28.86,-0.0008,-0.0005,0.0039,352.7919,6.0146,356.545
28.88,-0.001,-0.0004,0.0031,352.7905,6.0142,356.5458
28.9,-0.0025,-0.0003,0.0038,352.7913,6.0045,356.548
28.92,-0.0027,-0.0006,0.0034,352.7931,6.0076,356.5469
28.94,-0.0053,0,0.0037,352.7897,5.995,356.5506
28.96,-0.0043,-0.0004,0.0029,352.7905,6.0017,356.5489
28.98,-0.0044,-0.0003,0.003,352.7896,6.0001,356.5495
29,-0.0042,-0.0003,0.0033,352.7893,5.9992,356.5507
29.02,-0.0023,-0.0005,0.0024,352.7904,6.014,356.5476
29.04,-0.004,-0.0005,0.0032,352.7902,6.0083,356.5516
29.06,-0.0047,-0.0004,0.0035,352.7901,6.0082,356.5524
29.08,-0.0045,-0.0004,0.0038,352.7901,6.0088,356.5525
29.1,-0.0036,-0.0003,0.0038,352.7895,6.0117,356.5524
29.12,0.001,-0.0011,0.0022,352.7906,6.0348,356.545
29.14,-0.0008,-0.0007,0.0038,352.7905,6.0215,356.5529
29.16,0.0017,-0.0007,0.002,352.7903,6.0399,356.5499
29.18,0.0011,-0.0002,0.0031,352.7879,6.03,356.5521
29.2,0.0013,-0.0006,0.0036,352.7911,6.0272,356.5519
29.22,0.0013,-0.0002,0.0036,352.7886,6.0258,356.553
29.24,0.0012,-0.0003,0.0033,352.7888,6.0239,356.5525
29.26,-0.0012,-0.0002,0.0047,352.7892,6.007,356.555
29.28,0.001,-0.0009,0.0028,352.7921,6.0232,356.5484
29.3,0.0011,-0.0006,0.0029,352.7908,6.0193,356.5496
29.32,0.0004,-0.0003,0.0032,352.7898,6.0147,356.5506
29.34,-0.0002,0.0001,0.0031,352.7878,6.012,356.5499
29.36,-0.0007,0.0001,0.0032,352.7891,6.0092,356.5507
29.38,-0.0009,0.0002,0.0032,352.7885,6.0068,356.5515
29.4,-0.0012,0.0001,0.0033,352.7885,6.0063,356.55
29.42,-0.0027,0,0.0044,352.7888,6.0002,356.551
29.44,-0.0001,-0.0005,0.0032,352.7925,6.0145,356.5457
29.46,0.0003,0.0001,0.0037,352.79,6.0129,356.5475
29.48,0.0013,-0.0001,0.0037,352.7896,6.0176,356.546
29.5,0.0023,-0.0005,0.0034,352.7911,6.026,356.5462
29.52,0.0032,-0.0011,0.0027,352.7945,6.0422,356.5443
29.54,-0.0002,-0.0009,0.0052,352.7957,6.0323,356.5468
29.56,-0.0008,-0.0002,0.0057,352.7922,6.0329,356.5501
29.58,-0.0016,-0.0001,0.0069,352.7918,6.03,356.5514
29.6,0.0007,-0.0007,0.0061,352.7945,6.0372,356.5495
29.62,0.0021,-0.0007,0.0061,352.7954,6.0432,356.5483
29.64,0.002,-0.0009,0.0063,352.7942,6.0475,356.5475
29.66,0.0012,-0.0006,0.0062,352.7942,6.0481,356.5506
29.68,0.0007,-0.0005,0.0062,352.7938,6.0445,356.552
29.7,0.0015,-0.0003,0.0056,352.7929,6.0465,356.5518
29.72,0.0011,-0.0004,0.006,352.7924,6.0408,356.5521
29.74,0.0003,-0.0006,0.0056,352.7921,6.0427,356.5526
29.76,-0.0007,-0.0005,0.0058,352.7926,6.04,356.5531
29.78,-0.0006,-0.001,0.0057,352.7961,6.0399,356.5513
29.8,-0.0011,-0.0008,0.0059,352.7939,6.0353,356.5524
29.82,-0.0011,-0.001,0.0054,352.7924,6.0359,356.5523
29.84,-0.0016,-0.001,0.0046,352.7933,6.0304,356.5511
29.86,-0.0021,-0.0003,0.0051,352.7908,6.0252,356.5531
29.88,-0.002,-0.0001,0.0057,352.7896,6.0197,356.5534
29.9,-0.0014,-0.0004,0.0055,352.791,6.0252,356.5521
29.92,0.0005,-0.0007,0.0046,352.791,6.0341,356.5497
29.94,0.0013,-0.0007,0.0054,352.7942,6.0358,356.5492
29.96,0.0031,-0.0012,0.0055,352.7955,6.0435,356.5473
29.98,0.0027,-0.0014,0.0063,352.7968,6.0436,356.5459
30,0.0031,-0.0009,0.006,352.7946,6.0435,356.549
30.02,0.0035,-0.0006,0.006,352.7939,6.044,356.5489
30.04,0.006,-0.0009,0.0057,352.795,6.0504,356.5465
30.06,0.0052,-0.0004,0.0066,352.7923,6.0456,356.548
30.08,0.0044,-0.0007,0.0063,352.794,6.0449,356.5472
30.1,0.0027,-0.0006,0.0058,352.7948,6.0407,356.547
30.12,0.0031,-0.0008,0.0041,352.7947,6.0432,356.5452
30.14,0.0024,-0.0009,0.0054,352.7953,6.0308,356.544
30.16,0.0009,-0.0002,0.006,352.7926,6.0208,356.5467
30.18,0.0004,-0.0004,0.0048,352.7929,6.0211,356.5459
30.2,-0.0015,-0.0003,0.0045,352.7937,6.0146,356.5473
30.22,-0.0019,-0.0005,0.0044,352.7932,6.0082,356.5459
30.24,-0.0019,-0.0005,0.0043,352.7922,6.0044,356.5463
30.26,-0.0049,-0.0005,0.0057,352.7954,5.988,356.5482
30.28,-0.0044,0,0.0038,352.7902,5.9959,356.551
30.3,-0.005,-0.0003,0.0037,352.792,5.9953,356.5507
30.32,-0.0054,0.0001,0.0038,352.7883,5.9927,356.5507
30.34,-0.0054,-0.0005,0.004,352.7916,5.9962,356.5504
30.36,-0.0053,-0.0004,0.0036,352.7914,6.0006,356.5513
30.38,-0.0044,-0.0005,0.0032,352.7907,6.0119,356.5481
30.4,-0.0034,-0.0003,0.0033,352.79,6.0119,356.551
30.42,-0.0038,-0.0001,0.0042,352.7886,6.0057,356.5526
30.44,-0.0032,-0.0004,0.0046,352.7898,6.0079,356.5542
30.46,-0.002,-0.0002,0.0041,352.7895,6.0162,356.5529
30.48,-0.0014,-0.0005,0.004,352.79,6.0229,356.5513
30.5,-0.001,-0.0005,0.0039,352.7898,6.0237,356.5525
30.52,-0.0023,0,0.0051,352.7884,6.014,356.5552
30.54,0.0001,-0.0008,0.0039,352.7914,6.0229,356.5515
30.56,0.0011,-0.0007,0.0032,352.7914,6.027,356.5507
30.58,-0.0003,-0.0001,0.0041,352.789,6.0205,356.5512
30.6,-0.0006,-0.0006,0.004,352.7915,6.0184,356.5513
30.62,-0.0007,-0.001,0.0038,352.7933,6.016,356.5496
30.64,-0.0013,-0.0006,0.0038,352.791,6.0092,356.5514
30.66,-0.0021,-0.0003,0.0042,352.7897,6.0052,356.553
30.68,-0.0009,-0.0011,0.0033,352.7935,6.0144,356.546
30.7,-0.0008,-0.0004,0.0032,352.7899,6.0116,356.548
30.72,-0.0005,-0.0007,0.0031,352.7925,6.0134,356.5464
30.74,-0.0016,-0.0002,0.0033,352.7898,6.0068,356.5477
30.76,-0.0031,0.0002,0.0042,352.7888,5.9977,356.5503
30.78,-0.0018,0.0003,0.0034,352.788,6.0071,356.5486
30.8,-0.0012,-0.0004,0.0036,352.7918,6.0105,356.5446
30.82,0.0007,-0.0011,0.0027,352.7957,6.0257,356.5422
30.84,-0.0014,-0.0004,0.0044,352.7924,6.0159,356.5452
30.86,-0.0016,0,0.0047,352.79,6.0164,356.5473
30.88,-0.001,-0.0003,0.0047,352.7924,6.0214,356.5475
30.9,-0.0004,-0.0005,0.005,352.7947,6.0278,356.5477
30.92,0.0006,-0.0009,0.0054,352.7964,6.033,356.5481
30.94,0.0013,-0.0005,0.006,352.7941,6.0392,356.5507
30.96,0.003,-0.0004,0.0054,352.794,6.0535,356.5506
30.98,0.0033,-0.0006,0.006,352.7943,6.0526,356.5491
31,0.0029,-0.0004,0.0067,352.7932,6.0511,356.551
31.02,0.0037,-0.0004,0.0061,352.7925,6.0603,356.55
31.04,0.002,-0.0009,0.0068,352.7967,6.0529,356.5518
31.06,0.0001,-0.0007,0.0071,352.7956,6.0428,356.5559
31.08,0.0005,-0.0004,0.0062,352.7921,6.0424,356.5546
31.1,0.0019,-0.0013,0.005,352.7954,6.0498,356.5511
31.12,0.0004,-0.0006,0.0057,352.7934,6.038,356.5548
31.14,-0.0003,-0.0005,0.0055,352.792,6.0279,356.5554
31.16,0.0023,-0.0013,0.0032,352.7933,6.0412,356.5506
31.18,0.0006,-0.0005,0.0042,352.791,6.0309,356.5544
31.2,0.0003,-0.0004,0.0043,352.7901,6.0256,356.5545
31.22,0.0005,-0.0007,0.0043,352.7912,6.0261,356.553
31.24,0.0012,-0.0007,0.0039,352.7905,6.0319,356.5511
31.26,0.0014,-0.001,0.0039,352.7924,6.0346,356.55
31.28,0.0005,-0.001,0.0049,352.7938,6.0303,356.5507
31.3,0.0017,-0.0007,0.0043,352.7928,6.0364,356.5496
31.32,0.0022,-0.0009,0.0045,352.7931,6.0364,356.5495
31.34,0.0026,-0.0005,0.0047,352.7917,6.0379,356.5502
31.36,0.0015,-0.0005,0.0059,352.7934,6.0291,356.5518
31.38,0.0022,0,0.0056,352.7924,6.0298,356.5538
31.4,0.0024,-0.0002,0.0054,352.791,6.0308,356.5511
31.42,0.0022,-0.0004,0.005,352.7918,6.0318,356.5503
31.44,0.002,-0.0008,0.0047,352.795,6.0284,356.5478
31.46,0.0022,-0.0008,0.0047,352.7959,6.0288,356.5469
31.48,0.001,-0.0004,0.0052,352.7932,6.0203,356.5486
31.5,0.0015,-0.0008,0.004,352.7934,6.0294,356.5447
31.52,0.0008,-0.0007,0.0038,352.7934,6.0261,356.545
31.54,-0.0004,-0.0004,0.0046,352.7949,6.012,356.5461
31.56,0.0002,-0.0012,0.0038,352.7971,6.0172,356.5433
31.58,-0.0019,-0.0006,0.0041,352.7921,6.0077,356.5473
31.6,-0.0045,-0.0006,0.0039,352.7934,6.0014,356.5486
31.62,-0.0054,-0.001,0.0037,352.7956,5.9984,356.5477
31.64,-0.0043,-0.0011,0.0032,352.7931,6.0028,356.5472
31.66,-0.0041,-0.001,0.0033,352.7935,6.0032,356.5474
31.68,-0.0048,-0.001,0.0038,352.7935,5.9998,356.5474
31.7,-0.0049,-0.0009,0.0035,352.7935,6.001,356.5482
31.72,-0.0051,-0.0007,0.0035,352.793,6.0018,356.5498
31.74,-0.0044,-0.0001,0.0036,352.7886,6.004,356.5529
31.76,-0.0036,-0.0006,0.0037,352.7905,6.0071,356.5523
31.78,-0.0033,-0.001,0.0037,352.7932,6.0104,356.551
31.8,-0.003,-0.0006,0.0037,352.7906,6.0131,356.5524
31.82,-0.0016,-0.0004,0.0035,352.7895,6.0176,356.5533
31.84,-0.0003,-0.0007,0.0039,352.7921,6.0181,356.5529
31.86,0.0005,-0.0012,0.0037,352.7943,6.0217,356.5508
31.88,0.0008,-0.0005,0.0035,352.7904,6.0221,356.5527
31.9,0.0009,-0.0009,0.0035,352.7918,6.0203,356.5526
31.92,0.0016,-0.001,0.0029,352.7923,6.0223,356.5513
31.94,-0.0001,-0.0002,0.0037,352.7904,6.0149,356.553
31.96,-0.0004,-0.0006,0.0037,352.7915,6.0137,356.5509
31.98,-0.001,-0.0008,0.0038,352.7929,6.0111,356.5503
32,-0.0018,-0.0006,0.0038,352.7918,6.0079,356.5506
32.02,-0.003,-0.0002,0.0043,352.7904,6.0026,356.5503
32.04,-0.0036,-0.0002,0.0037,352.7899,6.002,356.5497
32.06,-0.0043,0.0001,0.0039,352.7888,5.9984,356.5503
32.08,-0.0044,-0.0002,0.0041,352.7914,5.9985,356.5493
32.1,-0.0051,0,0.0044,352.7903,5.995,356.5493
32.12,-0.0056,-0.0002,0.005,352.7924,5.9923,356.5493
32.14,-0.0031,-0.0001,0.0039,352.7906,6.0022,356.5485
32.16,-0.0028,0.0001,0.0042,352.7892,6.0043,356.5487
32.18,-0.0015,-0.0002,0.0041,352.7905,6.0108,356.5482
32.2,0.0001,-0.0007,0.0039,352.794,6.0197,356.545
32.22,0.0007,-0.0014,0.004,352.7957,6.0244,356.5439
32.24,-0.001,-0.0005,0.0053,352.7919,6.0219,356.5482
32.26,-0.0014,-0.0008,0.0062,352.7939,6.0216,356.5488
32.28,0.0001,-0.0008,0.0059,352.7945,6.0285,356.5482
32.3,0.0001,-0.0008,0.0063,352.7945,6.0293,356.5491
32.32,0.0007,-0.0011,0.0061,352.7953,6.0386,356.5477
32.34,0.0018,-0.0014,0.0055,352.7964,6.0468,356.5476
32.36,0.0017,-0.0009,0.0058,352.7939,6.0416,356.5515
32.38,0.0016,-0.0011,0.0062,352.7947,6.0353,356.5526
32.4,0.0025,-0.0011,0.0052,352.7937,6.0393,356.5514
32.42,0.0015,-0.0007,0.0054,352.7912,6.0347,356.5532
32.44,0.0019,-0.0011,0.0038,352.7934,6.0381,356.5516
32.46,0.0003,-0.0005,0.0048,352.7917,6.0264,356.5556
32.48,-0.0005,-0.0004,0.0051,352.7895,6.0209,356.5566
32.5,-0.0013,-0.0004,0.0048,352.7886,6.0216,356.5555
32.52,-0.0022,-0.0009,0.0052,352.7928,6.0201,356.5548
32.54,-0.0018,-0.0008,0.0051,352.7929,6.0223,356.5533
32.56,0.0009,-0.0004,0.004,352.7893,6.0355,356.5519
32.58,-0.0003,-0.0009,0.0055,352.7935,6.0258,356.5523
32.6,0.0002,-0.0009,0.0054,352.7934,6.0283,356.5521
32.62,0.001,-0.0007,0.0049,352.7933,6.0319,356.5531
32.64,0.002,-0.0005,0.0047,352.7908,6.0328,356.5529
32.66,0.0032,-0.0009,0.0048,352.7929,6.0335,356.5515
32.68,0.0037,-0.0007,0.005,352.7926,6.036,356.549
32.7,0.0026,-0.0004,0.0055,352.7921,6.0315,356.5497
32.72,0.0024,-0.001,0.0054,352.7949,6.0325,356.5475
32.74,0.0035,-0.0009,0.004,352.7938,6.0379,356.5477
32.76,0.002,-0.0001,0.0049,352.7913,6.0276,356.5508
32.78,0.0025,-0.0006,0.0047,352.7932,6.029,356.5469
32.8,0.0021,-0.0005,0.0049,352.7927,6.0262,356.5464
32.82,0.002,-0.0003,0.0046,352.7919,6.0252,356.5472
32.84,0.0006,-0.001,0.0035,352.7938,6.0236,356.5451
32.86,-0.0018,-0.0011,0.0041,352.7957,6.014,356.5468
32.88,-0.0033,-0.0005,0.0046,352.7941,6.0043,356.5496
32.9,-0.0041,-0.0003,0.0043,352.7919,6.0018,356.5497
32.92,-0.0056,-0.0008,0.0046,352.7941,5.9982,356.5487
32.94,-0.0059,-0.0008,0.0031,352.792,6.0023,356.5483
32.96,-0.0068,-0.0002,0.0037,352.7899,5.9953,356.552
32.98,-0.0069,0.0002,0.0039,352.7883,5.9933,356.5537
33,-0.0067,-0.0005,0.0036,352.7908,5.998,356.5512
33.02,-0.0073,-0.0008,0.004,352.7919,5.9963,356.5512
33.04,-0.0062,-0.0007,0.004,352.7925,6.0015,356.5516
33.06,-0.005,-0.0008,0.0036,352.7923,6.0049,356.5516
33.08,-0.0046,-0.0007,0.0039,352.791,6.0062,356.552
33.1,-0.0039,-0.0006,0.0037,352.7901,6.0109,356.5521
33.12,-0.003,-0.0003,0.0034,352.7892,6.0133,356.5537
33.14,-0.0021,-0.0007,0.0035,352.7906,6.0164,356.5515
33.16,-0.0017,-0.0008,0.0036,352.7913,6.0169,356.5514
33.18,-0.0015,-0.0006,0.0037,352.7909,6.0189,356.5515
33.2,-0.0016,-0.0002,0.0037,352.7895,6.0177,356.5524
33.22,-0.001,-0.0004,0.0032,352.7906,6.021,356.5506
33.24,-0.0027,-0.0006,0.0041,352.7918,6.0064,356.5511
33.26,-0.0031,-0.0003,0.0039,352.7892,6.0064,356.5503
33.28,-0.0029,-0.0009,0.0037,352.7935,6.0073,356.5482
33.3,-0.0027,-0.0006,0.0034,352.7918,6.0071,356.548
33.32,-0.003,-0.0002,0.0035,352.7882,6.0019,356.5504
33.34,-0.0026,-0.0007,0.0034,352.7915,6.0036,356.5474
33.36,-0.0025,-0.0006,0.0034,352.7917,6.0044,356.5476
33.38,-0.0026,-0.0005,0.0036,352.7915,6.0041,356.5479
33.4,-0.0021,-0.0007,0.0037,352.7924,6.005,356.5462
33.42,-0.0019,-0.0005,0.004,352.7919,6.0046,356.5467
33.44,-0.0007,-0.0009,0.0038,352.7944,6.0099,356.5466
33.46,0.0005,-0.0006,0.0036,352.7928,6.0154,356.5456
33.48,0.0006,-0.0004,0.0042,352.7917,6.0158,356.5467
33.5,0.0002,-0.0002,0.0046,352.7909,6.0123,356.5487
33.52,0.0015,-0.0002,0.0042,352.7899,6.0213,356.5482
33.54,0.0009,-0.0009,0.0052,352.7945,6.0208,356.5485
33.56,0.0004,-0.0006,0.0056,352.7934,6.0219,356.5504
33.58,-0.0002,-0.0005,0.006,352.7934,6.0238,356.5512
33.6,0.0003,-0.0007,0.0057,352.7922,6.0318,356.5505
33.62,-0.0003,-0.0011,0.0061,352.7984,6.0303,356.5498
33.64,-0.0001,-0.0006,0.0061,352.7923,6.0313,356.5508
33.66,0.0001,-0.0008,0.0058,352.7929,6.0319,356.5504
33.68,-0.0003,-0.0007,0.0057,352.7924,6.0298,356.552
33.7,-0.0005,-0.0007,0.0054,352.792,6.0298,356.5516
33.72,-0.0017,-0.0002,0.0056,352.7896,6.0219,356.5559
33.74,-0.0007,-0.0006,0.0048,352.7915,6.025,356.5538
33.76,-0.0008,-0.0009,0.0048,352.7919,6.0225,356.5524
33.78,-0.001,-0.0008,0.0045,352.7916,6.0204,356.5531
33.8,-0.0011,-0.0005,0.0043,352.7899,6.0175,356.5538
33.82,-0.0007,-0.0008,0.0042,352.7914,6.0174,356.5518
33.84,0,-0.0007,0.0046,352.7908,6.0155,356.5524
33.86,0.0007,-0.0005,0.0043,352.79,6.0178,356.553
33.88,0.0002,-0.0005,0.0047,352.7905,6.0185,356.5521
33.9,0.0006,-0.0006,0.0047,352.791,6.0206,356.5527
33.92,0.0019,-0.0013,0.0047,352.7962,6.0282,356.549
33.94,0.0032,-0.0009,0.0054,352.7931,6.0312,356.5484
33.96,0.0035,-0.0012,0.0056,352.7947,6.035,356.5468
33.98,0.0035,-0.0006,0.0058,352.7931,6.0365,356.5488
34,0.003,-0.0006,0.0066,352.7944,6.0321,356.5501
34.02,0.0037,-0.0008,0.0059,352.7939,6.0357,356.5488
34.04,0.0027,-0.0003,0.0053,352.7906,6.0323,356.5501
34.06,0.0024,-0.0006,0.0054,352.7937,6.0281,356.5484
34.08,0.0019,-0.0006,0.0058,352.7952,6.0219,356.5468
34.1,0.0021,-0.0008,0.0049,352.7949,6.0244,356.5459
34.12,0.0021,-0.0008,0.0038,352.7928,6.0255,356.5456
34.14,0.0008,-0.0005,0.0036,352.7932,6.0191,356.5449
34.16,0,-0.0007,0.0042,352.7947,6.0135,356.545
34.18,-0.0016,-0.0008,0.005,352.7949,6.0058,356.5451
34.2,-0.0036,0,0.0044,352.7908,6.0036,356.5493
34.22,-0.0055,-0.0002,0.0042,352.7914,5.9994,356.5506
34.24,-0.0038,-0.0008,0.0031,352.7936,6.0096,356.5468
34.26,-0.0047,-0.0007,0.0042,352.7931,6.0013,356.5493
34.28,-0.0049,-0.0004,0.0042,352.7905,6.0009,356.5501
34.3,-0.0067,-0.0003,0.0045,352.7901,5.9945,356.5529
34.32,-0.0055,-0.0009,0.0035,352.7938,6.0031,356.55
34.34,-0.0046,-0.0007,0.0041,352.7923,6.0049,356.5512
34.36,-0.0026,-0.0005,0.0033,352.7901,6.0133,356.5523
34.38,-0.0029,-0.0007,0.0037,352.7915,6.0124,356.5501
34.4,-0.0028,-0.001,0.0036,352.7942,6.0138,356.5502
34.42,-0.0035,-0.0011,0.0042,352.7953,6.0102,356.551
34.44,-0.0019,-0.0009,0.0037,352.7924,6.0139,356.552
34.46,-0.002,-0.0006,0.0038,352.7907,6.0121,356.5516
34.48,-0.0024,-0.0008,0.0043,352.7927,6.0099,356.5508
34.5,-0.0016,-0.0006,0.0035,352.7921,6.0129,356.5507
34.52,-0.0027,-0.0003,0.0042,352.7903,6.0076,356.5524
34.54,-0.0027,-0.0005,0.0045,352.7907,6.0043,356.5515
34.56,-0.0021,-0.0004,0.0041,352.7908,6.0063,356.551
34.58,-0.0017,-0.0007,0.0036,352.7915,6.0083,356.5495
34.6,-0.0026,-0.0002,0.0041,352.7896,6.0005,356.5533
34.62,-0.0018,-0.0005,0.0037,352.7907,6.0053,356.5508
34.64,0.0003,-0.0006,0.0029,352.7918,6.0138,356.5474
34.66,-0.0007,0,0.0032,352.7894,6.0101,356.5486
34.68,-0.0015,-0.0003,0.0037,352.7903,6.0046,356.5476
34.7,-0.0003,-0.0007,0.003,352.7914,6.0122,356.5451
34.72,-0.0004,-0.0006,0.0033,352.7922,6.0116,356.5459
34.74,-0.0005,-0.001,0.004,352.7949,6.01,356.5455
34.76,-0.0005,-0.0007,0.0042,352.7937,6.0106,356.5471
34.78,0.0006,-0.0005,0.0039,352.7924,6.0176,356.5464
34.8,0.0012,-0.001,0.0045,352.7952,6.0218,356.5442
34.82,0.0014,-0.0008,0.0046,352.7936,6.0262,356.5462
34.84,0.001,-0.001,0.0048,352.7932,6.0319,356.547
34.86,0.0005,-0.0012,0.005,352.795,6.0337,356.547
34.88,-0.0002,-0.001,0.0062,352.7952,6.0268,356.5507
34.9,0.0011,-0.0011,0.0057,352.7957,6.0376,356.549
34.92,0.0004,-0.0009,0.0059,352.795,6.0354,356.5497
34.94,0.0003,-0.0006,0.0057,352.793,6.0339,356.551
34.96,0.0008,-0.0008,0.0058,352.7949,6.0335,356.55
34.98,0.0024,-0.0009,0.0056,352.7944,6.038,356.5489
35,0.0003,-0.001,0.0072,352.7941,6.0267,356.553
35.02,0.0025,-0.0011,0.0058,352.7943,6.0381,356.5525
35.04,0.0025,-0.0015,0.0056,352.7962,6.0413,356.5522
35.06,0.0015,-0.0012,0.0057,352.794,6.037,356.5541
35.08,-0.0005,-0.0006,0.0052,352.7901,6.0256,356.5568
35.1,-0.0019,-0.0003,0.0051,352.7903,6.0147,356.5589
35.12,-0.0012,-0.0007,0.0039,352.7907,6.0168,356.5562
35.14,0.0007,-0.0018,0.0037,352.7946,6.0224,356.5496
35.16,-0.0004,-0.0007,0.0048,352.7919,6.0158,356.5522
35.18,0.0001,-0.0007,0.0044,352.791,6.0201,356.5504
35.2,-0.0011,-0.0007,0.0053,352.7921,6.0176,356.5515
35.22,-0.0003,-0.0009,0.0055,352.7935,6.0218,356.5516
35.24,0.0031,-0.0016,0.0048,352.7965,6.0431,356.5471
35.26,0.003,-0.001,0.0055,352.7938,6.0372,356.549
35.28,0.0032,-0.0009,0.0055,352.7938,6.0378,356.5491
35.3,0.0032,-0.0009,0.0053,352.7934,6.0385,356.5477
35.32,0.0027,-0.0009,0.0053,352.7936,6.0361,356.5481
35.34,0.003,-0.0008,0.0044,352.7932,6.0333,356.5479
35.36,0.0027,-0.0006,0.0041,352.7914,6.0288,356.5469
35.38,0.0025,-0.0008,0.004,352.7939,6.0245,356.545
35.4,0.0022,-0.0009,0.0039,352.7956,6.0221,356.5439
35.42,0.0018,-0.0008,0.0039,352.7943,6.0184,356.5455
35.44,-0.002,-0.0001,0.0048,352.7902,5.9967,356.5521
35.46,-0.0016,-0.001,0.0041,352.7952,6.0045,356.5479
35.48,-0.0013,-0.0009,0.0036,352.7943,6.0075,356.5461
35.5,-0.0019,-0.0008,0.0037,352.7938,6.0041,356.5468
35.52,-0.0017,-0.0011,0.0032,352.795,6.0063,356.546
35.54,-0.0037,-0.0005,0.0032,352.7907,6.0024,356.5501
35.56,-0.0042,-0.0005,0.0033,352.7909,6.0018,356.5507
35.58,-0.0043,-0.0003,0.0037,352.791,6.0009,356.5541
35.6,-0.0039,-0.0006,0.0035,352.7909,6.0031,356.5527
35.62,-0.0038,-0.0006,0.0034,352.7906,6.0059,356.5534
35.64,-0.0041,-0.0008,0.004,352.7911,6.0061,356.5529
35.66,-0.0029,-0.0009,0.0037,352.7922,6.0117,356.5512
35.68,-0.0024,-0.0006,0.0039,352.7913,6.0117,356.5525
35.7,-0.0018,-0.0005,0.0037,352.7892,6.0136,356.5523
35.72,-0.0015,0,0.0033,352.7879,6.015,356.5549
35.74,-0.0017,-0.0003,0.004,352.7906,6.0127,356.554
35.76,-0.0011,-0.0007,0.0039,352.7917,6.0151,356.552
35.78,-0.0011,-0.0007,0.0039,352.791,6.0153,356.5521
35.8,-0.0016,-0.0009,0.0039,352.7928,6.0141,356.5522
35.82,-0.0015,-0.0009,0.0036,352.7929,6.0154,356.5511
35.84,-0.0029,-0.0006,0.004,352.7903,6.0055,356.5512
35.86,-0.0024,-0.0004,0.0035,352.7909,6.0099,356.5498
35.88,-0.0026,-0.0002,0.0038,352.7902,6.0032,356.5519
35.9,-0.0006,-0.0011,0.0024,352.7942,6.015,356.5478
35.92,-0.0018,-0.0005,0.003,352.7911,6.0098,356.5496
35.94,-0.0018,-0.0005,0.0031,352.7912,6.0084,356.5492
35.96,-0.0017,-0.0009,0.0034,352.7935,6.0069,356.5485
35.98,-0.002,-0.0008,0.0038,352.7929,6.0046,356.5487
36,-0.0034,-0.0005,0.0047,352.7928,5.9946,356.5514
36.02,-0.0017,-0.0005,0.0034,352.7913,6.0093,356.5483
36.04,-0.0012,-0.001,0.0039,352.7952,6.0122,356.547
36.06,-0.0011,-0.0007,0.004,352.7938,6.0144,356.5475
36.08,-0.0005,-0.0011,0.0039,352.795,6.0199,356.5461
36.1,-0.0014,-0.001,0.0047,352.7939,6.0161,356.5469
36.12,-0.0013,-0.0008,0.0049,352.7939,6.0192,356.5485
36.14,-0.0004,-0.0006,0.0052,352.7931,6.028,356.5492
36.16,-0.0011,-0.0008,0.0059,352.7944,6.0286,356.5502
36.18,-0.0017,-0.0009,0.0062,352.7944,6.0295,356.5508
36.2,-0.0018,-0.0008,0.006,352.794,6.0307,356.552
36.22,-0.0024,-0.0007,0.0061,352.794,6.0285,356.5528
36.24,-0.0012,-0.0009,0.0044,352.7932,6.0304,356.5514
36.26,-0.0018,-0.0008,0.0046,352.7921,6.0214,356.5526
36.28,-0.0017,-0.001,0.0044,352.793,6.0172,356.5514
36.3,-0.0029,-0.0003,0.0048,352.7885,6.0062,356.5556
36.32,-0.003,-0.0004,0.0045,352.7902,6.0117,356.5543
36.34,-0.0035,-0.0005,0.0047,352.7913,6.0121,356.5553
36.36,-0.0036,-0.0007,0.0048,352.7924,6.0129,356.5551
36.38,-0.003,-0.0008,0.0043,352.792,6.0178,356.5536
36.4,-0.0032,-0.0004,0.0046,352.7898,6.0161,356.5547
36.42,-0.0032,-0.0007,0.0048,352.7912,6.016,356.5543
36.44,-0.0047,-0.0003,0.0052,352.7902,6.0114,356.5565
36.46,-0.0045,-0.0007,0.005,352.7919,6.0128,356.555
36.48,-0.0041,-0.0008,0.005,352.7922,6.0135,356.5537
36.5,-0.0033,-0.0001,0.005,352.789,6.0144,356.5536
36.52,-0.0023,-0.0006,0.0046,352.7904,6.0188,356.5525
36.54,-0.0018,0.0001,0.0053,352.7896,6.0163,356.5542
36.56,-0.0004,-0.0008,0.0047,352.7921,6.0219,356.5509
36.58,0,-0.0006,0.0047,352.7921,6.0234,356.5504
36.6,-0.0003,-0.0009,0.0047,352.7933,6.0248,356.5493
36.62,-0.0007,-0.0005,0.0047,352.7919,6.0239,356.5506
36.64,0.0018,-0.0022,0.003,352.7983,6.0382,356.5405
36.66,-0.0007,-0.0008,0.0046,352.7946,6.0226,356.5458
36.68,-0.002,-0.0005,0.005,352.7921,6.015,356.5466
36.7,-0.0014,-0.0009,0.0034,352.795,6.022,356.5464
36.72,-0.0022,-0.0003,0.0035,352.7915,6.0137,356.5504
36.74,-0.002,-0.0008,0.0038,352.7924,6.0054,356.5487
36.76,-0.002,-0.0006,0.0036,352.7917,6.0055,356.5482
36.78,-0.0043,-0.0004,0.0038,352.7904,5.9982,356.5464
36.8,-0.0064,0.0002,0.0027,352.7885,5.9941,356.5509
36.82,-0.0069,-0.0005,0.0028,352.7916,5.9936,356.5506
36.84,-0.0063,-0.0009,0.0038,352.7922,5.9925,356.5497
36.86,-0.0066,-0.0009,0.0038,352.7917,5.9951,356.5499
36.88,-0.008,-0.0004,0.0036,352.7902,5.9968,356.5529
36.9,-0.0083,-0.0005,0.0034,352.7904,5.9969,356.5543
36.92,-0.0071,-0.0005,0.0036,352.7915,6.0001,356.5543
36.94,-0.0044,-0.0008,0.0039,352.7916,6.0109,356.5549
36.96,-0.0045,-0.0005,0.0036,352.7894,6.0119,356.5551
36.98,-0.0048,-0.0003,0.0035,352.7896,6.01,356.5563
37,-0.0026,-0.0014,0.0025,352.7947,6.0255,356.5492
37.02,-0.0029,-0.0012,0.0038,352.7937,6.0146,356.5522
37.04,-0.0006,-0.0012,0.0025,352.7908,6.0231,356.5509
37.06,-0.0024,-0.0007,0.0035,352.7924,6.0152,356.5517
37.08,-0.0028,-0.0006,0.0035,352.7931,6.0131,356.5515
37.1,-0.0046,0.0009,0.0047,352.7837,5.9931,356.5594
37.12,-0.0028,-0.0007,0.0035,352.79,6.0081,356.5498
37.14,-0.0039,0.0006,0.0038,352.7847,5.9994,356.5557
37.16,-0.0036,-0.0001,0.0036,352.7898,6.0047,356.5521
37.18,-0.004,-0.0003,0.0037,352.7905,6.0041,356.5528
37.2,-0.0033,-0.0002,0.0032,352.7891,6.0076,356.5529
37.22,-0.0035,-0.0003,0.0034,352.7894,6.0063,356.552
37.24,-0.0036,-0.0006,0.0036,352.7911,6.0038,356.5479
37.26,-0.0028,-0.0003,0.0033,352.7893,6.0053,356.5489
37.28,-0.0024,-0.0003,0.0032,352.7896,6.0065,356.5488
37.3,-0.0029,-0.0007,0.0037,352.7925,6.0031,356.5489
37.32,-0.0024,-0.0005,0.0035,352.7924,6.004,356.5488
37.34,-0.003,-0.0002,0.0047,352.7911,6.0002,356.55
37.36,-0.0019,-0.0006,0.0043,352.7928,6.0078,356.5485
37.38,-0.0019,-0.0003,0.0046,352.7906,6.0104,356.5499
37.4,-0.0028,-0.0002,0.0056,352.7912,6.0067,356.5509
37.42,-0.0021,-0.0003,0.0051,352.791,6.0159,356.5499
37.44,-0.0026,-0.0007,0.0056,352.7933,6.0236,356.5505
37.46,-0.0028,-0.0005,0.0058,352.7924,6.0261,356.5504
37.48,-0.0026,-0.001,0.0057,352.7961,6.0304,356.5493
37.5,-0.0041,-0.0001,0.007,352.7915,6.0181,356.5551
37.52,-0.0037,-0.0004,0.0066,352.7921,6.0236,356.5539
37.54,-0.007,0.0006,0.0082,352.7886,6.0015,356.5594
37.56,-0.0046,-0.0007,0.0062,352.7931,6.0163,356.5543
37.58,-0.0041,-0.0006,0.0058,352.7924,6.0196,356.553
37.6,-0.0034,-0.0005,0.0055,352.7913,6.0215,356.5541
37.62,-0.0033,-0.0007,0.0057,352.7924,6.0217,356.5527
37.64,-0.0087,0.0002,0.0082,352.7857,5.9909,356.5606
37.66,-0.0063,-0.0008,0.0057,352.7931,6.01,356.558
37.68,-0.006,-0.0004,0.0055,352.7915,6.006,356.5588
37.7,-0.0031,-0.0006,0.0038,352.789,6.0163,356.5561
37.72,-0.0036,-0.0005,0.0045,352.7899,6.0101,356.5566
37.74,-0.0018,-0.0001,0.004,352.7878,6.0113,356.5547
37.76,-0.0014,-0.0002,0.0042,352.789,6.0133,356.5538
37.78,-0.0002,-0.0007,0.0042,352.7917,6.022,356.5499
37.8,0.0005,-0.0009,0.004,352.7943,6.0329,356.5483
37.82,-0.0003,-0.0007,0.0048,352.7928,6.0219,356.5516
37.84,-0.0004,-0.0003,0.0057,352.7899,6.0222,356.5537
37.86,0.0004,-0.0002,0.006,352.7908,6.0271,356.5522
37.88,-0.0002,-0.0005,0.0067,352.7923,6.0262,356.5526
37.9,-0.001,0,0.0068,352.7904,6.0251,356.5529
37.92,-0.0008,-0.0004,0.006,352.7916,6.0283,356.5522
37.94,-0.001,-0.0003,0.0061,352.7918,6.0173,356.5526
37.96,0.0002,-0.0008,0.0057,352.7941,6.0215,356.5479
37.98,-0.0012,-0.0008,0.0061,352.7937,6.0155,356.547
38,-0.0018,-0.0007,0.0046,352.7939,6.0178,356.5483
38.02,-0.0038,-0.0004,0.0043,352.7932,6.0148,356.5501
38.04,-0.0021,0.0002,0.0044,352.7905,6.0111,356.5511
38.06,-0.0017,-0.0007,0.0049,352.7945,6.0046,356.5457
38.08,-0.003,-0.0006,0.0048,352.7929,5.9991,356.5496
38.1,-0.0031,-0.0015,0.0017,352.794,6.0131,356.5451
38.12,-0.0066,-0.0004,0.0028,352.7926,6.0027,356.5497
38.14,-0.0058,0.0001,0.0043,352.7874,5.9931,356.5543
38.16,-0.0049,0,0.004,352.7879,6.0005,356.5525
38.18,-0.0057,-0.0003,0.0035,352.7895,5.9991,356.5529
38.2,-0.0065,-0.0002,0.0018,352.7888,6.0023,356.5528
38.22,-0.0078,-0.0004,0.0031,352.7909,5.9997,356.5539
38.24,-0.0065,-0.0004,0.0048,352.7899,6,356.5545
38.26,-0.0057,-0.0009,0.0041,352.7907,6.0042,356.5543
38.28,-0.0057,-0.0004,0.0033,352.7908,6.0079,356.5585
38.3,-0.0053,-0.0006,0.0039,352.7916,6.0075,356.5555
38.32,-0.0043,-0.0005,0.0043,352.7933,6.0109,356.5554
38.34,-0.0031,-0.001,0.0044,352.7914,6.0129,356.5535
38.36,-0.0027,-0.0006,0.0036,352.7906,6.0155,356.5536
38.38,-0.0041,-0.0002,0.0049,352.7928,6.0041,356.555
38.4,-0.0031,-0.0004,0.0047,352.7941,6.0093,356.5548
38.42,-0.0021,-0.0003,0.0039,352.7898,6.0143,356.5524
38.44,-0.0026,-0.0005,0.0033,352.7892,6.0139,356.5512
38.46,-0.0037,-0.0005,0.0036,352.7909,6.0101,356.5514
38.48,-0.0038,-0.0005,0.0036,352.7914,6.0087,356.5515
38.5,-0.0035,-0.0002,0.0036,352.7885,6.0085,356.5512
38.52,-0.0033,-0.0004,0.0034,352.7889,6.0072,356.5504
38.54,-0.0035,-0.0004,0.0034,352.791,6.0054,356.5503
38.56,-0.0034,-0.0003,0.0035,352.7907,6.0058,356.5499
38.58,-0.0043,-0.0001,0.0047,352.79,5.9955,356.5514
38.6,-0.0028,0,0.0037,352.7872,6.0036,356.5496
38.62,-0.0015,-0.0005,0.003,352.7906,6.0102,356.5465
38.64,-0.0017,-0.0004,0.0037,352.7921,6.009,356.5467
38.66,-0.0016,-0.0004,0.0038,352.7921,6.0104,356.548
38.68,-0.0013,-0.0002,0.0037,352.7894,6.0161,356.5493
38.7,-0.001,-0.0006,0.0038,352.7916,6.019,356.5458
38.72,-0.0013,-0.0007,0.0045,352.7941,6.0178,356.5478
38.74,-0.0007,-0.001,0.0045,352.7961,6.0341,356.5471
38.76,-0.0011,-0.0006,0.0049,352.7912,6.0294,356.5516
38.78,-0.0014,-0.0006,0.0052,352.793,6.0286,356.5521
38.8,-0.0009,-0.0007,0.0051,352.7945,6.0409,356.549
38.82,-0.0009,-0.0006,0.0059,352.7946,6.0363,356.551
38.84,-0.001,-0.0003,0.0072,352.7927,6.0371,356.554
38.86,-0.0025,-0.0005,0.0075,352.7944,6.0358,356.5546
38.88,-0.003,-0.0007,0.0067,352.7941,6.0372,356.5533
38.9,-0.0062,-0.0007,0.0072,352.794,6.0235,356.5536
38.92,-0.0054,-0.0002,0.0059,352.791,6.0241,356.5543
38.94,-0.0039,-0.0009,0.0051,352.7925,6.0239,356.5513
38.96,-0.0048,-0.0003,0.0052,352.7912,6.0185,356.5542
38.98,-0.0029,-0.0011,0.0039,352.7931,6.0278,356.5513
39,-0.0046,-0.0007,0.0057,352.7934,6.0182,356.5544
39.02,-0.0033,-0.0003,0.0052,352.7916,6.019,356.5557
39.04,-0.0021,-0.0001,0.0052,352.789,6.0226,356.5568
39.06,-0.0019,-0.0006,0.005,352.7914,6.0261,356.5543
39.08,-0.0029,-0.0002,0.0058,352.7903,6.0182,356.5558
39.1,-0.0016,-0.0006,0.0049,352.7918,6.0283,356.5522
39.12,-0.0014,-0.0006,0.0051,352.7921,6.0277,356.5536
39.14,0.0033,-0.0008,0.0024,352.7898,6.0507,356.5491
39.16,0.0008,-0.0011,0.0053,352.7939,6.0351,356.5492
39.18,0,-0.0007,0.0059,352.7935,6.0332,356.5484
39.2,-0.0015,-0.0007,0.0066,352.7928,6.0281,356.549
39.22,-0.0017,-0.0007,0.0058,352.7932,6.03,356.5498
39.24,-0.0016,-0.0009,0.0055,352.7944,6.0302,356.5501
39.26,-0.0003,-0.0011,0.0055,352.7952,6.0295,356.5492
39.28,-0.0001,-0.0007,0.0057,352.7937,6.0246,356.5469
39.3,-0.0017,-0.0006,0.006,352.7956,6.013,356.547
39.32,-0.0015,-0.0006,0.005,352.7944,6.0183,356.546
39.34,-0.0014,-0.0003,0.0044,352.7929,6.0073,356.5509
39.36,-0.0012,-0.0007,0.0041,352.7933,6.011,356.549
39.38,-0.0021,-0.0003,0.0035,352.7901,6.0108,356.5476
39.4,-0.0038,-0.0007,0.0036,352.7935,6.0058,356.5478
39.42,-0.0053,-0.0009,0.0037,352.7961,5.9962,356.5487
39.44,-0.0049,0.0001,0.002,352.7849,6.0081,356.5492
39.46,-0.0068,-0.0004,0.0034,352.7897,5.9963,356.5538
39.48,-0.007,-0.0005,0.0036,352.7915,5.9978,356.5539
39.5,-0.0068,-0.0005,0.0036,352.7927,5.9988,356.5544
39.52,-0.0065,-0.0006,0.0039,352.7928,5.9995,356.5549
39.54,-0.0043,-0.0007,0.0031,352.7905,6.0079,356.5544
39.56,-0.0052,-0.001,0.004,352.7926,6.0051,356.5539
39.58,-0.004,-0.0008,0.0034,352.793,6.0094,356.554
39.6,-0.004,-0.0009,0.0036,352.7933,6.0098,356.5523
39.62,-0.0043,-0.0006,0.0037,352.7908,6.0089,356.5533
39.64,-0.0058,0.0006,0.0045,352.7882,6.0059,356.5574
39.66,-0.0046,-0.0005,0.0039,352.7912,6.0107,356.5543
39.68,-0.0047,-0.0007,0.0043,352.7928,6.0107,356.554
39.7,-0.0054,-0.0003,0.0048,352.7892,6.0022,356.5558
39.72,-0.0055,-0.0005,0.0047,352.791,6.0027,356.5547
39.74,-0.005,-0.0006,0.0038,352.7915,6.0055,356.5533
39.76,-0.0047,-0.0004,0.0038,352.7904,6.0055,356.5543
39.78,-0.0039,-0.0005,0.0038,352.7906,6.0076,356.5529
39.8,-0.0048,-0.0001,0.0049,352.7892,5.9998,356.5557
39.82,-0.004,-0.0002,0.0039,352.7897,6.0042,356.5547
39.84,-0.0046,-0.0003,0.0041,352.7906,5.9953,356.5542
39.86,-0.0046,-0.0003,0.0043,352.792,6,356.5524
39.88,-0.0039,-0.0002,0.0038,352.7894,6.0015,356.5518
39.9,-0.0037,-0.0007,0.0036,352.7916,6.0024,356.5483
39.92,-0.0037,-0.0005,0.0034,352.7912,6.0009,356.5485
39.94,-0.0027,-0.0004,0.0037,352.791,6.0009,356.5482
39.96,-0.002,-0.0002,0.0033,352.7899,6.007,356.5475
39.98,-0.0054,-0.0001,0.0055,352.7922,5.9928,356.5521
40,-0.0037,0,0.0041,352.7928,6.0046,356.5511
40.02,-0.0032,-0.0007,0.0042,352.794,6.0105,356.5479
40.04,-0.0006,-0.0011,0.0045,352.7944,6.0295,356.5413
40.06,-0.0011,-0.0002,0.0051,352.7898,6.0215,356.5482
40.08,-0.0018,-0.0005,0.006,352.7924,6.0173,356.5508
40.1,-0.0028,-0.0004,0.0065,352.7931,6.0136,356.5533
40.12,-0.002,-0.0004,0.0062,352.7925,6.0238,356.5525
40.14,-0.0004,-0.0011,0.0057,352.7952,6.0401,356.5491
40.16,-0.0005,-0.0009,0.0059,352.7942,6.0343,356.552
40.18,-0.0028,-0.0009,0.0078,352.7948,6.0158,356.5563
40.2,0.0021,-0.0008,0.0041,352.7927,6.0443,356.5526
40.22,0.0001,-0.0004,0.0051,352.791,6.0323,356.5547
40.24,-0.0001,-0.0012,0.005,352.7958,6.0294,356.5518
40.26,-0.0008,-0.001,0.0051,352.7938,6.0259,356.5529
40.28,-0.0022,-0.0007,0.0056,352.7924,6.0191,356.5548
40.3,-0.0021,-0.0006,0.0051,352.7929,6.0219,356.556
40.32,-0.0023,-0.0005,0.0052,352.7915,6.021,356.5565
40.34,-0.004,0.0001,0.0065,352.7871,6.0039,356.562
40.36,-0.0028,-0.0005,0.0055,352.7907,6.0167,356.5577
40.38,-0.0035,0,0.0059,352.7878,6.01,356.5596
40.4,-0.0034,-0.0004,0.0059,352.7913,6.0107,356.56
40.42,-0.0018,-0.0007,0.0049,352.792,6.0191,356.5573
40.44,0.0001,-0.001,0.0046,352.7921,6.0279,356.5509
40.46,-0.002,-0.0003,0.0056,352.7905,6.0201,356.5532
40.48,-0.0022,-0.0008,0.0055,352.7934,6.0224,356.5512
40.5,-0.0016,-0.0009,0.0052,352.7933,6.029,356.549
40.52,-0.0016,-0.0006,0.0055,352.7925,6.0261,356.5517
40.54,-0.0015,-0.0002,0.0066,352.792,6.022,356.5515
40.56,-0.0013,-0.0003,0.0062,352.7926,6.0238,356.5512
40.58,-0.0015,-0.0007,0.0058,352.7939,6.0249,356.5494
40.6,0.0016,-0.0007,0.0031,352.7922,6.0336,356.5486
40.62,0.001,-0.0001,0.004,352.7921,6.0282,356.5489
40.64,0.0004,0,0.0046,352.7893,6.0149,356.5477
40.66,-0.0006,-0.0001,0.0041,352.7902,6.0139,356.5469
40.68,-0.001,-0.0008,0.003,352.7925,6.0172,356.5443
40.7,-0.0031,-0.0011,0.0038,352.795,6.0065,356.5464
40.72,-0.0035,-0.0001,0.0034,352.7902,6.0031,356.5498
40.74,-0.0038,-0.0002,0.0027,352.7899,6.0042,356.5506
40.76,-0.0063,0.0002,0.0037,352.7899,5.9935,356.5528
40.78,-0.0075,-0.0003,0.0041,352.7913,5.9893,356.5524
40.8,-0.0061,-0.0004,0.0027,352.7912,5.9986,356.5526
40.82,-0.0066,0,0.0032,352.7884,5.9981,356.5532
40.84,-0.0061,-0.0004,0.0041,352.7911,5.9979,356.5538
40.86,-0.0057,-0.0002,0.004,352.7896,6.0001,356.5541
40.88,-0.0043,-0.0007,0.0032,352.791,6.0104,356.5525
40.9,-0.0051,0,0.0037,352.7875,6.0061,356.5568
40.92,-0.0045,-0.0004,0.0037,352.7898,6.0116,356.5534
40.94,-0.0009,-0.0015,0.0015,352.792,6.0309,356.5481
40.96,-0.0033,-0.0004,0.0032,352.7888,6.0186,356.5537
40.98,-0.0035,0,0.0035,352.7876,6.0167,356.5548
41,-0.0015,-0.0009,0.0025,352.7917,6.0263,356.5516
41.02,-0.0034,-0.0006,0.0038,352.7913,6.0143,356.5534
41.04,-0.0032,-0.0007,0.0038,352.791,6.0092,356.5537
41.06,-0.0031,-0.0009,0.0037,352.7923,6.01,356.5521
41.08,-0.0043,-0.0004,0.0044,352.7908,6.0029,356.5541
41.1,-0.0028,-0.0003,0.003,352.7895,6.0128,356.5523
41.12,-0.0021,-0.0003,0.0027,352.7889,6.0151,356.5512
41.14,-0.003,-0.0002,0.0034,352.7891,6.008,356.5507
41.16,-0.0035,-0.0002,0.0035,352.7895,6.0042,356.5525
41.18,-0.0019,-0.001,0.0021,352.792,6.0127,356.5504
41.2,-0.0014,-0.0005,0.0025,352.7906,6.0126,356.5502
41.22,-0.0011,-0.0004,0.0027,352.7905,6.0134,356.5504
41.24,-0.0017,-0.0004,0.0031,352.7906,6.0116,356.5495
41.26,-0.003,-0.0003,0.0041,352.7915,6.0024,356.5498
41.28,-0.0016,-0.0006,0.0034,352.7929,6.013,356.5458
41.3,-0.0018,-0.0001,0.004,352.7912,6.0085,356.5474
41.32,-0.0018,-0.0005,0.0042,352.792,6.0098,356.5466
41.34,-0.0016,-0.0005,0.004,352.7938,6.0179,356.5484
41.36,-0.0018,-0.0006,0.0045,352.7938,6.0201,356.5498
41.38,-0.0034,-0.0002,0.0059,352.7913,6.0156,356.5529
41.4,-0.0014,-0.0007,0.0047,352.7919,6.0305,356.5495
41.42,-0.0027,-0.0003,0.0056,352.7915,6.0287,356.5527
41.44,-0.0036,-0.0004,0.0064,352.7925,6.0253,356.5539
41.46,-0.0036,-0.0003,0.0065,352.7914,6.0251,356.553
41.48,-0.0038,-0.0005,0.0065,352.7923,6.0223,356.5536
41.5,-0.0042,0.0004,0.006,352.7854,6.0183,356.5598
41.52,-0.0037,-0.0003,0.0049,352.7911,6.0213,356.5567
41.54,-0.0008,-0.0016,0.0037,352.794,6.0251,356.551
41.56,-0.0027,-0.0008,0.005,352.7919,6.0157,356.5532
41.58,-0.0042,-0.0006,0.005,352.7914,6.0081,356.557
41.6,-0.003,-0.0008,0.0038,352.7913,6.0163,356.5544
41.62,-0.0029,-0.0004,0.0042,352.7895,6.0117,356.556
41.64,-0.0018,-0.0006,0.0046,352.7894,6.0132,356.5556
41.66,-0.0021,-0.0004,0.0045,352.7891,6.0144,356.5552
41.68,-0.0026,-0.0003,0.0043,352.7893,6.0151,356.5546
41.7,-0.0038,-0.0003,0.0053,352.7907,6.0094,356.5565
41.72,-0.0017,-0.0008,0.0045,352.7913,6.0165,356.5538
41.74,-0.0001,-0.0006,0.0044,352.7896,6.021,356.5518
41.76,0.0004,-0.0003,0.004,352.7891,6.0236,356.5538
41.78,-0.0004,-0.0002,0.0049,352.7898,6.0177,356.5542
41.8,0.001,-0.0005,0.0044,352.7916,6.0229,356.5523
41.82,0.0002,-0.0003,0.0051,352.79,6.0177,356.553
41.84,0.0002,-0.0004,0.0046,352.79,6.0204,356.5511
41.86,0.001,-0.0003,0.0039,352.7906,6.0284,356.5486
41.88,-0.0004,-0.0001,0.0049,352.7912,6.0168,356.5513
41.9,-0.0003,0.0001,0.0045,352.7886,6.0199,356.5502
41.92,-0.0014,-0.0002,0.0047,352.7892,6.0169,356.5498
41.94,-0.0014,-0.0006,0.0035,352.7929,6.0189,356.5494
41.96,-0.0016,-0.0001,0.0039,352.791,6.0149,356.5498
41.98,0.0009,-0.0009,0.0027,352.7925,6.0238,356.544
42,-0.0017,0.0001,0.0041,352.789,6.0106,356.5469
42.02,-0.0032,0,0.0038,352.7892,6.005,356.5485
42.04,-0.0041,-0.0001,0.0027,352.79,6.0052,356.5517
42.06,-0.0035,-0.0006,0.003,352.7912,6.0052,356.5501
42.08,-0.0038,-0.0005,0.0035,352.7893,6.0017,356.5517
42.1,-0.0042,-0.0002,0.0034,352.7879,6.0027,356.5518
42.12,-0.0055,-0.0002,0.0033,352.7893,6.0014,356.5525
42.14,-0.0044,0.0002,0.0024,352.7884,6.0083,356.5534
42.16,-0.0038,-0.0005,0.0026,352.7896,6.011,356.5515
42.18,-0.0036,-0.0005,0.0026,352.7893,6.0118,356.5524
42.2,-0.0044,-0.0004,0.0031,352.7894,6.0076,356.5545
42.22,-0.004,-0.0007,0.0027,352.7916,6.0125,356.553
42.24,-0.0039,-0.0005,0.0035,352.7902,6.0104,356.5535
42.26,-0.0032,-0.0009,0.003,352.7911,6.0148,356.5523
42.28,-0.0043,-0.0003,0.0034,352.7899,6.0092,356.5551
42.3,-0.0048,0,0.0037,352.7886,6.0064,356.5553
42.32,-0.0037,-0.0003,0.0031,352.7899,6.0122,356.5529
42.34,-0.0035,-0.0007,0.0036,352.7902,6.0108,356.5518
42.36,-0.003,-0.0005,0.0028,352.7896,6.0145,356.5518
42.38,-0.0034,-0.0004,0.003,352.7891,6.0106,356.5522
42.4,-0.0035,-0.0005,0.0033,352.7903,6.0082,356.5518
42.42,-0.0028,-0.0006,0.0032,352.7903,6.009,356.5511
42.44,-0.0027,-0.0001,0.0033,352.7885,6.0048,356.5528
42.46,-0.0029,0.0002,0.0031,352.7869,6.004,356.5537
42.48,-0.0029,-0.0001,0.0031,352.7892,6.0058,356.5514
42.5,-0.0025,-0.0001,0.0032,352.7888,6.0053,356.551
42.52,-0.0018,-0.0007,0.0031,352.7916,6.0092,356.5479
42.54,-0.0022,0.0001,0.0024,352.7879,6.0055,356.5498
42.56,-0.0023,-0.0006,0.0028,352.7916,6.0047,356.5477
42.58,-0.0023,-0.0003,0.0031,352.7908,6.0055,356.5485
42.6,-0.0028,-0.0004,0.0036,352.7904,6.0055,356.5481
42.62,-0.0038,-0.0005,0.0039,352.7907,6.0049,356.5496
42.64,-0.0041,-0.0005,0.0051,352.7923,6.0051,356.5504
42.66,-0.0022,-0.0005,0.0047,352.7925,6.0156,356.5486
42.68,-0.0029,-0.0006,0.0056,352.7926,6.0127,356.5497
42.7,-0.0019,-0.0002,0.0048,352.7895,6.0194,356.5504
42.72,-0.0017,-0.0004,0.0051,352.7909,6.0183,356.5512
42.74,0.0002,-0.0005,0.0051,352.7917,6.0263,356.5498
42.76,-0.0003,-0.001,0.0053,352.7927,6.0277,356.5497
42.78,-0.0008,-0.0008,0.0051,352.7921,6.0289,356.5522
42.8,-0.0016,-0.0004,0.0053,352.7913,6.0251,356.5533
42.82,0,-0.001,0.0043,352.7944,6.0304,356.5519
42.84,-0.001,-0.0006,0.0047,352.7907,6.0226,356.555
42.86,-0.0014,-0.0008,0.004,352.792,6.0235,356.5543
42.88,-0.0027,-0.0003,0.0042,352.7892,6.0158,356.5557
42.9,-0.0032,-0.0004,0.0042,352.7909,6.0139,356.5552
42.92,-0.0024,-0.0007,0.0037,352.7917,6.0194,356.5533
42.94,-0.0024,-0.0005,0.0041,352.7891,6.0152,356.555
42.96,-0.0026,-0.0005,0.0044,352.79,6.0135,356.555
42.98,-0.0033,0.0009,0.005,352.7848,6.0076,356.5619
43,-0.0024,-0.0007,0.0047,352.7909,6.0148,356.5541
43.02,-0.002,-0.0006,0.0047,352.7899,6.0144,356.5559
43.04,-0.0017,-0.0003,0.0041,352.7878,6.0207,356.5547
43.06,-0.0025,-0.0001,0.0044,352.788,6.0176,356.5554
43.08,-0.0047,0.0002,0.0064,352.789,6.0005,356.5603
43.1,-0.002,-0.0004,0.005,352.7895,6.0173,356.5547
43.12,-0.0013,-0.0006,0.0047,352.79,6.0197,356.5535
43.14,-0.0024,-0.0002,0.0049,352.7903,6.0155,356.5544
43.16,-0.0027,-0.0003,0.0052,352.7906,6.0144,356.5537
43.18,-0.0031,0.0001,0.0055,352.7882,6.0105,356.5547
43.2,-0.0024,-0.0004,0.0049,352.7901,6.0143,356.5517
43.22,-0.0024,-0.0003,0.0048,352.79,6.0136,356.5508
43.24,-0.0027,-0.0004,0.0043,352.7914,6.0124,356.5494
43.26,-0.003,-0.0002,0.0042,352.7902,6.0087,356.5504
43.28,-0.003,-0.0005,0.0045,352.7921,6.0013,356.5497
43.3,-0.002,0,0.0038,352.7885,6.0059,356.5502
43.32,-0.0021,-0.0005,0.0038,352.7931,6.0021,356.5465
43.34,-0.0064,-0.0003,0.0037,352.7898,5.9896,356.5497
43.36,-0.0061,-0.0007,0.0023,352.7932,5.9992,356.5497
43.38,-0.0075,-0.0002,0.0033,352.7903,5.9927,356.5528
43.4,-0.0071,-0.0002,0.0031,352.7894,5.9936,356.555
43.42,-0.0066,-0.0001,0.0031,352.7884,5.9941,356.5546
43.44,-0.007,-0.0001,0.0035,352.7888,5.9915,356.5545
43.46,-0.0063,-0.0002,0.0023,352.7883,6.0002,356.5533
43.48,-0.0062,-0.0007,0.0026,352.7914,6.0007,356.5534
43.5,-0.0058,-0.0007,0.0031,352.791,5.9985,356.5534
43.52,-0.0047,-0.0004,0.0029,352.7902,6.0016,356.5543
43.54,-0.0053,-0.0003,0.0034,352.7889,5.9996,356.5557
43.56,-0.005,-0.0003,0.0032,352.7887,6.0033,356.5553
43.58,-0.0048,-0.0003,0.0035,352.7896,6.0031,356.5551
43.6,-0.0041,0,0.0036,352.7877,6.0042,356.5562
43.62,-0.0025,-0.0008,0.003,352.7913,6.0129,356.5527
43.64,-0.003,-0.0001,0.0034,352.7884,6.0067,356.5562
43.66,-0.0024,-0.0003,0.0033,352.7888,6.0089,356.5536
43.68,-0.002,-0.0002,0.0031,352.788,6.009,356.5539
43.7,-0.002,-0.0003,0.0032,352.7885,6.0091,356.5543
43.72,-0.0027,0,0.0035,352.7861,6.0038,356.5553
43.74,-0.0024,-0.0002,0.0033,352.7893,6.0035,356.5552
43.76,-0.0029,0.0001,0.0035,352.7869,5.9998,356.5548
43.78,-0.0027,-0.0002,0.0032,352.7886,6.0008,356.5522
43.8,-0.0026,-0.0007,0.003,352.7913,6.0055,356.5498
43.82,-0.0034,-0.0005,0.0034,352.7908,6.0022,356.5515
43.84,-0.0028,-0.0004,0.0026,352.7905,6.0047,356.5506
43.86,-0.0031,-0.0002,0.0029,352.7903,6.0008,356.5509
43.88,-0.003,-0.0004,0.0033,352.7908,6.0002,356.549
43.9,-0.0029,0.0002,0.0033,352.7888,6.0012,356.5515
43.92,-0.0034,-0.0001,0.0036,352.7898,6.0014,356.5505
43.94,-0.0033,-0.0002,0.0037,352.7899,6.0066,356.5515
43.96,-0.0033,-0.0003,0.0042,352.7915,6.0077,356.5506
43.98,-0.0029,-0.0008,0.0045,352.7936,6.0154,356.5475
44,-0.0038,-0.001,0.0049,352.7943,6.0141,356.548
44.02,-0.0057,-0.0006,0.0058,352.7932,6.0086,356.5511
44.04,-0.0042,-0.0004,0.0056,352.792,6.0167,356.5517
44.06,-0.0031,-0.0007,0.0056,352.7936,6.0234,356.5493
44.08,-0.0039,-0.0003,0.0062,352.7917,6.0167,356.5543
44.1,-0.0038,-0.0005,0.0059,352.7926,6.021,356.5525
44.12,-0.004,-0.0005,0.0059,352.792,6.0219,356.5533
44.14,-0.0035,-0.0004,0.0059,352.7914,6.0222,356.5558
44.16,-0.0035,-0.0003,0.0057,352.7907,6.0225,356.5552
44.18,-0.0027,-0.0006,0.0049,352.7912,6.026,356.5545
44.2,-0.0038,-0.0004,0.0053,352.7907,6.0206,356.5564
44.22,-0.0042,-0.0001,0.0054,352.7899,6.0152,356.5584
44.24,-0.0038,-0.0005,0.0051,352.7909,6.014,356.5556
44.26,-0.0045,-0.0002,0.0055,352.7894,6.0087,356.5568
44.28,-0.0043,-0.0002,0.0053,352.7899,6.0084,356.5577
44.3,-0.003,-0.0002,0.0048,352.7896,6.0156,356.5557
44.32,-0.0022,-0.0005,0.0051,352.79,6.0162,356.5539
44.34,-0.002,-0.0009,0.0049,352.7924,6.0218,356.5534
44.36,-0.0017,-0.0005,0.0046,352.7905,6.0229,356.556
44.38,0,-0.0002,0.004,352.7882,6.0281,356.5551
44.4,0.0004,-0.0007,0.0046,352.7906,6.0258,356.5541
44.42,-0.0004,0.0002,0.0051,352.7877,6.0205,356.5558
44.44,-0.0006,-0.0001,0.0048,352.7894,6.0231,356.5526
44.46,-0.0008,-0.0001,0.0045,352.7891,6.0235,356.553
44.48,-0.0003,-0.0002,0.0043,352.7893,6.0272,356.5508
44.5,-0.0004,-0.0001,0.0045,352.7892,6.0258,356.5512
44.52,-0.001,0,0.0051,352.7897,6.0199,356.5523
44.54,-0.0011,-0.0005,0.0048,352.7932,6.0206,356.5493
44.56,-0.0025,0.0002,0.0053,352.7904,6.0096,356.554
44.58,-0.0013,-0.0003,0.0044,352.791,6.0144,356.5508
44.6,-0.0004,-0.0004,0.0037,352.7911,6.0179,356.5482
44.62,-0.0005,-0.0007,0.0036,352.7931,6.0164,356.546
44.64,-0.0024,0.0001,0.0033,352.7889,6.0072,356.5487
44.66,-0.0033,-0.0003,0.0033,352.7908,6.0037,356.5492
44.68,-0.0041,-0.0006,0.0033,352.7919,6.0021,356.5497
44.7,-0.005,0.0001,0.0031,352.788,6.0023,356.553
44.72,-0.0034,-0.0004,0.0019,352.7898,6.0117,356.5511
44.74,-0.0042,-0.0007,0.0027,352.7911,6.0076,356.5508
44.76,-0.0041,-0.0007,0.0026,352.7906,6.0092,356.5517
44.78,-0.005,-0.0005,0.0032,352.7905,6.0038,356.5543
44.8,-0.0045,-0.0006,0.0031,352.7912,6.0053,356.5542
44.82,-0.004,-0.0003,0.0031,352.7894,6.0065,356.5539
44.84,-0.0044,-0.0001,0.0032,352.7873,6.0068,356.5555
44.86,-0.0048,-0.0001,0.0035,352.7877,6.0048,356.5568
44.88,-0.0046,0.0002,0.0037,352.7871,6.0049,356.5573
44.9,-0.0037,-0.0001,0.0033,352.7883,6.01,356.5559
44.92,-0.0034,-0.0002,0.0034,352.7884,6.0106,356.5557
44.94,-0.0028,-0.0001,0.0033,352.7885,6.013,356.5558
44.96,-0.0026,0,0.0032,352.7883,6.0142,356.5551
44.98,-0.0027,0,0.0034,352.7885,6.0118,356.5544
45,-0.0024,-0.0001,0.0032,352.7886,6.0123,356.5532
45.02,-0.0031,0,0.0036,352.7867,6.0054,356.5541
45.04,-0.0021,-0.0003,0.0031,352.7896,6.0086,356.5508
45.06,-0.0017,-0.0007,0.0026,352.791,6.0121,356.5491
45.08,-0.0023,-0.0006,0.0027,352.7904,6.0068,356.5504
45.1,-0.0021,-0.0005,0.0027,352.79,6.0065,356.5505
45.12,-0.0029,-0.0002,0.0034,352.7888,6.0002,356.5521
45.14,-0.0026,-0.0004,0.0034,352.7905,6.0037,356.5498
45.16,-0.0023,-0.0002,0.003,352.7889,6.0068,356.5499
45.18,-0.0028,-0.0002,0.0036,352.7897,6.0022,356.5503
45.2,-0.0027,0,0.004,352.7907,6.0012,356.5508
45.22,-0.0019,-0.0004,0.0035,352.791,6.0098,356.5471
45.24,-0.0032,-0.0006,0.0046,352.7929,6.0098,356.5481
45.26,-0.0028,-0.0008,0.0047,352.7933,6.0136,356.5482
45.28,-0.0033,-0.0004,0.0051,352.7922,6.0162,356.5494
45.3,-0.0036,-0.0001,0.0054,352.7915,6.0168,356.5515
45.32,-0.0035,0.0001,0.0058,352.7901,6.0143,356.5532
45.34,-0.0024,-0.0005,0.0062,352.7922,6.0206,356.5521
45.36,-0.0025,-0.0002,0.0064,352.7921,6.0195,356.5536
45.38,-0.0022,-0.0003,0.0061,352.7914,6.0211,356.5535
45.4,-0.0013,-0.0003,0.0053,352.7904,6.0264,356.5526
45.42,-0.0011,-0.0008,0.0054,352.7932,6.0268,356.5525
45.44,-0.0018,-0.0006,0.0058,352.7923,6.0243,356.5522
45.46,-0.0033,-0.0007,0.0061,352.7928,6.0218,356.5522
45.48,-0.0039,-0.0006,0.0059,352.7927,6.0184,356.5545
45.5,-0.003,-0.0008,0.0054,352.7926,6.0228,356.5533
45.52,-0.0024,-0.0011,0.0051,352.7941,6.0269,356.552
45.54,-0.0038,-0.0007,0.0057,352.7913,6.0186,356.5554
45.56,-0.0052,-0.0007,0.0058,352.7919,6.013,356.5567
45.58,-0.0058,-0.0003,0.0055,352.7902,6.008,356.5592
45.6,-0.0059,0,0.0054,352.7883,6.0061,356.5588
45.62,-0.0039,-0.0003,0.0046,352.7886,6.0142,356.5563
45.64,-0.0016,-0.0007,0.0052,352.7907,6.017,356.5538
45.66,-0.0001,-0.0007,0.0044,352.7915,6.0252,356.5521
45.68,-0.0007,-0.0003,0.0048,352.7905,6.0205,356.5548
45.7,-0.0001,-0.0005,0.0047,352.7904,6.0215,356.5542
45.72,0,-0.0006,0.0053,352.7914,6.0174,356.5548
45.74,0.0009,-0.0006,0.0048,352.7914,6.0211,356.5536
45.76,0.0006,-0.0005,0.0044,352.7915,6.0249,356.551
45.78,-0.0008,-0.0003,0.0048,352.7913,6.0205,356.5511
45.8,-0.0012,0,0.0049,352.7912,6.0171,356.5517
45.82,-0.0009,-0.0001,0.005,352.7906,6.0162,356.5514
45.84,0.0002,0,0.0045,352.7894,6.0163,356.5504
45.86,0.0006,0.0001,0.0041,352.7898,6.0194,356.547
45.88,-0.0004,0.0004,0.0043,352.7892,6.0155,356.548
45.9,-0.0011,-0.0001,0.0041,352.7914,6.0152,356.5475
45.92,-0.0024,0.0002,0.0043,352.7892,6.0077,356.5512
45.94,-0.0034,0.0001,0.0035,352.7896,6.0062,356.5525
45.96,-0.0035,-0.0002,0.003,352.7903,6.008,356.551
45.98,-0.0045,-0.0001,0.0034,352.7908,6.0052,356.5508
46,-0.0047,-0.0007,0.0033,352.7927,6.0047,356.5492
46.02,-0.005,-0.0004,0.0031,352.7906,6.0034,356.5506
46.04,-0.005,-0.0001,0.003,352.789,6.0035,356.5529
46.06,-0.0049,-0.0002,0.003,352.7899,6.0055,356.5536
46.08,-0.0051,-0.0001,0.0032,352.7893,6.0042,356.555
46.1,-0.0051,-0.0002,0.0032,352.7892,6.0058,356.5541
46.12,-0.0054,-0.0003,0.0038,352.7905,6.0034,356.5555
46.14,-0.004,-0.0005,0.0032,352.7907,6.0123,356.5532
46.16,-0.0043,0.0001,0.0034,352.7875,6.0093,356.5568
46.18,-0.0044,-0.0003,0.0037,352.7897,6.0091,356.5545
46.2,-0.0042,-0.0003,0.0036,352.7902,6.0101,356.5547
46.22,-0.0048,-0.0008,0.0039,352.7927,6.0073,356.5548
46.24,-0.0053,0,0.0038,352.7881,6.0034,356.5558
46.26,-0.0052,-0.0002,0.0037,352.7894,6.0046,356.5539
46.28,-0.0051,-0.0002,0.0035,352.7896,6.0035,356.5534
46.3,-0.005,-0.0001,0.0029,352.7888,6.0051,356.5529
46.32,-0.005,-0.0003,0.003,352.7891,6.003,356.5525
46.34,-0.0044,-0.0005,0.0032,352.7906,6.0012,356.5519
46.36,-0.0042,-0.0007,0.003,352.7916,5.9994,356.5522
46.38,-0.0041,-0.0006,0.003,352.791,5.9989,356.552
46.4,-0.0038,-0.0004,0.0029,352.7903,5.9998,356.5522
46.42,-0.0035,-0.0005,0.0031,352.7907,5.9985,356.5513
46.44,-0.0034,-0.0002,0.0032,352.7899,5.9988,356.5507
46.46,-0.003,-0.0003,0.003,352.7905,6.0007,356.5503
46.48,-0.0026,-0.0002,0.0031,352.7899,6.0012,356.55
46.5,-0.0024,-0.0003,0.0032,352.791,6.0027,356.5493
46.52,-0.0019,-0.0002,0.0032,352.7899,6.0066,356.5482
46.54,-0.0016,-0.0004,0.0037,352.7915,6.0105,356.5471
46.56,-0.0033,0,0.0049,352.7897,6.003,356.5519
46.58,-0.0023,-0.0002,0.0044,352.7909,6.0115,356.5517
46.6,-0.0023,-0.0006,0.0049,352.793,6.0138,356.55
46.62,-0.0021,-0.0007,0.0053,352.794,6.0154,356.5498
46.64,-0.0024,-0.0005,0.0053,352.7926,6.0214,356.5509
46.66,-0.0029,-0.0008,0.0053,352.7949,6.0271,356.549
46.68,-0.0045,-0.0003,0.0061,352.7931,6.0212,356.5519
46.7,-0.0049,-0.0004,0.0061,352.7932,6.0207,356.5532
46.72,-0.0063,-0.0004,0.0066,352.7937,6.017,356.5542
46.74,-0.0066,-0.0003,0.0061,352.7922,6.0148,356.5535
46.76,-0.0065,-0.0004,0.0056,352.7924,6.016,356.5534
46.78,-0.0061,-0.0006,0.0049,352.7927,6.0166,356.5521
46.8,-0.0064,0.0002,0.0048,352.7894,6.0099,356.5551
46.82,-0.0054,0.0002,0.0043,352.788,6.0111,356.5555
46.84,-0.0053,-0.0002,0.0043,352.7895,6.0101,356.5557
46.86,-0.0054,-0.0002,0.0043,352.7892,6.0075,356.5563
46.88,-0.0051,-0.0002,0.0042,352.7892,6.0086,356.5561
46.9,-0.0054,-0.0004,0.0047,352.7901,6.0069,356.5548
46.92,-0.0058,-0.0002,0.0048,352.7893,6.0049,356.5551
46.94,-0.0045,-0.0006,0.0044,352.7917,6.0075,356.5556
46.96,-0.0038,-0.0006,0.0046,352.7911,6.0074,356.5551
46.98,-0.0023,-0.0003,0.0041,352.7899,6.0133,356.5547
47,-0.0028,-0.0003,0.0046,352.7898,6.0135,356.5534
47.02,-0.0028,-0.0005,0.0044,352.7919,6.0174,356.5507
47.04,-0.0033,0,0.0047,352.7905,6.0146,356.5537
47.06,-0.0029,-0.0004,0.0052,352.7924,6.0125,356.5522
47.08,-0.0015,-0.0005,0.0051,352.7921,6.0167,356.5501
47.1,-0.0025,0,0.0057,352.7903,6.0106,356.5511
47.12,-0.0026,0,0.0051,352.7905,6.0127,356.5512
47.14,-0.0028,0.0002,0.0046,352.7896,6.0128,356.5514
47.16,-0.0024,-0.0003,0.0044,352.7909,6.0126,356.5499
47.18,-0.0014,-0.0004,0.0038,352.7906,6.0148,356.5499
47.2,-0.0013,-0.0004,0.0036,352.7918,6.0142,356.5491
47.22,-0.0014,-0.001,0.0035,352.795,6.0116,356.5444
47.24,-0.0019,-0.0004,0.0028,352.792,6.0087,356.546
47.26,-0.003,0,0.0028,352.7892,6.0035,356.5495
47.28,-0.0049,0,0.0031,352.7899,5.9963,356.5526
47.3,-0.0051,0,0.003,352.7896,5.9979,356.5522
47.32,-0.0058,0.0002,0.0034,352.788,5.9932,356.5535
47.34,-0.0067,-0.0001,0.003,352.7894,5.9936,356.5517
47.36,-0.0065,-0.0004,0.0023,352.7906,5.9993,356.5492
47.38,-0.0067,-0.0004,0.0025,352.7908,5.9983,356.5512
47.4,-0.0056,-0.0004,0.0024,352.7904,6.0032,356.55
47.42,-0.0061,-0.0005,0.003,352.7914,5.9994,356.5522
47.44,-0.0071,0,0.0032,352.7872,5.9971,356.554
47.46,-0.0085,0.0005,0.0043,352.7879,5.9887,356.5585
47.48,-0.0072,0,0.0039,352.7895,5.9962,356.5552
47.5,-0.0057,-0.0002,0.0033,352.7887,6.0032,356.554
47.52,-0.0043,-0.0002,0.0024,352.7884,6.0095,356.5539
47.54,-0.0057,-0.0006,0.0034,352.7917,6.0018,356.5533
47.56,-0.0056,-0.0001,0.0033,352.7899,6.0029,356.5534
47.58,-0.0053,-0.0004,0.0033,352.7903,6.0028,356.5535
47.6,-0.0056,0.0001,0.0036,352.7877,5.9993,356.5555
47.62,-0.0057,-0.0005,0.0036,352.791,5.997,356.5532
47.64,-0.0042,-0.0008,0.0027,352.7917,6.0043,356.5504
47.66,-0.0041,-0.0005,0.0029,352.7915,6.0015,356.5511
47.68,-0.004,-0.0003,0.0031,352.7901,6.0008,356.551
47.7,-0.0035,-0.0004,0.0026,352.7901,6.0026,356.5507
47.72,-0.0045,0.0006,0.0028,352.7842,5.9939,356.5557
47.74,-0.0041,-0.0004,0.0028,352.7904,5.9989,356.5499
47.76,-0.0047,-0.0006,0.0033,352.7929,5.9947,356.5498
47.78,-0.0043,-0.0003,0.003,352.7909,5.9974,356.5493
47.8,-0.0041,-0.0004,0.0028,352.7914,5.9989,356.5493
47.82,-0.0046,-0.0006,0.0034,352.7926,5.9957,356.5486
47.84,-0.0041,-0.0005,0.0037,352.792,6,356.5486
47.86,-0.0039,-0.0004,0.0038,352.7917,6.0063,356.5472
47.88,-0.0039,-0.0003,0.0041,352.7917,6.0025,356.5496
47.9,-0.0035,-0.0003,0.0041,352.7915,6.0052,356.5493
47.92,-0.0036,-0.0006,0.0045,352.7935,6.0059,356.549
47.94,-0.0026,-0.0008,0.0043,352.7942,6.0154,356.5506
47.96,-0.0031,-0.0003,0.0046,352.7902,6.0121,356.5541
47.98,-0.0029,-0.0004,0.0047,352.7918,6.0155,356.5532
48,-0.0031,-0.0002,0.0048,352.7904,6.0164,356.5535
48.02,-0.0027,-0.0004,0.0045,352.7902,6.021,356.5529
48.04,-0.0038,-0.0002,0.0051,352.7911,6.013,356.5552
48.06,-0.0034,0.0002,0.0048,352.7882,6.0148,356.555
48.08,-0.0035,-0.0003,0.0053,352.7909,6.0108,356.5549
48.1,-0.0029,-0.0002,0.0049,352.789,6.0127,356.554
48.12,-0.0022,0.0002,0.0047,352.7883,6.0149,356.5556
48.14,-0.0027,-0.0004,0.0046,352.791,6.0138,356.5554
48.16,-0.004,-0.0003,0.0053,352.7908,6.0069,356.5574
48.18,-0.0033,-0.0005,0.0045,352.7898,6.0103,356.5565
48.2,-0.0029,-0.0007,0.0041,352.791,6.0113,356.5565
48.22,-0.0028,-0.0005,0.0037,352.7904,6.0111,356.5569
48.24,-0.0024,-0.0006,0.0039,352.7903,6.0088,356.5548
48.26,-0.002,-0.0004,0.0037,352.7893,6.0111,356.554
48.28,-0.002,-0.0004,0.0037,352.7893,6.0108,356.5545
48.3,-0.0021,-0.0005,0.004,352.7906,6.0098,356.5549
48.32,-0.0022,-0.0005,0.0047,352.7919,6.0077,356.5541
48.34,-0.0011,-0.001,0.0046,352.7932,6.021,356.5492
48.36,-0.003,-0.0003,0.0049,352.7889,6.0135,356.5542
48.38,-0.0028,-0.0007,0.0046,352.7918,6.0181,356.5524
48.4,-0.0021,-0.0004,0.0048,352.7917,6.0157,356.5537
48.42,-0.0006,-0.0002,0.0046,352.7905,6.0197,356.5511
48.44,-0.0001,-0.0005,0.0042,352.792,6.0213,356.5496
48.46,-0.0004,-0.0007,0.0036,352.7936,6.021,356.5484
48.48,-0.0005,-0.0006,0.0036,352.7937,6.0182,356.5488
48.5,0,-0.0003,0.0033,352.7925,6.0177,356.5489
48.52,0.0002,-0.0005,0.0036,352.7926,6.0163,356.5447
48.54,-0.0029,-0.0001,0.0038,352.7906,6.0076,356.5474
48.56,-0.0057,0.0006,0.0041,352.789,5.9983,356.5538
48.58,-0.0042,0,0.0028,352.7909,6.0045,356.553
48.6,-0.0037,0,0.0032,352.789,6.0016,356.5529
48.62,-0.0022,-0.0004,0.0027,352.7893,6.0089,356.5505
48.64,-0.0047,-0.0004,0.0032,352.7915,5.9982,356.5511
48.66,-0.0055,-0.0007,0.0025,352.7924,5.9973,356.5506
48.68,-0.0055,-0.0006,0.0025,352.7916,5.9973,356.55
48.7,-0.0049,-0.0007,0.0028,352.7919,5.9994,356.5494
48.72,-0.0053,-0.0004,0.0033,352.7912,5.9973,356.5504
48.74,-0.0059,-0.0006,0.0024,352.7925,6.0013,356.5515
48.76,-0.0062,-0.0002,0.0028,352.7905,5.9988,356.5547
48.78,-0.0055,-0.0003,0.003,352.7907,6.0027,356.553
48.8,-0.005,-0.0001,0.0033,352.7889,6.0035,356.5536
48.82,-0.0044,-0.0002,0.0031,352.789,6.0047,356.5541
48.84,-0.0039,-0.0006,0.0031,352.7911,6.006,356.5533
48.86,-0.0025,-0.0005,0.0029,352.7912,6.0108,356.5525
48.88,-0.0026,-0.0004,0.003,352.7896,6.0084,356.5521
48.9,-0.0027,-0.0007,0.0027,352.7902,6.0094,356.5502
48.92,-0.003,-0.0006,0.0022,352.7903,6.0069,356.5519
48.94,-0.0031,-0.0004,0.0024,352.7904,6.0051,356.5512
48.96,-0.0039,0.0001,0.0031,352.7884,5.9941,356.5546
48.98,-0.0037,-0.0005,0.003,352.7914,5.9968,356.5495
49,-0.0046,0,0.0031,352.7898,5.9904,356.5523
49.02,-0.0038,-0.0007,0.0026,352.7935,5.9938,356.5506
49.04,-0.002,-0.0006,0.002,352.791,5.9971,356.5487
49.06,-0.0032,-0.0003,0.0027,352.7894,5.9918,356.5502
49.08,-0.0036,-0.0005,0.0027,352.7904,5.9928,356.5494
49.1,-0.0046,-0.0004,0.0028,352.7914,5.9933,356.5499
49.12,-0.0044,0.0002,0.0031,352.7894,5.9937,356.5501
49.14,-0.0007,-0.0005,0.0034,352.7924,6.0056,356.5469
49.16,0,-0.0001,0.0036,352.7899,6.0078,356.5492
49.18,-0.0003,-0.0007,0.0037,352.7929,6.01,356.5487
49.2,-0.0008,-0.0005,0.0043,352.7924,6.0087,356.5506
49.22,-0.0001,-0.0008,0.0045,352.7945,6.013,356.5496
49.24,0.0008,-0.0007,0.0047,352.7929,6.0237,356.5494
49.26,-0.0013,-0.0002,0.0054,352.7896,6.0201,356.5509
49.28,-0.002,-0.0005,0.0056,352.7931,6.0252,356.5502
49.3,-0.0027,-0.0005,0.0062,352.7944,6.0252,356.5516
49.32,-0.0019,-0.0007,0.006,352.7943,6.0283,356.5512
49.34,-0.0017,-0.0003,0.0056,352.7896,6.0288,356.554
49.36,-0.0024,-0.0002,0.0057,352.7897,6.0251,356.5553
49.38,-0.0035,-0.0004,0.006,352.7916,6.0201,356.5569
49.4,-0.0032,-0.0006,0.0054,352.7917,6.0196,356.5566
49.42,-0.004,-0.0008,0.0056,352.7919,6.0069,356.5605
49.44,-0.0026,-0.0006,0.0043,352.7899,6.0111,356.5564
49.46,-0.0033,-0.0012,0.0049,352.794,6.0079,356.5536
49.48,-0.0033,-0.001,0.0047,352.7932,6.0091,356.5543
49.5,-0.0041,-0.0003,0.0048,352.7889,6.0044,356.5585
49.52,-0.0037,-0.0004,0.0048,352.7891,6.0062,356.558
49.54,-0.0017,-0.0008,0.005,352.7917,6.0136,356.5552
49.56,0.0003,-0.0009,0.0042,352.7914,6.026,356.5529
49.58,-0.0008,-0.001,0.0048,352.7924,6.0208,356.5534
49.6,-0.0009,-0.0013,0.0046,352.7943,6.0207,356.554
49.62,-0.0001,-0.0004,0.0042,352.7903,6.0214,356.5571
49.64,0.0018,-0.0008,0.0049,352.7912,6.0212,356.5531
49.66,0.0017,-0.0007,0.0048,352.792,6.0261,356.5502
49.68,0.0001,-0.0004,0.0049,352.7914,6.0229,356.5509
49.7,-0.0011,-0.0006,0.0046,352.7929,6.0188,356.5523
49.72,0.0002,-0.0006,0.0034,352.7921,6.0234,356.552
49.74,0.0029,-0.001,0.0042,352.7932,6.0237,356.5462
49.76,-0.0003,0.0001,0.0055,352.7885,6.0069,356.5517
49.78,-0.0013,0.0001,0.0045,352.7903,6.0084,356.5532
49.8,-0.0009,-0.0002,0.0033,352.7909,6.012,356.5525
49.82,0,-0.0003,0.0031,352.7912,6.0107,356.5508
49.84,0.0002,-0.0004,0.0037,352.7907,6.0062,356.5473
49.86,-0.0016,-0.0001,0.0028,352.7885,6.0053,356.5488
49.88,-0.0033,-0.0004,0.0023,352.7903,6.0044,356.5509
49.9,-0.0033,-0.0002,0.0027,352.7909,6.0036,356.5525
49.92,-0.0018,-0.0008,0.0029,352.7923,6.0072,356.5496
49.94,-0.0041,-0.0002,0.0027,352.7883,5.9995,356.5531
49.96,-0.0058,0,0.0019,352.787,5.9974,356.5531
49.98,-0.0057,-0.0005,0.002,352.7917,5.9998,356.5517
50,-0.0047,-0.0004,0.0028,352.7909,6.0012,356.5526
50.02,-0.0043,-0.0005,0.0034,352.7901,6.0002,356.5528
50.04,-0.0049,-0.0006,0.0021,352.7896,6.0014,356.5543
50.06,-0.0052,-0.0004,0.0021,352.7898,6.001,356.5553
50.08,-0.0053,0,0.0029,352.7885,6.0005,356.5556
50.1,-0.0048,-0.0003,0.0036,352.7899,6.0017,356.555
50.12,-0.0052,-0.0002,0.0036,352.7883,6.0005,356.5562
50.14,-0.0057,-0.0004,0.003,352.7899,6.0022,356.5544
50.16,-0.0062,0.0001,0.0039,352.7895,5.9965,356.5566
50.18,-0.0059,-0.0003,0.0039,352.7895,5.9975,356.554
50.2,-0.0056,-0.0002,0.003,352.7873,5.9994,356.5541
50.22,-0.0055,-0.0003,0.0025,352.7882,5.9966,356.554
50.24,-0.0036,-0.0005,0.0029,352.7919,5.9989,356.5503
50.26,-0.0044,-0.0005,0.0037,352.7903,5.9897,356.5519
50.28,-0.0045,0.0002,0.0027,352.7854,5.9917,356.5536
50.3,-0.0043,0.0001,0.0021,352.7857,5.994,356.5522
50.32,-0.0051,0.0001,0.0029,352.7889,5.9898,356.5531
50.34,-0.0037,-0.0003,0.0035,352.7906,5.9936,356.5494
50.36,-0.0029,-0.0007,0.0033,352.7901,5.9967,356.5488
50.38,-0.0009,0,0.0027,352.7885,6.0044,356.5497
50.4,-0.0003,-0.0006,0.0039,352.7939,6.0065,356.5481
50.42,0.0007,-0.0009,0.0041,352.7951,6.0124,356.5457
50.44,0.0014,-0.0008,0.0041,352.791,6.0173,356.5474
50.46,0.0019,-0.0008,0.0045,352.7924,6.0184,356.5477
50.48,0.0025,-0.001,0.0049,352.7962,6.0249,356.546
50.5,0.0028,-0.0007,0.0049,352.7936,6.0283,356.5479
50.52,0.0033,-0.0006,0.0043,352.7913,6.0324,356.5485
50.54,0.0021,-0.0007,0.0052,352.7938,6.0266,356.5506
50.56,0.0031,-0.0011,0.0049,352.7961,6.0325,356.5492
50.58,0.0024,-0.0012,0.0052,352.795,6.0291,356.5495
50.6,0.0018,-0.0008,0.0052,352.7921,6.0264,356.5518
50.62,0.0021,-0.0007,0.0046,352.7912,6.0291,356.5523
50.64,0.0019,-0.0004,0.0046,352.7909,6.0224,356.5548
50.66,0.0023,-0.0005,0.0044,352.7906,6.0227,356.5546
50.68,0.0024,-0.0004,0.0042,352.7888,6.0219,356.5554
50.7,0.0024,-0.0005,0.0041,352.7892,6.0228,356.556
50.72,0.0016,-0.0003,0.0046,352.7899,6.0177,356.5565
50.74,0.003,-0.0002,0.0041,352.7885,6.0242,356.556
50.76,0.0032,-0.0004,0.0038,352.7883,6.0274,356.5539
50.78,0.0021,-0.0008,0.0046,352.7906,6.0228,356.553
50.8,0.0017,-0.001,0.0043,352.7926,6.0218,356.5532
50.82,0.0015,-0.0009,0.0039,352.7918,6.0214,356.5542
50.84,0.0016,-0.0006,0.0041,352.7896,6.0199,356.5562
50.86,0.002,-0.0003,0.0043,352.7902,6.0229,356.5545
50.88,0.0013,-0.0002,0.0048,352.7908,6.0204,356.5529
50.9,0.0005,-0.0004,0.0046,352.7905,6.0207,356.5507
50.92,-0.0005,-0.0007,0.0045,352.7915,6.017,356.5537
50.94,0.0024,-0.0005,0.0044,352.7911,6.023,356.5519
50.96,0.0031,-0.0002,0.0048,352.7911,6.0219,356.5504
50.98,0.003,-0.0009,0.0046,352.7942,6.0229,356.5477
51,0.0032,-0.0009,0.0032,352.792,6.0286,356.5477
51.02,0.0026,-0.0006,0.0031,352.7916,6.0229,356.5494
51.04,0.0027,-0.0001,0.0033,352.79,6.018,356.5506
51.06,0.0023,-0.0001,0.0027,352.7881,6.0185,356.5486
51.08,0.0004,-0.0001,0.0024,352.7887,6.0124,356.5493
51.1,-0.0013,-0.0001,0.0027,352.7899,6.0066,356.5493
51.12,-0.0018,-0.0003,0.003,352.7925,6.0043,356.5502
51.14,-0.0023,-0.0009,0.0026,352.7922,6.0026,356.5479
51.16,-0.0048,0.0003,0.0034,352.7871,5.9886,356.555
51.18,-0.0031,-0.0004,0.0018,352.79,6.0041,356.5505
51.2,-0.0042,-0.0006,0.0026,352.7927,5.9995,356.5503
51.22,-0.0047,-0.0001,0.0034,352.7904,5.9942,356.5529
51.24,-0.0033,-0.0007,0.0025,352.7912,6.0002,356.5494
51.26,-0.0042,-0.0003,0.0025,352.7899,5.9961,356.5517
51.28,-0.0055,-0.0002,0.0028,352.7897,5.9934,356.5516
51.3,-0.0052,-0.0004,0.0026,352.7908,5.9967,356.551
51.32,-0.005,-0.0004,0.0026,352.7902,5.9979,356.5512
51.34,-0.0054,0.0002,0.0023,352.786,5.9965,356.5539
51.36,-0.0062,-0.0001,0.0028,352.7883,5.9925,356.5543
51.38,-0.0069,-0.0003,0.0034,352.7894,5.9896,356.5547
51.4,-0.0058,0.0003,0.0027,352.787,5.9941,356.554
51.42,-0.0061,-0.0003,0.0029,352.79,5.9915,356.5532
51.44,-0.0043,-0.0006,0.0024,352.7906,5.9934,356.5514
51.46,-0.0041,-0.0004,0.0025,352.7898,5.9933,356.5511
51.48,-0.0035,-0.0009,0.002,352.7917,5.9998,356.548
51.5,-0.0042,-0.0003,0.0022,352.7883,5.9967,356.5506
51.52,-0.0055,-0.0001,0.0027,352.7885,5.9894,356.5513
51.54,-0.0044,-0.0005,0.0025,352.7906,5.9932,356.5486
51.56,-0.0041,-0.0002,0.0029,352.7898,5.9902,356.5497
51.58,-0.002,-0.0005,0.0017,352.7909,5.9989,356.5472
51.6,-0.003,-0.0008,0.0024,352.7909,5.9951,356.5467
51.62,-0.0025,-0.0005,0.0025,352.7902,5.9943,356.5487
51.64,-0.0014,-0.0007,0.0035,352.7918,5.9943,356.5483
51.66,-0.0009,-0.0006,0.0036,352.791,5.9968,356.5484
51.68,-0.001,-0.0002,0.0036,352.7891,5.9981,356.5494
51.7,-0.001,-0.0003,0.0036,352.7901,6.0036,356.5488
51.72,-0.001,-0.0007,0.0039,352.7936,6.0077,356.5464
51.74,-0.0026,0.0004,0.0055,352.7895,6.0038,356.5515
51.76,-0.0019,-0.0004,0.0053,352.7918,6.0093,356.5506
51.78,-0.001,-0.0008,0.0051,352.794,6.0152,356.5503
51.8,0.0007,-0.0017,0.0056,352.7958,6.0179,356.5482
51.82,0.002,-0.0009,0.0047,352.7924,6.0269,356.5493
51.84,-0.001,-0.0006,0.0054,352.7914,6.0174,356.5556
51.86,-0.0022,-0.0006,0.0058,352.7935,6.0079,356.5566
51.88,0,-0.0007,0.0042,352.7934,6.0181,356.5542
51.9,-0.002,0.0004,0.0055,352.7866,6.0024,356.5586
51.92,-0.001,-0.0005,0.004,352.789,6.0112,356.5553
51.94,-0.0014,-0.0005,0.0034,352.7899,6.0125,356.5537
51.96,-0.0018,-0.0006,0.0036,352.7914,6.0108,356.555
51.98,-0.0031,-0.0002,0.0047,352.7893,6.0051,356.5552
52,-0.0025,-0.0009,0.0043,352.791,6.0102,356.5535
52.02,-0.0034,-0.0008,0.0047,352.7915,6.0072,356.5544
52.04,-0.0029,0,0.0046,352.7897,6.0068,356.5571
52.06,-0.0025,-0.0002,0.0044,352.7885,6.0085,356.5564
52.08,-0.0019,-0.0008,0.0042,352.7894,6.0104,356.5558
52.1,-0.0022,-0.0006,0.0048,352.7895,6.0079,356.5562
52.12,-0.0009,-0.0008,0.004,352.7917,6.0125,356.5544
52.14,0.0007,-0.0001,0.0037,352.7883,6.0218,356.5502
52.16,-0.0016,-0.0005,0.0042,352.7896,6.0169,356.5505
52.18,-0.0047,-0.0005,0.005,352.7912,6.0039,356.5565
52.2,-0.0021,-0.0003,0.0035,352.7889,6.0146,356.5536
52.22,-0.0003,-0.0011,0.0043,352.7933,6.016,356.5482
52.24,-0.0003,-0.0007,0.0054,352.7926,6.013,356.5475
52.26,-0.0012,-0.0008,0.0045,352.7922,6.0117,356.5487
52.28,-0.0005,-0.0006,0.0027,352.7923,6.0152,356.5493
52.3,0.0009,-0.0015,0.0028,352.7973,6.0151,356.5475
52.32,0.0012,-0.0007,0.0038,352.7928,6.0097,356.5475
52.34,-0.0003,-0.0003,0.0032,352.7904,6.0051,356.5478
52.36,-0.0026,-0.0003,0.0022,352.7907,6.0042,356.5478
52.38,-0.0023,-0.0008,0.002,352.7935,6.0039,356.5488
52.4,-0.002,-0.0013,0.003,352.7944,6,356.549
52.42,-0.001,-0.0004,0.0033,352.7897,6.0001,356.5502
52.44,-0.0026,-0.0004,0.0022,352.7898,5.9966,356.5477
52.46,-0.0062,-0.0007,0.0024,352.7924,5.99,356.549
52.48,-0.0071,0.0004,0.0029,352.7867,5.9864,356.5545
52.5,-0.0027,-0.0013,0.0016,352.7928,6.0065,356.548
52.52,-0.0022,-0.0005,0.0025,352.7881,6.0029,356.5519
52.54,-0.0042,0.001,0.0033,352.7837,5.9921,356.5567
52.56,-0.004,-0.0001,0.0024,352.7877,5.9999,356.5534
52.58,-0.0036,-0.0007,0.0027,352.7913,6.0049,356.551
52.6,-0.0025,-0.0006,0.0024,352.7909,6.0091,356.5516
52.62,-0.0025,-0.0006,0.003,352.7914,6.0054,356.5516
52.64,-0.0059,0.0011,0.0054,352.7837,5.9758,356.5635
52.66,-0.0028,-0.0003,0.0031,352.7891,6.0042,356.5532
52.68,-0.0019,-0.0005,0.0026,352.7916,6.0104,356.5524
52.7,-0.0036,0.0002,0.0038,352.7873,5.9968,356.5565
52.72,-0.0028,-0.0003,0.0031,352.7889,6.0016,356.5534
52.74,-0.0051,0.0003,0.0044,352.7869,5.9851,356.5579
52.76,-0.0033,0,0.003,352.7875,5.9996,356.5547
52.78,-0.0035,-0.0004,0.0032,352.7895,5.9984,356.553
52.8,-0.0027,-0.0004,0.0026,352.7889,6.0033,356.5513
52.82,-0.0027,-0.0005,0.0029,352.7902,5.999,356.5517
52.84,-0.0001,-0.0009,0.0015,352.7899,6.0065,356.5496
52.86,-0.0009,-0.0002,0.0018,352.789,6.0056,356.5498
52.88,-0.0024,-0.0005,0.0032,352.791,5.9953,356.5506
52.9,-0.0001,-0.0004,0.0018,352.7904,6.0053,356.547
52.92,-0.0012,-0.0005,0.0023,352.7905,6.0031,356.5479
52.94,-0.0051,0.0003,0.0041,352.7892,5.9941,356.5509
52.96,-0.0035,0.0001,0.0033,352.7895,5.9978,356.5506
52.98,-0.0017,-0.0002,0.0028,352.7898,6.0093,356.5466
53,-0.0016,-0.0001,0.0035,352.7878,6.0067,356.5475
53.02,-0.0013,-0.0005,0.0038,352.7909,6.0085,356.5481
53.04,0.0007,-0.0005,0.0037,352.7917,6.0164,356.5498
53.06,0.001,-0.0007,0.0047,352.7923,6.0168,356.5497
53.08,0.0001,-0.0008,0.0053,352.7919,6.016,356.5509
53.1,-0.0011,-0.0007,0.0057,352.7924,6.0173,356.5523
53.12,-0.0025,-0.0003,0.0056,352.7914,6.0195,356.5532
53.14,-0.0025,-0.0001,0.0056,352.7913,6.0178,356.5549
53.16,-0.0022,-0.0004,0.0057,352.7918,6.0181,356.5552
53.18,-0.0012,-0.0004,0.0051,352.7898,6.0189,356.555
53.2,-0.005,0.0002,0.007,352.7895,5.9954,356.563
53.22,-0.0039,-0.0002,0.0053,352.791,6.0088,356.5598
53.24,-0.0037,-0.0008,0.0045,352.791,6.0066,356.5587
53.26,-0.0029,-0.0006,0.0038,352.7882,6.0095,356.5585
53.28,-0.0043,-0.0002,0.0046,352.787,6.0018,356.5609
53.3,-0.0057,-0.0004,0.0052,352.7895,5.9949,356.5623
53.32,-0.0054,-0.0005,0.0045,352.7902,6.0004,356.5594
53.34,-0.0051,-0.0002,0.0041,352.7877,6.0016,356.559
53.36,-0.0047,-0.0002,0.0042,352.7871,6.0031,356.5583
53.38,-0.0038,-0.0006,0.0043,352.7896,6.0065,356.5558
53.4,-0.0024,-0.0013,0.0035,352.7948,6.0185,356.5519
53.42,-0.0042,-0.0005,0.0041,352.7896,6.0057,356.5581
53.44,-0.0036,-0.0007,0.0038,352.79,6.0054,356.5577
53.46,-0.003,-0.0006,0.0035,352.7893,6.0058,356.5595
53.48,-0.0022,-0.0003,0.0034,352.7874,6.0048,356.5603
53.5,-0.0031,0,0.0048,352.7868,6.0025,356.5588
53.52,-0.0022,-0.0006,0.0044,352.7892,6.0062,356.5553
53.54,-0.0032,-0.0004,0.004,352.7903,6.0101,356.5535
53.56,-0.0025,-0.0004,0.0035,352.7903,6.012,356.5538
53.58,-0.0011,-0.0008,0.004,352.7919,6.0134,356.5518
53.6,-0.002,0,0.0058,352.7899,6.0067,356.5519
53.62,-0.0021,-0.0008,0.0056,352.7936,6.0105,356.549
53.64,-0.0052,0,0.0047,352.7903,6.0062,356.5555
53.66,-0.0026,-0.0004,0.0037,352.791,6.0109,356.5548
53.68,0.0002,-0.0006,0.0039,352.7914,6.0131,356.5507
53.7,-0.0009,0.0002,0.0052,352.7878,5.9992,356.5519
53.72,-0.002,0,0.004,352.7886,6.0005,356.5513
53.74,-0.0046,0.0002,0.0023,352.7898,5.9991,356.5526
53.76,-0.0043,-0.0002,0.0028,352.7907,5.9975,356.5524
53.78,-0.0034,-0.0001,0.0029,352.7893,5.9976,356.5522
53.8,-0.0027,-0.0005,0.0025,352.7898,5.9994,356.5493
53.82,-0.0054,-0.0004,0.0027,352.7904,5.9904,356.551
53.84,-0.007,-0.0003,0.0019,352.791,5.9923,356.5515
53.86,-0.0059,0,0.0025,352.7905,5.993,356.5526
53.88,-0.0051,-0.0004,0.003,352.7895,5.9931,356.5537
53.9,-0.0051,0.0003,0.0032,352.7842,5.9916,356.5579
53.92,-0.0048,-0.0003,0.0025,352.7879,5.999,356.5561
53.94,-0.0049,-0.0009,0.0027,352.7929,6.002,356.5538
53.96,-0.0044,-0.0006,0.0029,352.79,6.0025,356.5555
53.98,-0.0036,-0.0006,0.0024,352.7878,6.0067,356.554
54,-0.0051,-0.0004,0.0032,352.7886,5.9994,356.5568
54.02,-0.0049,-0.0005,0.0032,352.7907,6.0007,356.5567
54.04,-0.0036,0.0003,0.0037,352.788,6.0031,356.5563
54.06,-0.0031,-0.0005,0.0033,352.7885,6.0036,356.555
54.08,-0.0033,-0.0007,0.0027,352.7898,6.0036,356.554
54.1,-0.0041,-0.0005,0.0027,352.7901,6.0016,356.554
54.12,-0.0047,-0.0005,0.0027,352.7902,6.0013,356.5534
54.14,-0.0054,-0.0003,0.0031,352.7892,5.9958,356.5547
54.16,-0.0043,-0.0006,0.0025,352.7894,5.9994,356.5512
54.18,-0.0044,-0.0006,0.0028,352.7913,5.9956,356.5517
54.2,-0.0057,-0.0007,0.0039,352.7948,5.9821,356.5521
54.22,-0.0044,-0.0003,0.0031,352.7891,5.9924,356.5514
54.24,-0.0038,0.0001,0.0028,352.7859,5.9941,356.5524
54.26,-0.0038,0.0001,0.0027,352.7873,5.9944,356.5532
54.28,-0.0037,-0.0003,0.0028,352.7898,5.9954,356.5522
54.3,-0.004,-0.0002,0.0031,352.7893,5.9943,356.553
54.32,-0.0031,-0.0004,0.003,352.7901,5.9984,356.552
54.34,-0.0047,0.0004,0.0044,352.789,5.9907,356.5552
54.36,-0.0034,-0.0003,0.0032,352.79,5.9993,356.5527
54.38,-0.0034,0,0.0034,352.7888,5.9996,356.5527
54.4,-0.0031,-0.0003,0.0037,352.7898,6.0005,356.5515
54.42,-0.0028,-0.0001,0.0039,352.7895,6.0004,356.552
54.44,-0.0023,0.0003,0.0039,352.7871,6.005,356.5536
54.46,-0.0017,-0.0011,0.004,352.7935,6.0101,356.5492
54.48,-0.0018,-0.0005,0.0042,352.7912,6.0111,356.5518
54.5,-0.0038,-0.0006,0.0054,352.7913,6.0087,356.5532
54.52,-0.0028,-0.0009,0.0047,352.792,6.0128,356.5526
54.54,-0.0031,-0.0005,0.0052,352.793,6.0139,356.5548
54.56,-0.0037,-0.0002,0.0055,352.7913,6.0127,356.5558
54.58,-0.0034,-0.0009,0.0049,352.7926,6.0164,356.5538
54.6,-0.0046,-0.0006,0.0053,352.791,6.0094,356.5565
54.62,-0.0046,-0.0006,0.0051,352.7918,6.0043,356.5572
54.64,-0.0043,-0.0006,0.0044,352.7896,6.006,356.5566
54.66,-0.0044,-0.0004,0.0038,352.7887,6.0046,356.5561
54.68,-0.0049,-0.0005,0.0039,352.7893,6.0012,356.5547
54.7,-0.0051,-0.0008,0.0042,352.792,5.9983,356.5554
54.72,-0.0046,-0.0005,0.0039,352.79,5.9984,356.5566
54.74,-0.0027,0,0.0037,352.7873,6.0002,356.5595
54.76,-0.0019,-0.0003,0.0038,352.7877,6.0047,356.557
54.78,-0.0016,-0.0004,0.0039,352.7894,6.0101,356.5555
54.8,-0.0016,-0.0003,0.0037,352.7895,6.0111,356.5558
54.82,-0.0019,-0.0009,0.0037,352.7923,6.012,356.5533
54.84,-0.0016,-0.0007,0.0038,352.7899,6.0086,356.5565
54.86,-0.0007,-0.0013,0.004,352.7926,6.0106,356.5546
54.88,-0.001,-0.0006,0.0043,352.791,6.011,356.5539
54.9,-0.0046,-0.0003,0.0054,352.7896,5.9989,356.5548
54.92,-0.0046,0,0.0041,352.7886,6.0066,356.5547
54.94,-0.0021,-0.0004,0.0036,352.7907,6.0143,356.5529
54.96,-0.0006,-0.0007,0.0046,352.7926,6.0122,356.5512
54.98,-0.0006,-0.0006,0.0049,352.7924,6.0118,356.5498
55,-0.0014,-0.0009,0.0041,352.7925,6.0141,356.5501
55.02,-0.0031,-0.0007,0.0039,352.7914,6.0102,356.5521
55.04,-0.0011,-0.0006,0.0038,352.7939,6.0113,356.552
55.06,0.0007,-0.0009,0.0032,352.7913,6.0126,356.5492
55.08,0.0004,-0.0005,0.0028,352.7902,6.0097,356.5501
55.1,-0.001,-0.0007,0.0025,352.7914,6.0074,356.5484
55.12,-0.0034,-0.0007,0.003,352.7947,5.9978,356.5501
55.14,-0.0031,-0.0003,0.0023,352.7879,6.0006,356.5513
55.16,-0.0031,-0.0002,0.0024,352.7879,5.9984,356.5517
55.18,-0.0043,-0.0003,0.003,352.789,5.9918,356.5523
55.2,-0.0067,-0.0008,0.0032,352.7928,5.9897,356.5517
55.22,-0.0085,0,0.0033,352.7896,5.9856,356.555
55.24,-0.006,-0.0009,0.0029,352.7919,5.9953,356.5534
55.26,-0.0045,-0.0006,0.0032,352.7912,5.9978,356.5539
55.28,-0.0039,-0.0001,0.0032,352.7888,5.9981,356.5566
55.3,-0.0039,-0.0005,0.0031,352.7901,5.9998,356.5543
55.32,-0.0037,-0.0003,0.0029,352.7892,6.001,356.5547
55.34,-0.0027,-0.0001,0.0025,352.7882,6.0065,356.5528
55.36,-0.0039,-0.0004,0.0034,352.7895,5.9983,356.5544
55.38,-0.0038,-0.0001,0.0027,352.7878,6.0006,356.5549
55.4,-0.0041,-0.0003,0.0023,352.7889,6.0032,356.5537
55.42,-0.0052,-0.0004,0.0026,352.7901,6.0008,356.554
55.44,-0.0036,-0.0013,0.0021,352.7939,6.0078,356.5496
55.46,-0.0032,-0.0008,0.002,352.7905,6.0074,356.5513
55.48,-0.0031,-0.0005,0.0023,352.789,6.0036,356.5504
55.5,-0.0026,-0.0005,0.002,352.7892,6.004,356.5505
55.52,-0.0038,-0.0006,0.0028,352.7909,5.993,356.5526
55.54,-0.0046,0,0.003,352.7867,5.9897,356.5553
55.56,-0.0032,-0.0003,0.0022,352.7882,5.9938,356.5529
55.58,-0.0027,-0.0001,0.0021,352.7884,5.9939,356.5517
55.6,-0.0026,-0.0001,0.0023,352.7877,5.9926,356.5512
55.62,-0.0027,0,0.0027,352.7869,5.9901,356.5513
55.64,-0.0042,-0.0006,0.0033,352.7912,5.9903,356.5494
55.66,-0.0045,-0.0004,0.0025,352.79,5.9933,356.55
55.68,-0.0045,-0.0004,0.0028,352.7909,5.9938,356.5515
55.7,-0.0042,-0.0007,0.0036,352.7928,5.9932,356.5502
55.72,-0.003,-0.0006,0.0036,352.7923,5.9965,356.5496
55.74,-0.0004,-0.0005,0.0029,352.7904,6.0056,356.5501
55.76,0.0002,-0.0005,0.0031,352.7907,6.0087,356.5489
55.78,-0.0005,-0.001,0.0035,352.7931,6.0108,356.5477
55.8,-0.0014,-0.0006,0.004,352.7917,6.0091,356.5502
55.82,-0.0032,-0.0009,0.0048,352.7919,6.0068,356.5509
55.84,-0.0023,-0.0007,0.0047,352.7928,6.0113,356.5527
55.86,-0.0022,-0.0005,0.0049,352.7924,6.0142,356.5524
55.88,-0.0024,-0.0003,0.005,352.7888,6.0149,356.5522
55.9,-0.0028,-0.0005,0.0048,352.7897,6.0146,356.5534
55.92,-0.0038,-0.0004,0.0048,352.7906,6.0094,356.5549
55.94,-0.0021,-0.0005,0.0043,352.791,6.0097,356.5537
55.96,-0.0021,-0.0009,0.0045,352.792,6.0078,356.5538
55.98,-0.0023,-0.0009,0.0044,352.7921,6.0074,356.554
56,-0.0016,-0.0013,0.0037,352.7933,6.0103,356.5531
56.02,-0.0001,-0.0016,0.003,352.7957,6.0172,356.5509
56.04,-0.0012,-0.0006,0.0038,352.7893,6.0082,356.5563
56.06,-0.0013,-0.0009,0.004,352.7903,6.0047,356.5565
56.08,-0.0004,-0.0007,0.0034,352.7912,6.0082,356.5558
56.1,-0.0007,-0.0007,0.0038,352.7918,6.0074,356.5547
56.12,-0.0014,-0.0007,0.0041,352.7917,6.0049,356.555
56.14,-0.0014,-0.0008,0.0035,352.7906,6.0075,356.555
56.16,-0.0012,-0.0005,0.0036,352.789,6.0067,356.5554
56.18,0.0004,-0.0007,0.0031,352.7906,6.0132,356.5561
56.2,0.0001,-0.0007,0.0037,352.7897,6.0112,356.5565
56.22,0.0005,-0.0007,0.0036,352.7908,6.0113,356.5556
56.24,0.0012,-0.0008,0.0034,352.7915,6.0126,356.5517
56.26,-0.0018,-0.0001,0.0048,352.7892,6.0008,356.5567
56.28,0.0003,-0.0013,0.003,352.7923,6.0161,356.5517
56.3,-0.0001,-0.0007,0.0036,352.7913,6.0126,356.5515
56.32,0.0001,-0.0003,0.0045,352.7916,6.0059,356.552
56.34,0.0009,0.0001,0.0039,352.7882,6.0101,356.5506
56.36,-0.0004,0.0001,0.0035,352.7869,6.0097,356.5522
56.38,-0.0024,0,0.0041,352.7889,6.002,356.5543
56.4,0.0002,-0.0006,0.0032,352.7923,6.0058,356.5501
56.42,0.0015,-0.0001,0.0033,352.7899,6.002,356.5496
56.44,-0.0019,-0.0006,0.0027,352.7882,5.9916,356.5509
56.46,-0.0041,-0.0005,0.0016,352.7908,5.9943,356.5526
56.48,-0.0054,0.0003,0.003,352.7907,5.9864,356.5577
56.5,-0.0023,-0.0002,0.0026,352.7911,5.9919,356.5535
56.52,-0.0015,-0.0003,0.0028,352.789,5.9911,356.5522
56.54,-0.0031,-0.0004,0.0015,352.7881,5.991,356.5509
56.56,-0.0056,-0.0006,0.002,352.7916,5.9867,356.5522
56.58,-0.0048,-0.0009,0.0021,352.7933,5.9897,356.5512
56.6,-0.0039,-0.0006,0.0022,352.7905,5.9924,356.552
56.62,-0.0032,-0.0009,0.0023,352.7903,5.9947,356.5518
56.64,-0.0045,-0.0007,0.0023,352.791,5.9916,356.5537
56.66,-0.0054,-0.0008,0.003,352.793,5.9899,356.5544
56.68,-0.0039,-0.0005,0.0027,352.7911,5.995,356.554
56.7,-0.0029,-0.0008,0.0025,352.7899,5.998,356.5522
56.72,-0.0017,-0.0009,0.0013,352.7899,6.0033,356.5513
56.74,-0.0041,-0.0006,0.0022,352.7904,5.9965,356.5537
56.76,-0.0039,-0.0003,0.002,352.7884,5.9994,356.5541
56.78,0.0005,-0.0017,-0.0006,352.7909,6.026,356.5441
56.8,-0.0026,-0.0009,0.0018,352.7896,6.0006,356.551
56.82,-0.0026,-0.0004,0.0014,352.7876,5.9999,356.5518
56.84,-0.0039,-0.0003,0.002,352.7887,5.9909,356.5535
56.86,-0.004,-0.0001,0.0024,352.7869,5.9881,356.5529
56.88,0.0008,-0.0016,-0.0008,352.7915,6.0141,356.5436
56.9,-0.0026,-0.0007,0.0016,352.7893,5.9933,356.5486
56.92,-0.0025,-0.0007,0.0015,352.7904,5.9954,356.5491
56.94,-0.0035,-0.0004,0.0019,352.7892,5.9915,356.5519
56.96,-0.0035,-0.0004,0.002,352.7895,5.9915,356.5517
56.98,-0.0068,0.0002,0.0051,352.7905,5.9675,356.5581
57,-0.0021,-0.0005,0.0022,352.7896,5.995,356.5496
57.02,-0.0031,-0.0002,0.0032,352.79,5.9873,356.5537
57.04,-0.0022,0,0.0025,352.7879,5.996,356.5524
57.06,-0.0021,-0.0005,0.0026,352.7902,5.9969,356.5499
57.08,-0.0019,-0.0005,0.0026,352.7906,5.9984,356.5511
57.1,-0.0017,-0.0005,0.0027,352.7898,6.0014,356.5507
57.12,-0.002,-0.0006,0.0035,352.7902,5.9976,356.5525
57.14,-0.0008,-0.0007,0.0031,352.7908,6.0081,356.551
57.16,-0.0012,-0.0008,0.0035,352.7916,6.0071,356.5515
57.18,-0.0011,-0.0007,0.0037,352.7913,6.0099,356.5517
57.2,-0.0012,-0.0007,0.0037,352.791,6.0116,356.5522
57.22,-0.0014,-0.0005,0.0037,352.7901,6.0141,356.5526
57.24,-0.0035,-0.0007,0.0046,352.7905,6.0123,356.5552
57.26,-0.0031,-0.0009,0.0045,352.7913,6.0138,356.5544
57.28,-0.0025,0,0.0046,352.7885,6.0131,356.5552
57.3,-0.0022,-0.0005,0.0048,352.79,6.0131,356.554
57.32,-0.0025,-0.0004,0.0048,352.79,6.0107,356.5552
57.34,-0.0029,-0.0005,0.0045,352.7902,6.0075,356.5562
57.36,-0.0023,-0.0007,0.004,352.7913,6.0091,356.5561
57.38,-0.0019,-0.0007,0.0038,352.7904,6.0071,356.5565
57.4,-0.0009,-0.0011,0.0034,352.7904,6.0078,356.5547
57.42,-0.0018,-0.0005,0.0042,352.7899,6.0014,356.5548
57.44,-0.0023,-0.0002,0.0041,352.7883,6.0029,356.556
57.46,-0.0017,-0.0005,0.0036,352.7891,6.0083,356.5544
57.48,-0.0025,0,0.0043,352.7862,5.9991,356.5583
57.5,-0.0013,-0.0004,0.0041,352.7885,6.0053,356.5566
57.52,-0.0014,-0.0004,0.0046,352.7898,6.0041,356.5574
57.54,-0.0008,-0.0004,0.0038,352.7892,6.011,356.5521
57.56,-0.0014,-0.0005,0.004,352.79,6.0092,356.5519
57.58,-0.0002,-0.0005,0.003,352.7892,6.0139,356.552
57.6,-0.0012,-0.0008,0.0042,352.7914,6.0096,356.5527
57.62,0.0002,-0.0008,0.0038,352.7918,6.0133,356.5491
57.64,0.0005,-0.0003,0.0038,352.7906,6.0084,356.5497
57.66,0.0003,-0.0004,0.0037,352.7913,6.0076,356.5503
57.68,0.0007,-0.0006,0.0032,352.7914,6.011,356.5492
57.7,0.0005,-0.0005,0.0032,352.7916,6.0083,356.5502
57.72,0.0009,-0.0008,0.003,352.7927,6.0065,356.5487
57.74,-0.0003,-0.0007,0.0026,352.7906,6.002,356.5486
57.76,-0.003,-0.0007,0.0029,352.7928,5.9972,356.5501
57.78,-0.003,-0.0004,0.0019,352.7905,6.0021,356.5515
57.8,-0.0029,-0.0009,0.0021,352.792,6.0019,356.5499
57.82,-0.0032,-0.0002,0.0027,352.7891,5.9949,356.554
57.84,-0.0036,-0.0006,0.0026,352.7897,5.9912,356.5509
57.86,-0.0046,-0.0005,0.0022,352.7901,5.9901,356.5512
57.88,-0.0052,-0.0002,0.0017,352.7893,5.9907,356.5529
57.9,-0.0056,-0.0003,0.0024,352.7905,5.988,356.5531
57.92,-0.0045,-0.0002,0.003,352.7888,5.989,356.5515
57.94,-0.0055,-0.0005,0.0026,352.7897,5.9884,356.5523
57.96,-0.0073,-0.0003,0.0022,352.7884,5.9882,356.5532
57.98,-0.0068,-0.001,0.002,352.7934,5.9966,356.5516
58,-0.0059,-0.0007,0.0026,352.792,5.9982,356.5508
58.02,-0.005,-0.0007,0.0031,352.7915,5.9961,356.5518
58.04,-0.0034,-0.0003,0.0021,352.7877,5.9983,356.5533
58.06,-0.0032,-0.0005,0.0021,352.7904,6.0002,356.5518
58.08,-0.0031,-0.0009,0.0026,352.7921,6.0003,356.5511
58.1,-0.0035,-0.0012,0.0028,352.7929,6.0003,356.5504
58.12,-0.004,-0.0007,0.0023,352.7897,6.0005,356.5523
58.14,-0.0051,-0.0008,0.0028,352.791,5.9942,356.5533
58.16,-0.0047,-0.0008,0.0028,352.791,5.994,356.5542
58.18,-0.004,-0.0005,0.0025,352.7889,5.9948,356.5548
58.2,-0.0034,-0.0004,0.0023,352.7882,5.9934,356.5544
58.22,-0.0032,-0.0005,0.0023,352.7905,5.9889,356.552
58.24,-0.0024,-0.0004,0.0022,352.7903,5.9877,356.5508
58.26,-0.003,-0.0006,0.0025,352.7905,5.986,356.55
58.28,-0.0038,-0.0006,0.0025,352.7897,5.9846,356.5498
58.3,-0.0042,-0.0003,0.0024,352.789,5.9842,356.5503
58.32,-0.0046,-0.0005,0.003,352.7913,5.984,356.5495
58.34,-0.0043,-0.0001,0.0031,352.789,5.993,356.5519
58.36,-0.0044,-0.0003,0.0033,352.7901,5.9933,356.553
58.38,-0.004,-0.0001,0.0034,352.7893,5.9947,356.553
58.4,-0.0035,-0.0002,0.0036,352.7897,5.9959,356.552
58.42,-0.0033,-0.0001,0.0038,352.7895,5.9976,356.5528
58.44,-0.0033,-0.0005,0.0037,352.7903,6.0002,356.5523
58.46,-0.0026,-0.0003,0.0035,352.79,6.001,356.5532
58.48,-0.0012,-0.0012,0.0033,352.7931,6.0068,356.5494
58.5,-0.0021,-0.0011,0.004,352.7932,6.003,356.5507
58.52,-0.0019,-0.0011,0.0034,352.7922,6.008,356.55
58.54,-0.0035,-0.0001,0.0033,352.7896,6.0031,356.5548
58.56,-0.0036,-0.0008,0.0036,352.7921,6.0024,356.5534
58.58,-0.0033,-0.0003,0.0036,352.789,6.0022,356.5551
58.6,-0.0025,-0.0007,0.0033,352.7899,6.0058,356.5534
58.62,-0.0025,-0.0006,0.0034,352.7899,6.0055,356.5533
58.64,-0.0028,-0.0005,0.0034,352.7893,6.0033,356.5547
58.66,-0.0023,-0.0004,0.0033,352.7884,6.0043,356.5545
58.68,-0.0011,-0.0008,0.0028,352.7903,6.0103,356.5538
58.7,-0.0017,-0.0006,0.0032,352.7899,6.0053,356.5548
58.72,-0.002,-0.0008,0.0036,352.792,6.0033,356.5535
58.74,-0.0024,-0.0004,0.0035,352.7891,6.0039,356.5538
58.76,-0.0028,-0.0005,0.0035,352.7883,6.0039,356.5538
58.78,-0.0031,-0.0008,0.0037,352.7903,6.0026,356.555
58.8,-0.0028,-0.0006,0.0034,352.789,6.005,356.5552
58.82,-0.002,-0.0006,0.0032,352.7889,6.0069,356.5552
58.84,-0.001,-0.001,0.0031,352.7919,6.0089,356.5509
58.86,-0.0021,-0.0007,0.0037,352.791,6.0041,356.5525
58.88,-0.003,-0.0008,0.0036,352.7917,6.0049,356.5524
58.9,-0.0018,-0.0008,0.0024,352.79,6.0164,356.5513
58.92,-0.0016,-0.0011,0.0029,352.7936,6.0114,356.5496
58.94,-0.0016,-0.0005,0.0044,352.7897,6.0013,356.551
58.96,-0.001,-0.0002,0.0032,352.7868,6.0101,356.5508
58.98,-0.0021,-0.0003,0.0033,352.7896,6.0044,356.552
59,-0.002,-0.0003,0.0036,352.7915,6.0016,356.5533
59.02,-0.0005,-0.0004,0.0033,352.7909,6.0032,356.5519
59.04,-0.0002,-0.0005,0.0025,352.7889,6.0029,356.5494
59.06,-0.0014,-0.0004,0.0024,352.7901,5.9988,356.5501
59.08,-0.0023,-0.0007,0.0023,352.7925,5.9985,356.5494
59.1,-0.002,-0.0005,0.0021,352.7917,5.9996,356.5503
59.12,-0.0015,-0.0009,0.0018,352.7914,6.0013,356.5492
59.14,-0.0012,-0.0012,0.0009,352.7926,6.0058,356.5467
59.16,-0.0044,0,0.0021,352.7891,5.9927,356.5515
59.18,-0.0041,-0.0008,0.0017,352.791,5.9952,356.5504
59.2,-0.0041,-0.0011,0.002,352.7928,5.9952,356.5506
59.22,-0.0038,-0.001,0.0022,352.7919,5.9949,356.552
59.24,-0.0025,-0.001,0.0016,352.791,5.9998,356.5519
59.26,-0.0029,-0.0007,0.0017,352.7902,5.999,356.5515
59.28,-0.0033,-0.0008,0.0019,352.7899,5.9973,356.5527
59.3,-0.0031,-0.0008,0.0017,352.7892,5.9993,356.5525
59.32,-0.0027,-0.0009,0.0014,352.7902,6.0031,356.5524
59.34,-0.0025,-0.0009,0.0019,352.7908,5.9998,356.5521
59.36,-0.002,-0.0012,0.0015,352.7914,6.0026,356.552
59.38,-0.0027,-0.001,0.0016,352.7906,6.0017,356.5518
59.4,-0.0029,-0.0014,0.0013,352.7923,6.0039,356.5499
59.42,-0.0036,-0.001,0.0015,352.7918,6.0022,356.5508
59.44,-0.0033,-0.0006,0.0023,352.7892,5.996,356.5524
59.46,-0.0033,-0.0008,0.0031,352.7905,5.9913,356.5524
59.48,-0.0024,-0.0007,0.0023,352.7899,5.9953,356.5521
59.5,-0.0033,-0.0003,0.0027,352.7885,5.9886,356.5547
59.52,-0.0021,-0.0007,0.0021,352.7916,5.9951,356.5525
59.54,-0.0009,-0.0006,0.0018,352.7892,5.9981,356.5534
59.56,0.0003,-0.0014,0.0007,352.7926,6.0055,356.5502
59.58,-0.0008,-0.0009,0.0017,352.7918,5.997,356.5524
59.6,0.0005,-0.0009,0.0009,352.7906,6.0035,356.5506
59.62,-0.0005,-0.0007,0.0019,352.7902,5.9981,356.5515
59.64,-0.0007,-0.0012,0.0019,352.7931,6.0002,356.5486
59.66,-0.0009,-0.0008,0.002,352.7904,5.9992,356.5487
59.68,-0.0012,-0.0007,0.0025,352.7906,5.9973,356.5496
59.7,-0.0011,-0.0005,0.0027,352.7894,5.9975,356.55
59.72,-0.0005,-0.0003,0.0027,352.7882,5.9996,356.55
59.74,-0.0002,-0.0005,0.003,352.7904,6.0031,356.5504
59.76,-0.0002,-0.0004,0.0031,352.7898,6.0041,356.5524
59.78,0.0001,-0.0007,0.0032,352.7917,6.0077,356.5508
59.8,0.0001,-0.0006,0.0031,352.7899,6.0114,356.5512
59.82,0.0006,-0.0009,0.003,352.7933,6.0175,356.5505
59.84,-0.0001,-0.0009,0.0032,352.7921,6.0155,356.554
59.86,-0.0055,0.0002,0.0068,352.7888,5.9921,356.5616
59.88,-0.0009,-0.0014,0.0037,352.7923,6.0131,356.5544
59.9,-0.0015,-0.0005,0.0038,352.79,6.0145,356.5563
59.92,-0.0014,-0.0004,0.0035,352.7881,6.0146,356.5551
59.94,-0.0027,-0.0004,0.0042,352.7899,6.0085,356.5579
59.96,-0.002,-0.0013,0.0033,352.7939,6.0147,356.5549
59.98,-0.0022,-0.001,0.0033,352.7921,6.0138,356.5548
60,-0.0029,-0.0007,0.0035,352.7903,6.0104,356.5562
60.02,-0.004,-0.0011,0.0038,352.7912,6.0085,356.5561
60.04,-0.0037,-0.0007,0.0031,352.7897,6.0081,356.5575
60.06,-0.0026,-0.0005,0.0023,352.789,6.0124,356.5581
60.08,-0.0031,-0.0007,0.0029,352.7898,6.009,356.5567
60.1,-0.0039,-0.0007,0.0035,352.7904,6.0048,356.5557
60.12,-0.0047,-0.0007,0.0041,352.7903,6.002,356.5558
60.14,-0.0027,-0.0007,0.0036,352.7903,6.0126,356.555
60.16,-0.0032,-0.0006,0.0047,352.7914,6.004,356.5581
60.18,-0.0018,-0.0007,0.0041,352.7911,6.0118,356.5543
60.2,-0.0019,-0.0007,0.0044,352.7911,6.0095,356.5547
60.22,-0.0019,-0.0005,0.0045,352.7909,6.0091,356.5564
60.24,0.0008,-0.0006,0.0033,352.7902,6.0154,356.5547
60.26,0.0033,0.0002,0.0023,352.7874,6.0196,356.5519
60.28,0.003,-0.0009,0.003,352.7904,6.0155,356.5502
60.3,0.002,-0.0006,0.0032,352.7902,6.0107,356.5526
60.32,0.0021,-0.0004,0.0027,352.7899,6.0123,356.5532
60.34,0.003,-0.0005,0.0024,352.7906,6.0127,356.5514
60.36,0.0024,-0.0003,0.0035,352.7908,6.0008,356.5511
60.38,0.0036,-0.0007,0.0026,352.7911,6.0062,356.5472
60.4,0.0034,-0.0009,0.0022,352.7916,6.0068,356.5459
60.42,0.0022,-0.0007,0.0022,352.7918,6.0042,356.5473
60.44,0.0014,-0.0008,0.0019,352.7914,6.0029,356.5484
60.46,0.0018,-0.0012,0.0016,352.7926,6.0062,356.5471
60.48,0.002,-0.0009,0.0016,352.7912,6.0044,356.5478
60.5,0.0017,-0.0011,0.0017,352.793,6.0013,356.5478
60.52,0.0021,-0.0012,0.0007,352.7923,6.0062,356.5463
60.54,0.0007,-0.0007,0.001,352.7897,5.998,356.5495
60.56,0.0015,-0.0009,0.0008,352.7925,6.0019,356.5494
60.58,0.001,-0.0008,0.0013,352.7916,5.996,356.5504
60.6,0.0011,-0.0004,0.0008,352.7884,5.9978,356.5506
60.62,0.0004,-0.0009,0.0009,352.7898,5.9979,356.5494
60.64,-0.0017,-0.0007,0.0024,352.7907,5.9928,356.5528
60.66,-0.0025,-0.0011,0.0026,352.7922,5.9914,356.5517
60.68,-0.001,-0.0009,0.0012,352.7898,5.9983,356.5509
60.7,-0.0008,-0.0009,0.0011,352.7896,6.0003,356.5511
60.72,-0.0004,-0.0005,0.001,352.7885,6.003,356.5522
60.74,-0.0006,-0.0006,0.0016,352.7895,6,356.5522
60.76,-0.0003,-0.0003,0.0011,352.7872,5.9992,356.5529
60.78,-0.0004,-0.0005,0.001,352.7879,5.9987,356.5528
60.8,-0.001,-0.0005,0.0013,352.7878,5.9955,356.552
60.82,-0.0007,-0.0005,0.0011,352.7886,5.9984,356.5513
60.84,-0.002,-0.0008,0.0016,352.7899,5.9887,356.5527
60.86,-0.002,-0.0007,0.0016,352.7894,5.989,356.5508
60.88,-0.0014,-0.0009,0.0013,352.7907,5.9929,356.5499
60.9,-0.0021,-0.0004,0.0018,352.7892,5.9904,356.5513
60.92,-0.0018,-0.0007,0.0013,352.7902,5.9945,356.5499
60.94,-0.0023,-0.0006,0.0014,352.789,5.9939,356.5491
60.96,-0.0018,-0.0005,0.0015,352.7881,5.9998,356.5475
60.98,-0.0018,-0.0007,0.0022,352.7909,5.9949,356.5479
61,-0.0013,-0.0004,0.0023,352.7892,5.9948,356.5499
61.02,0.0004,-0.0009,0.0015,352.7903,6.0024,356.5487
61.04,0.0006,-0.0008,0.0027,352.7912,6.002,356.5488
61.06,0.0007,-0.0011,0.0027,352.7923,6.0053,356.5481
61.08,-0.0004,-0.0007,0.0036,352.7907,6.0005,356.5501
61.1,0.0001,-0.0009,0.0038,352.7933,6.0037,356.5498
61.12,0.0019,-0.0014,0.0032,352.7954,6.0137,356.5482
61.14,0.0025,-0.0009,0.0041,352.7917,6.0126,356.5493
61.16,0.0026,-0.0008,0.0048,352.792,6.0116,356.5497
61.18,0.0035,-0.0014,0.0046,352.795,6.0179,356.5473
61.2,0.0047,-0.0013,0.0041,352.7934,6.0261,356.5478
61.22,0.0047,-0.0014,0.0045,352.794,6.0274,356.5479
61.24,0.0042,-0.001,0.0051,352.7932,6.0235,356.5505
61.26,0.0042,-0.001,0.005,352.7932,6.0241,356.5506
61.28,0.0041,-0.001,0.005,352.7923,6.0242,356.5503
61.3,0.0037,-0.0006,0.0049,352.7896,6.0207,356.5535
61.32,0.0039,-0.0009,0.0043,352.7914,6.0221,356.5529
61.34,0.0023,-0.0009,0.0042,352.7907,6.0138,356.5546
61.36,0.0018,-0.0008,0.0039,352.7904,6.0108,356.555
61.38,0.003,-0.001,0.0031,352.7907,6.0178,356.5523
61.4,0.0032,-0.0012,0.0032,352.7919,6.0176,356.5504
61.42,0.0029,-0.0011,0.0035,352.7918,6.0167,356.551
61.44,0.0014,-0.0009,0.0038,352.7915,6.0194,356.5516
61.46,0.0008,-0.001,0.0041,352.791,6.0174,356.5536
61.48,0.0014,-0.0012,0.0041,352.7922,6.0199,356.553
61.5,0.0025,-0.0011,0.004,352.7917,6.0234,356.5515
61.52,0.002,-0.0007,0.0046,352.7911,6.0198,356.5529
61.54,0.0016,-0.0007,0.0039,352.791,6.0212,356.553
61.56,0.0013,-0.0007,0.0037,352.7903,6.0191,356.5534
61.58,0.0038,-0.0009,0.0025,352.7921,6.0309,356.5505
61.6,0.0034,-0.0013,0.0035,352.7934,6.0224,356.5484
61.62,0.0028,-0.0011,0.0037,352.7934,6.0183,356.5484
61.64,0.0009,-0.0009,0.0034,352.7927,6.0111,356.549
61.66,0.0022,-0.0012,0.0026,352.7938,6.0193,356.5467
61.68,0.002,-0.0011,0.003,352.7932,6.0163,356.5481
61.7,0.0017,-0.001,0.0032,352.7931,6.0134,356.5486
61.72,0.0019,-0.0008,0.0028,352.791,6.0138,356.5478
61.74,0.0016,-0.0005,0.0025,352.7906,6.009,356.55
61.76,0.0018,-0.0005,0.0021,352.7902,6.0134,356.5492
61.78,0.0016,-0.0005,0.0022,352.7884,6.0121,356.5486
61.8,0.0007,-0.0003,0.0028,352.789,6.0049,356.5532
61.82,0.0016,-0.0006,0.0025,352.7906,6.0087,356.5492
61.84,0.0008,-0.0005,0.0028,352.79,6.0025,356.5509
61.86,0.0007,-0.0007,0.0021,352.7902,6.009,356.5502
61.88,0.0011,-0.0007,0.0017,352.7911,6.0128,356.5497
61.9,0.0002,-0.0001,0.0026,352.7895,6.0073,356.5527
61.92,0.0015,-0.0009,0.0022,352.7922,6.0118,356.5492
61.94,0.0005,-0.0003,0.0026,352.7882,6.0059,356.5525
61.96,-0.0006,-0.0004,0.0032,352.7893,6.0012,356.553
61.98,0.0004,-0.0008,0.0024,352.7923,6.0085,356.5519
62,0.0004,-0.0011,0.0027,352.7933,6.0069,356.5505
62.02,0.0006,-0.0009,0.0029,352.7915,6.0064,356.5523
62.04,0.0008,0,0.0029,352.7877,6.0064,356.5542
62.06,0.0013,-0.0006,0.0024,352.7906,6.0086,356.5526
62.08,0.0005,-0.0004,0.003,352.7895,6.0016,356.5533
62.1,0.0008,-0.0008,0.0028,352.7905,6.0032,356.5503
62.12,0.0008,-0.0009,0.0026,352.7908,6.0051,356.5502
62.14,-0.0002,-0.0007,0.0024,352.791,6.0036,356.5501
62.16,-0.0001,-0.0007,0.0024,352.7905,6.0032,356.55
62.18,-0.0005,-0.0007,0.0027,352.7902,6.0009,356.5505
62.2,-0.0011,-0.0007,0.0029,352.7898,5.9928,356.5514
62.22,-0.0014,-0.0004,0.0027,352.7892,5.9943,356.5519
62.24,-0.0007,-0.0006,0.0026,352.7904,6.0005,356.5498
62.26,-0.0007,-0.0008,0.0031,352.791,5.9984,356.5499
62.28,-0.0001,-0.0006,0.0028,352.7896,6.0005,356.5498
62.3,-0.0002,-0.0002,0.0031,352.7879,5.9972,356.5517
62.32,0.0005,-0.0009,0.0026,352.7912,6.0035,356.5486
62.34,-0.0019,-0.0009,0.0038,352.7928,6.001,356.5503
62.36,-0.0025,-0.0007,0.0039,352.7922,5.9996,356.5501
62.38,-0.0026,-0.0006,0.0041,352.7912,5.9976,356.5499
62.4,-0.0013,-0.0006,0.0038,352.7909,6.0013,356.5498
62.42,-0.0003,-0.0005,0.0039,352.7904,6.0072,356.5494
62.44,-0.001,-0.0005,0.0042,352.7904,6.0078,356.5493
62.46,-0.0002,-0.0004,0.0036,352.789,6.0136,356.55
62.48,0.0007,-0.0006,0.0043,352.7919,6.0115,356.5501
62.5,0.0009,-0.0006,0.0061,352.7921,6.0085,356.5517
62.52,0.0027,-0.0007,0.0046,352.7918,6.0163,356.5504
62.54,0.0014,-0.0001,0.0047,352.7883,6.0163,356.5529
62.56,0.0017,-0.0009,0.0047,352.7923,6.0175,356.5504
62.58,0.002,-0.0008,0.0048,352.7925,6.0184,356.552
62.6,0.0026,-0.001,0.0044,352.7929,6.0232,356.55
62.62,0.0023,-0.0009,0.0043,352.7911,6.0203,356.5519
62.64,0.0021,-0.0008,0.0041,352.7922,6.0187,356.552
62.66,0.002,-0.0009,0.0044,352.7928,6.017,356.552
62.68,0.0021,-0.0005,0.0042,352.79,6.0157,356.5539
62.7,0.0048,-0.001,0.0024,352.7905,6.024,356.5514
62.72,0.0037,-0.001,0.0035,352.7915,6.0197,356.5513
62.74,0,0.0002,0.0059,352.7862,5.9949,356.5615
62.76,0.0019,-0.0008,0.0038,352.7911,6.0126,356.5558
62.78,0.0021,-0.0005,0.0036,352.7901,6.0141,356.5553
62.8,0.0024,-0.0009,0.0041,352.7917,6.0137,356.5517
62.82,0.0028,-0.0009,0.0042,352.7924,6.0165,356.5512
62.84,0.0035,-0.001,0.0037,352.7914,6.0216,356.5508
62.86,0.0041,-0.0008,0.0032,352.7913,6.0256,356.5509
62.88,0.0036,-0.001,0.0039,352.7934,6.0221,356.5499
62.9,0.004,-0.0007,0.0036,352.7918,6.0245,356.5511
62.92,0.0039,-0.0007,0.0035,352.791,6.0243,356.5517
62.94,0.0038,-0.0005,0.0035,352.7917,6.0156,356.5551
62.96,0.0041,-0.0005,0.0033,352.7913,6.0199,356.5522
62.98,0.0047,-0.0006,0.0031,352.7911,6.0214,356.5494
63,0.0046,-0.0003,0.0028,352.7886,6.0195,356.5489
63.02,0.0042,-0.0004,0.0026,352.7894,6.0171,356.5494
63.04,0.0041,-0.0008,0.0023,352.7924,6.0178,356.5475
63.06,0.0035,-0.0009,0.003,352.7932,6.0109,356.549
63.08,0.0039,-0.0011,0.0023,352.7933,6.0148,356.5472
63.1,0.0028,-0.0007,0.0026,352.7913,6.0076,356.5495
63.12,0.002,-0.0004,0.0024,352.7902,6.0082,356.5506
63.14,0.0011,-0.0016,0.0029,352.7946,6.0114,356.549
63.16,0.0008,-0.0009,0.0028,352.7921,6.0107,356.5515
63.18,0.0011,-0.001,0.0025,352.7923,6.0102,356.5515
63.2,0.0027,-0.0013,0.0017,352.792,6.0148,356.5493
63.22,0.0015,-0.0007,0.0024,352.7908,6.0124,356.5515
63.24,-0.0015,-0.0008,0.0036,352.7903,6.0043,356.5544
63.26,-0.0004,-0.0004,0.0027,352.7888,6.0072,356.5545
63.28,0.0004,-0.0005,0.0024,352.7899,6.0099,356.5543
63.3,-0.0002,-0.001,0.0032,352.7914,6.0047,356.5535
63.32,-0.0004,-0.0007,0.0029,352.7898,6.0053,356.5535
63.34,-0.0005,-0.0008,0.0021,352.7902,6.0102,356.5521
63.36,-0.0005,-0.0007,0.0025,352.7908,6.0078,356.5526
63.38,-0.0003,-0.0003,0.0028,352.789,6.0059,356.5549
63.4,-0.0003,-0.0006,0.0031,352.79,6.0044,356.5552
63.42,0,-0.0007,0.0027,352.79,6.0057,356.554
63.44,0.0005,-0.0009,0.0022,352.7913,6.0051,356.5533
63.46,0.0004,-0.0006,0.0023,352.7896,6.0054,356.5534
63.48,-0.0002,-0.0008,0.0028,352.7905,6.0011,356.5539
63.5,-0.0006,-0.0007,0.0028,352.79,6.0002,356.554
63.52,-0.0006,-0.0007,0.0026,352.7901,6.0002,356.554
63.54,-0.0006,-0.0005,0.0029,352.7896,5.9997,356.5542
63.56,-0.0012,-0.0008,0.0033,352.7907,5.9995,356.5529
63.58,-0.0024,-0.0014,0.0034,352.7951,5.9974,356.5504
63.6,-0.0038,-0.0005,0.0032,352.7918,5.9928,356.5524
63.62,-0.0027,-0.0005,0.0028,352.7912,5.9944,356.5517
63.64,0.0015,-0.0007,0.0029,352.7914,5.9978,356.5493
63.66,0.0016,-0.0006,0.003,352.7903,6.0009,356.5493
63.68,-0.0001,-0.0011,0.0038,352.793,5.9985,356.5488
63.7,-0.0028,-0.0002,0.005,352.7921,5.9964,356.5506
63.72,-0.0028,-0.0007,0.0047,352.7932,5.9995,356.5513
63.74,-0.0006,-0.0004,0.0049,352.789,6.0056,356.5513
63.76,0.0016,-0.0006,0.0045,352.7917,6.0147,356.5499
63.78,0.002,-0.0008,0.0048,352.7919,6.015,356.5506
63.8,0.0043,-0.0012,0.0031,352.7935,6.0295,356.5492
63.82,0.002,-0.001,0.0048,352.7928,6.0222,356.5515
63.84,0.003,-0.001,0.0039,352.7917,6.0299,356.5511
63.86,0.0026,-0.001,0.0048,352.7921,6.0217,356.5532
63.88,0.0026,-0.0006,0.0047,352.7899,6.0213,356.5545
63.9,0.0021,-0.0006,0.0043,352.7895,6.0213,356.5551
63.92,0.0013,-0.0005,0.0044,352.7896,6.0175,356.5569
63.94,0.0006,-0.0012,0.0048,352.7932,6.0088,356.5549
63.96,0.0014,-0.0006,0.0041,352.7887,6.0139,356.5564
63.98,0.001,-0.0005,0.0041,352.7879,6.0116,356.5571
64,0.0004,0.0001,0.0039,352.7856,6.0112,356.5588
64.02,-0.0002,-0.0004,0.0042,352.7886,6.009,356.5579
64.04,0.0003,-0.0009,0.0036,352.7909,6.0141,356.5559
64.06,0.0002,-0.0005,0.0036,352.7884,6.0126,356.5575
64.08,-0.0002,-0.0007,0.0042,352.7901,6.0066,356.5577
64.1,0.0004,-0.0011,0.004,352.7916,6.0111,356.5539
64.12,0.0005,-0.0008,0.0039,352.7906,6.013,356.5552
64.14,0.0007,-0.0006,0.0035,352.7893,6.0179,356.5559
64.16,0.0002,-0.0006,0.0036,352.789,6.0145,356.558
64.18,0.0003,-0.0007,0.0036,352.7891,6.0153,356.5584
64.2,0.0014,-0.0006,0.0034,352.7885,6.0192,356.5575
64.22,0.0027,-0.0004,0.0037,352.789,6.0194,356.5555
64.24,0.0035,-0.0009,0.0035,352.7908,6.0186,356.5524
64.26,0.0027,-0.001,0.0034,352.791,6.0201,356.5528
64.28,0.0024,-0.0008,0.0035,352.7916,6.0222,356.5546
64.3,0.0008,-0.0004,0.0052,352.7917,6.0135,356.5561
64.32,0.0021,-0.0007,0.0044,352.7927,6.0179,356.5528
64.34,0.0011,-0.0006,0.0031,352.7892,6.0206,356.5501
64.36,-0.0003,-0.0006,0.0035,352.7911,6.0167,356.5514
64.38,-0.0001,-0.0007,0.0041,352.7921,6.0123,356.5532
64.4,0.0015,-0.0006,0.0031,352.791,6.0154,356.5532
64.42,0.0021,-0.0008,0.0027,352.7902,6.0162,356.5518
64.43999,0.0002,-0.0008,0.0028,352.7895,6.0099,356.5521
64.46,-0.0005,-0.0004,0.003,352.7897,6.0102,356.5535
64.48,-0.0002,-0.0008,0.0028,352.7921,6.0122,356.5537
64.5,-0.0008,-0.0009,0.0036,352.7913,6.0043,356.5548
64.52,0,-0.0008,0.003,352.7892,6.01,356.5537
64.54,-0.0017,-0.0002,0.0042,352.789,6,356.5586
64.56,-0.0012,-0.0002,0.0036,352.7892,6.0059,356.5567
64.58,-0.0002,-0.0005,0.0029,352.7899,6.0126,356.5544
64.6,0.0004,-0.001,0.0024,352.7921,6.0171,356.552
64.62,-0.0005,-0.0007,0.0029,352.7901,6.0124,356.5533
64.64,-0.0013,-0.0008,0.0031,352.7912,6.012,356.5548
64.66,-0.001,-0.0009,0.0032,352.7912,6.0123,356.5546
64.68,-0.0001,-0.0007,0.0033,352.7901,6.0128,356.5555
64.7,0.0002,-0.0007,0.0036,352.7901,6.0099,356.5562
64.72,0.0001,-0.0003,0.0033,352.7883,6.0093,356.5573
64.74,-0.0005,-0.0007,0.0032,352.7904,6.0076,356.5567
64.76,0.0001,-0.0008,0.0025,352.7896,6.0118,356.5545
64.78,0.0004,-0.0009,0.0025,352.7903,6.0102,356.554
64.8,0.0007,-0.0009,0.0022,352.7889,6.0086,356.5538
64.82,-0.0001,-0.0006,0.0024,352.7878,5.9998,356.5583
64.84,-0.0009,-0.0008,0.0027,352.7903,6.0033,356.5546
64.86,-0.0025,-0.0005,0.0036,352.7912,6.0001,356.5536
64.88,-0.0024,-0.001,0.0032,352.7913,5.9992,356.5525
64.9,-0.0021,-0.0007,0.0029,352.7893,5.9973,356.5533
64.92,-0.0017,-0.0005,0.0033,352.7902,5.9944,356.5533
64.93999,-0.0012,-0.0008,0.004,352.792,5.9921,356.5521
64.96,-0.0015,-0.0012,0.0036,352.7927,5.9956,356.55
64.98,-0.0029,-0.0008,0.0038,352.7913,5.9953,356.5504
65,-0.0033,-0.001,0.0037,352.7929,6.0028,356.5487
65.02,-0.0044,-0.0009,0.0046,352.7932,6.0017,356.5486
65.04,-0.0038,-0.0001,0.0055,352.7898,5.9998,356.5535
65.06,-0.0028,-0.0002,0.0061,352.7903,6.0012,356.5536
65.08,-0.001,-0.001,0.0057,352.7929,6.0102,356.5513
65.1,0.0006,-0.0008,0.0051,352.792,6.0205,356.5512
65.12,0.001,-0.0012,0.0052,352.7941,6.0187,356.5526
65.14,0.0021,-0.0007,0.0051,352.7909,6.0174,356.5554
65.16,0.0017,-0.0006,0.0054,352.7909,6.015,356.555
65.18,0.0009,-0.0007,0.0055,352.7916,6.0116,356.5554
65.2,0.0002,-0.0009,0.0051,352.7924,6.013,356.5541
65.22,-0.0009,-0.0011,0.0048,352.7928,6.0123,356.5541
65.24,-0.0016,-0.0007,0.0053,352.7913,6.0069,356.5557
65.26,-0.0008,-0.0006,0.0047,352.7899,6.0115,356.5568
65.28,-0.0009,-0.0007,0.0046,352.7901,6.011,356.5558
65.3,0,-0.0006,0.0044,352.79,6.0124,356.5559
65.32,0.0014,-0.0003,0.0044,352.7896,6.0148,356.5559
65.34,0.0012,-0.0006,0.0044,352.789,6.0142,356.5565
65.36,0.0026,-0.0017,0.0034,352.7946,6.0207,356.5547
65.38,0.0006,-0.001,0.0051,352.7931,6.0055,356.5582
65.4,0.0021,-0.0008,0.0041,352.7912,6.0146,356.5554
65.42,-0.0007,-0.0004,0.0053,352.7898,6.0038,356.5585
65.43999,-0.0017,-0.0002,0.0044,352.7876,6.0017,356.5583
65.46,-0.001,-0.0007,0.0038,352.7898,6.0075,356.5571
65.48,-0.0009,-0.0007,0.004,352.7897,6.0087,356.5564
65.5,0.0002,-0.0007,0.003,352.7877,6.0174,356.5565
65.52,0.001,-0.0008,0.0029,352.7893,6.0204,356.5526
65.54,0.0024,-0.001,0.0038,352.7928,6.0174,356.5496
65.56,0.0031,-0.0007,0.0034,352.7906,6.0211,356.5507
65.58,0.002,-0.0006,0.0037,352.7894,6.0191,356.554
65.6,0.0011,-0.0003,0.0039,352.7892,6.0147,356.5561
65.62,0.0015,-0.0006,0.0037,352.791,6.0155,356.5534
65.64,0.0014,-0.0005,0.0033,352.7888,6.0155,356.552
65.66,-0.0007,-0.0003,0.0037,352.787,6.0086,356.5553
65.68,-0.0005,-0.0008,0.0034,352.791,6.0083,356.5559
65.7,0.0002,-0.0007,0.0034,352.7934,6.0069,356.5545
65.72,0.0039,-0.0009,0.0014,352.7923,6.0201,356.5476
65.74,-0.0001,-0.0002,0.0024,352.7857,6.003,356.5529
65.76,-0.0025,-0.0001,0.0031,352.7879,5.9964,356.555
65.78,-0.0019,-0.0006,0.0027,352.7911,6.0007,356.554
65.8,-0.0019,-0.0006,0.0034,352.7909,5.9963,356.5545
65.82,-0.0015,-0.0005,0.0034,352.7897,5.9952,356.5545
65.84,-0.0021,-0.0004,0.0029,352.7881,5.9964,356.5542
65.86,-0.0042,-0.0006,0.0036,352.7925,5.9866,356.5576
65.88,-0.0024,-0.0006,0.0023,352.7907,6.0002,356.5562
65.9,-0.0016,-0.001,0.0027,352.7913,5.9998,356.5544
65.92,0.0003,-0.001,0.0024,352.7893,6.004,356.5534
65.93999,-0.0012,-0.0006,0.0026,352.7904,5.9995,356.5544
65.96,-0.0022,-0.0007,0.0028,352.791,5.9955,356.5545
65.98,-0.0014,-0.0009,0.0019,352.7901,6.0121,356.5511
66,-0.0021,-0.0009,0.0025,352.7905,6.004,356.5546
66.02,-0.0035,-0.0005,0.0039,352.7907,5.9945,356.5578
66.04,-0.0018,-0.001,0.0032,352.792,5.9973,356.5567
66.06,0.0012,-0.0011,0.0011,352.7903,6.0166,356.5529
66.08,-0.0022,-0.0002,0.0033,352.7861,5.9944,356.5576
66.1,-0.0023,-0.0002,0.0029,352.7875,5.9943,356.5582
66.12,-0.0015,-0.001,0.0021,352.7901,5.9999,356.5543
66.14,-0.0017,-0.0007,0.0029,352.7893,5.9943,356.5566
66.16,-0.0011,-0.0007,0.0026,352.7883,5.9976,356.5543
66.18,0.0016,-0.0018,0.0002,352.7914,6.0153,356.5477
66.2,-0.002,-0.0003,0.0024,352.7878,5.9969,356.5552
66.22,-0.0032,-0.0002,0.0035,352.7881,5.9894,356.5561
66.24,-0.0017,-0.0009,0.0029,352.7904,5.9963,356.5526
66.26,-0.0024,-0.0004,0.0036,352.787,5.9876,356.5555
66.28,-0.0007,-0.0007,0.0028,352.7893,5.9995,356.5513
66.3,-0.0002,-0.0007,0.003,352.79,6.0018,356.5514
66.32,0.0011,-0.0013,0.0029,352.7917,6.0115,356.5473
66.34,0.0003,-0.0008,0.0029,352.7902,6.0091,356.5523
66.36,0.0001,-0.0009,0.0032,352.7906,6.0081,356.5527
66.38,-0.0006,-0.0004,0.0042,352.7896,6.0049,356.5536
66.4,0.0004,-0.0005,0.0042,352.7904,6.0084,356.5543
66.42,0.0017,-0.001,0.004,352.7915,6.0122,356.552
66.43999,0.0016,-0.0008,0.0041,352.7909,6.0136,356.5528
66.46,0.0012,-0.0009,0.0045,352.7915,6.0126,356.5528
66.48,0.0019,-0.0008,0.0041,352.79,6.0212,356.5518
66.5,0.0015,-0.0007,0.0042,352.7903,6.0166,356.5535
66.52,0.0014,-0.0007,0.0043,352.7905,6.0163,356.5545
66.54,0.0018,-0.0009,0.0044,352.7919,6.0174,356.5543
66.56,0.0004,-0.0007,0.0052,352.7908,6.0122,356.5554
66.58,0.0009,-0.0002,0.0038,352.787,6.0156,356.5554
66.6,0.0004,-0.0006,0.0038,352.7884,6.0155,356.5555
66.62,0.0008,-0.0006,0.0037,352.7887,6.0165,356.555
66.64,0.0015,-0.0009,0.004,352.7912,6.016,356.5542
66.66,0.0018,-0.0005,0.0038,352.7886,6.0171,356.5556
66.68,0.0008,-0.0002,0.0044,352.7871,6.0087,356.5573
66.7,0.0007,-0.0006,0.0045,352.7903,6.0113,356.557
66.72,0.0004,-0.0007,0.0044,352.7901,6.0122,356.5568
66.74,0.0004,-0.0008,0.004,352.7896,6.0113,356.5578
66.76,0.0006,-0.0006,0.004,352.7887,6.011,356.5571
66.78,0.0018,-0.0006,0.0034,352.7883,6.0141,356.5563
66.8,0.0013,-0.0009,0.0036,352.7896,6.0127,356.5562
66.82,-0.0007,-0.0002,0.0042,352.7861,6.0051,356.5615
66.84,0.0009,-0.0011,0.0038,352.7919,6.0131,356.5551
66.86,0.0018,-0.0007,0.0039,352.791,6.0129,356.5541
66.88,0.0014,0.0003,0.0046,352.7876,6.0094,356.5554
66.9,0.0018,-0.0004,0.0038,352.7887,6.0137,356.5539
66.92,0.0016,-0.001,0.0035,352.792,6.0176,356.554
66.93999,0.0017,-0.0009,0.0039,352.7926,6.0161,356.5522
66.96,0.0009,-0.0001,0.0045,352.7864,6.007,356.5564
66.98,0.0009,-0.0003,0.0041,352.7864,6.0078,356.5559
67,0.0006,-0.0006,0.0038,352.7891,6.0102,356.5559
67.02,0.0001,-0.0007,0.0041,352.7919,6.0059,356.5562
67.04,0.0011,-0.0007,0.0037,352.7918,6.0049,356.5555
67.06,0.0008,-0.0005,0.0035,352.7887,6.0024,356.556
67.08,0.0013,-0.0009,0.003,352.791,6.0071,356.5536
67.1,0.001,-0.0005,0.0029,352.7903,6.0043,356.5536
67.12,0.0007,-0.0005,0.0028,352.7903,6.0027,356.5528
67.14,-0.0006,-0.0008,0.0023,352.7888,6.0059,356.5527
67.16,-0.0021,-0.0007,0.0032,352.7908,6.0017,356.5555
67.18,-0.0034,-0.0002,0.0044,352.7903,5.9956,356.5574
67.2,-0.0015,-0.0005,0.0034,352.7905,6.0013,356.5554
67.22,-0.0002,-0.0005,0.0025,352.788,6.0071,356.5551
67.24,-0.0011,-0.0006,0.0027,352.7885,6.0088,356.555
67.26,-0.0013,-0.0004,0.003,352.7898,6.0075,356.5571
67.28,0.0007,-0.0008,0.0022,352.791,6.0144,356.5539
67.3,0.0006,-0.0005,0.0026,352.7881,6.0113,356.5555
67.32,0.001,-0.0005,0.0023,352.786,6.013,356.5549
67.34,-0.0007,-0.0006,0.0031,352.7891,6.0087,356.557
67.36,-0.0008,-0.0006,0.003,352.7906,6.0085,356.5565
67.38,0.0003,-0.0009,0.0022,352.7901,6.0124,356.5551
67.4,-0.0004,-0.0006,0.0027,352.7886,6.0095,356.5563
67.42,-0.0015,-0.0007,0.0034,352.7897,6.0029,356.5577
67.43999,-0.002,-0.0004,0.0032,352.79,6.0009,356.5576
67.46,-0.0012,-0.0005,0.0028,352.7888,6.0033,356.5559
67.48,-0.0017,-0.0004,0.0033,352.787,5.9984,356.5574
67.5,-0.0012,-0.0007,0.0031,352.7893,6.0008,356.5559
67.52,-0.0008,-0.0008,0.0028,352.7913,6.0029,356.5544
67.54,-0.0013,-0.0003,0.0029,352.7877,5.9987,356.5551
67.56,-0.0023,-0.0002,0.0034,352.7863,5.9966,356.5565
67.58,-0.0021,-0.0007,0.0029,352.7894,6.0049,356.5536
67.6,-0.0033,-0.0006,0.0035,352.7905,6,356.5557
67.62,-0.0025,-0.0005,0.0029,352.7896,6.0024,356.5553
67.64,0.0002,-0.0007,0.0029,352.7886,6.0065,356.5531
67.66,0.0002,-0.0008,0.0035,352.7898,6.0062,356.5529
67.68,-0.0004,-0.0009,0.0037,352.7914,6.0032,356.5542
67.7,-0.0007,-0.0008,0.0036,352.792,6.0004,356.5541
67.72,-0.0003,-0.001,0.0033,352.7922,6.0033,356.5528
67.74,-0.0011,-0.001,0.0045,352.7926,6.0017,356.554
67.76,-0.0006,-0.0008,0.0041,352.7918,6.0047,356.5544
67.78,-0.0002,-0.0014,0.004,352.7943,6.0073,356.5529
67.8,0.0006,-0.0008,0.0038,352.7912,6.013,356.5538
67.82,0.0004,-0.0009,0.0044,352.7912,6.0118,356.5543
67.84,0.0011,-0.0006,0.004,352.7897,6.0164,356.555
67.86,0.0015,-0.0009,0.0041,352.7914,6.0161,356.5547
67.88,0.0007,-0.0011,0.0048,352.7925,6.0116,356.5554
67.9,0.0013,-0.0006,0.0042,352.7886,6.0166,356.5559
67.92,0.0013,-0.0008,0.0037,352.7887,6.0199,356.5549
67.93999,0.0006,-0.0005,0.0039,352.789,6.012,356.5569
67.96,0.0002,-0.0006,0.0041,352.7892,6.0104,356.5583
67.98,0.0001,-0.0004,0.0039,352.7875,6.0095,356.5597
68,0.0003,-0.001,0.004,352.7898,6.01,356.5567
68.02,0.0008,-0.0008,0.0037,352.7901,6.0101,356.5566
68.04,-0.0007,-0.0005,0.0044,352.7887,6.0052,356.557
68.06,-0.0011,-0.0008,0.0044,352.7897,6.0062,356.558
68.08,-0.0012,-0.0007,0.0041,352.7896,6.0066,356.5582
68.1,-0.0007,-0.0006,0.004,352.7903,6.0079,356.5583
68.12,-0.0004,-0.0006,0.0043,352.79,6.0066,356.5573
68.14,0.001,-0.0012,0.0039,352.7907,6.0127,356.5549
68.16,0.0006,-0.001,0.0039,352.7918,6.0107,356.5565
68.18,0.0005,-0.0004,0.0038,352.7889,6.0089,356.5569
68.2,0.0022,-0.0006,0.0031,352.7896,6.0129,356.5555
68.22,0.0015,-0.0004,0.0036,352.7876,6.0089,356.5555
68.24,0.0005,-0.0003,0.0032,352.7871,6.0103,356.5554
68.26,-0.001,-0.0005,0.0034,352.7886,6.0089,356.5564
68.28,-0.001,-0.0004,0.0032,352.7888,6.0088,356.5572
68.3,0.0006,-0.0004,0.0032,352.7887,6.0103,356.5564
68.32,0.0013,-0.0004,0.0035,352.7883,6.0078,356.5563
68.34,0.0016,-0.0004,0.0033,352.7886,6.008,356.5538
68.36,0.0007,-0.0003,0.0031,352.7885,6.0074,356.5557
68.38,0.0014,-0.0007,0.0025,352.7907,6.0152,356.5551
68.4,0.0002,-0.0004,0.0038,352.7901,6.0013,356.5575
68.42,0.0011,-0.0005,0.0034,352.7902,6.0059,356.5546
68.43999,-0.0018,-0.0006,0.0029,352.7897,6.0056,356.5536
68.46,-0.002,-0.0008,0.0025,352.7905,6.0066,356.5536
68.48,-0.0022,-0.0002,0.0033,352.7897,5.9991,356.5582
68.5,0.0001,-0.0002,0.0024,352.788,6.0078,356.5558
68.52,0.0001,-0.0003,0.0021,352.7864,6.0092,356.5563
68.54,-0.001,-0.0004,0.0021,352.7879,6.0075,356.5591
68.56,-0.001,-0.0005,0.0029,352.7898,6.003,356.5589
68.58,0.0006,-0.0004,0.0023,352.7883,6.0075,356.557
68.6,0.0005,-0.0002,0.0021,352.7863,6.0076,356.5576
68.62,0.0001,0,0.0017,352.7846,6.008,356.5579
68.64,-0.0013,-0.0001,0.0022,352.7891,6.0046,356.5576
68.66,-0.0014,-0.0006,0.0023,352.7898,6.0055,356.5548
68.68,-0.0025,-0.0006,0.0028,352.7888,6.0009,356.5572
68.7,-0.0059,0,0.0041,352.7866,5.9889,356.561
68.72,-0.0047,-0.0004,0.0028,352.7899,6.0013,356.5593
68.74,-0.0044,-0.0007,0.0029,352.7898,6.0069,356.5573
68.76,-0.005,-0.0003,0.0033,352.787,6.0024,356.56
68.78,-0.006,-0.0001,0.0036,352.7863,5.9991,356.5611
68.8,-0.0063,-0.0006,0.0032,352.7895,6.0015,356.5592
68.82,-0.0078,-0.0008,0.0028,352.7899,6.0019,356.558
68.84,-0.0086,-0.0001,0.0022,352.787,6.0003,356.5608
68.86,-0.008,-0.0002,0.003,352.7867,5.9968,356.5616
68.88,-0.0078,-0.0005,0.0038,352.7879,5.9896,356.5599
68.9,-0.0072,-0.0002,0.003,352.7857,5.9967,356.56
68.92,-0.009,-0.0001,0.003,352.7852,5.9934,356.5609
68.93999,-0.0091,-0.0006,0.002,352.7895,5.9921,356.5595
68.96,-0.0066,-0.0002,0.0017,352.7876,5.989,356.5584
68.98,-0.0032,-0.0006,0.0013,352.7879,5.9912,356.5549
69,-0.0045,0,0.0027,352.7854,5.9822,356.5579
69.02,-0.0051,-0.0005,0.0027,352.788,5.9856,356.5551
69.04,-0.0084,-0.0004,0.004,352.7899,5.9807,356.5581
69.06,-0.0062,-0.0001,0.0035,352.7878,5.989,356.5564
69.08,-0.0057,-0.0008,0.0041,352.7899,5.9976,356.5544
69.1,-0.0061,-0.0004,0.0047,352.788,5.9985,356.5569
69.12,-0.0057,-0.0001,0.0043,352.7866,6.0036,356.5587
69.14,-0.0043,-0.0012,0.0048,352.7946,6.0068,356.5569
69.16,-0.0042,-0.0008,0.0046,352.7906,6.0059,356.5592
69.18,-0.0035,-0.0008,0.0034,352.7884,6.0103,356.5577
69.2,-0.0039,-0.001,0.0031,352.7896,6.006,356.5575
69.22,-0.0043,-0.0005,0.0031,352.7884,5.9948,356.5601
69.24,-0.0022,-0.0007,0.0014,352.786,5.9975,356.5587
69.26,-0.0026,-0.0009,0.0012,352.7864,5.9939,356.5582
69.28,-0.0027,-0.001,0.0008,352.7883,5.9929,356.5558
69.3,-0.003,-0.0004,0.0006,352.7867,5.9911,356.5558
69.32,-0.003,-0.0002,0.0004,352.7861,5.9904,356.5573
69.34,-0.0039,-0.0003,0.002,352.7875,5.9776,356.5592
69.36,-0.0024,-0.0003,0.0018,352.7877,5.9855,356.5578
69.38,-0.0017,-0.0002,0.0017,352.7864,5.9892,356.5586
69.4,-0.0027,0,0.0025,352.7843,5.9856,356.5607
69.42,-0.0017,-0.0002,0.0019,352.7842,5.9901,356.5595
69.43999,-0.0008,-0.0007,0.002,352.7876,5.9926,356.5605
69.46,0.0031,-0.0014,0.0015,352.7889,5.9956,356.5566
69.48,0.004,-0.0011,0.0021,352.7889,5.988,356.557
69.5,0.0054,-0.0006,0.0008,352.7848,5.9926,356.5567
69.52,0.0033,-0.0008,0.0006,352.7843,5.9933,356.5566
69.54,0.0008,-0.0005,0.0013,352.7868,5.9876,356.5584
69.56,0.0005,-0.0004,0.0016,352.7865,5.9854,356.5598
69.58,0.0001,-0.0003,0.0013,352.7833,5.9863,356.5614
69.6,0.0006,-0.0006,0.0004,352.7845,5.9965,356.5584
69.62,-0.001,0,0.0013,352.7841,5.983,356.5608
69.64,-0.0019,-0.0003,0.0003,352.785,5.9861,356.5567
69.66,-0.004,-0.0002,0.0001,352.7832,5.9832,356.5609
69.68,-0.0028,-0.0002,0,352.7833,5.984,356.5608
69.7,0.0013,-0.0017,-0.0005,352.7923,5.9955,356.5519
69.72,-0.0014,-0.0003,0.0017,352.7875,5.977,356.5565
69.74,-0.0021,-0.0007,-0.0009,352.7845,5.9937,356.555
69.76,-0.0033,-0.0007,-0.0002,352.7873,5.9876,356.5569
69.78,-0.0026,-0.0004,0.0004,352.7881,5.9885,356.5572
69.8,-0.0004,-0.0013,0.0001,352.7914,5.9997,356.554
69.82,-0.0009,-0.0011,-0.0001,352.7859,6.0008,356.5542
69.84,-0.0044,-0.0003,0.0004,352.7854,5.9881,356.5593
69.86,-0.0033,-0.0006,0.0004,352.7877,5.9928,356.5578
69.88,-0.0029,-0.0002,0.0008,352.7859,5.9951,356.5582
69.9,-0.0032,0,0.001,352.7826,5.9925,356.5607
69.92,-0.002,-0.0009,-0.0006,352.7854,6.0099,356.5533
69.93999,-0.0046,-0.0001,0.0006,352.786,5.9956,356.5606
69.96,-0.0049,0.0002,0.001,352.7828,5.9933,356.5617
69.98,-0.0048,0.0001,0.001,352.7819,5.996,356.5619
70,-0.0048,0,0.0007,352.7812,5.9989,356.5614
70.02,-0.0056,-0.0005,0.001,352.7852,5.997,356.5615
70.04,-0.0059,-0.0004,0.0017,352.7865,5.9945,356.564
70.06,-0.0054,-0.0003,0.0013,352.783,6.0008,356.5619
70.08,-0.0065,-0.0006,0.0015,352.7849,5.9982,356.5641
70.1,-0.0078,0,0.0014,352.7841,5.997,356.5656
70.12,-0.0095,0.0006,0.0025,352.7828,5.9893,356.5688
70.14,-0.0099,0.0003,0.0024,352.782,5.9874,356.5686
70.16,-0.0112,-0.0004,0.0026,352.7835,5.9824,356.5663
70.18,-0.0099,-0.0005,0.0013,352.7852,5.9907,356.5648
70.2,-0.0093,-0.0003,0.0009,352.7849,5.9935,356.5648
70.22,-0.0095,-0.0002,0.0014,352.7838,5.9906,356.5653
70.24,-0.0102,-0.0003,0.0009,352.7831,5.9927,356.5644
70.26,-0.0134,-0.001,0.0018,352.7863,5.9875,356.5646
70.28,-0.0135,-0.0005,0.0017,352.7865,5.988,356.565
70.3,-0.0138,-0.0002,0.0021,352.7866,5.9879,356.5654
70.32,-0.0132,-0.0003,0.0021,352.786,5.9856,356.5653
70.34,-0.0116,-0.0004,0.0019,352.7863,5.9853,356.5639
70.36,-0.0111,0.0002,0.002,352.7845,5.9858,356.5642
70.38,-0.0109,-0.0006,0.0024,352.7881,5.9865,356.5628
70.4,-0.0098,-0.0004,0.0022,352.7873,5.99,356.5627
70.42,-0.0076,-0.0003,0.001,352.7852,6.0029,356.5601
70.43999,-0.0098,-0.0004,0.0032,352.7865,5.9933,356.5634
70.46,-0.0096,-0.0006,0.0033,352.7891,5.9971,356.5631
70.48,-0.0093,-0.0006,0.0035,352.7887,5.9979,356.5636
70.5,-0.0084,-0.0002,0.0035,352.7868,5.9993,356.5648
70.52,-0.0056,-0.0007,0.003,352.7878,6.0094,356.5619
70.54,-0.0077,-0.0006,0.0042,352.7875,6.0059,356.5642
70.56,-0.0085,0.0003,0.0043,352.7843,6.0037,356.5669
70.58,-0.0077,-0.0002,0.0037,352.7859,6.0075,356.5654
70.6,-0.0065,-0.0006,0.003,352.7872,6.0115,356.5628
70.62,-0.0087,0.0006,0.0046,352.782,5.9936,356.5696
70.64,-0.0066,-0.0006,0.0027,352.7867,6.0066,356.562
70.66,-0.0073,-0.0008,0.0031,352.7888,6.0004,356.5625
70.68,-0.0071,-0.0007,0.003,352.7879,5.9997,356.5631
70.7,-0.007,-0.0006,0.0027,352.7865,6.0014,356.5633
70.72,-0.0069,-0.0006,0.0024,352.7861,6.0021,356.563
70.74,-0.0085,-0.0003,0.0029,352.7873,5.9921,356.5678
70.76,-0.007,-0.0007,0.002,352.7872,6.0037,356.563
70.78,-0.0076,-0.0004,0.0023,352.7852,5.9988,356.566
70.8,-0.0078,-0.0007,0.0025,352.787,5.9973,356.5654
70.82,-0.0074,-0.0002,0.0023,352.7852,5.9973,356.566
70.84,-0.007,-0.001,0.0021,352.7881,5.9983,356.5641
70.86,-0.0056,-0.0012,0.0012,352.7902,6.01,356.5605
70.88,-0.0072,-0.0005,0.002,352.7863,5.9974,356.5633
70.9,-0.008,-0.0004,0.0022,352.7859,5.9955,356.5629
70.92,-0.008,-0.0008,0.0019,352.7877,5.9973,356.5623
70.93999,-0.0068,-0.0009,0.002,352.7876,6.0004,356.5616
70.96,-0.0068,-0.0001,0.0025,352.7845,5.9976,356.5636
70.98,-0.0064,-0.0005,0.0023,352.7864,5.9993,356.5614
71,-0.0068,-0.0007,0.0021,352.7881,5.9979,356.5606
71.02,-0.0068,-0.0004,0.0015,352.7859,6.0009,356.5611
71.04,-0.0062,-0.0004,0.0018,352.787,5.9985,356.5618
71.06,-0.0061,-0.0004,0.0026,352.7877,5.9929,356.5627
71.08,-0.0052,-0.0005,0.0021,352.7865,5.9935,356.561
71.1,-0.0053,-0.001,0.0017,352.7891,5.9962,356.5572
71.12,-0.0107,0.0005,0.0044,352.7852,5.9682,356.5673
71.14,-0.0066,-0.0006,0.0018,352.7866,5.9896,356.5601
71.16,-0.002,-0.0012,-0.0005,352.7889,6.0109,356.5567
71.18,-0.0054,-0.0006,0.0014,352.7866,5.9943,356.5591
71.2,-0.0069,-0.0001,0.0014,352.7844,5.989,356.5623
71.22,-0.0129,0.0023,0.0044,352.7767,5.9648,356.5709
71.24,-0.0084,-0.0006,0.0013,352.7875,5.9919,356.5623
71.26,-0.0054,-0.0006,-0.0003,352.7849,6.0061,356.5579
71.28,-0.0067,-0.0004,0.0009,352.7858,5.9978,356.5619
71.3,-0.0069,-0.0003,0.0013,352.7848,5.9951,356.5626
71.32,-0.0066,-0.0002,0.001,352.7838,5.9971,356.5616
71.34,-0.0087,-0.0002,0.0012,352.7852,5.9905,356.5634
71.36,-0.0095,0.0002,0.0014,352.7833,5.9889,356.5658
71.38,-0.0092,-0.0004,0.0017,352.7864,5.9903,356.5651
71.4,-0.0083,-0.0007,0.0015,352.7885,5.9945,356.5634
71.42,-0.0064,-0.0016,0.0002,352.7899,6.0012,356.5597
71.43999,-0.0092,0.0001,0.0016,352.7827,5.9892,356.5659
71.46,-0.0092,-0.0001,0.0019,352.7855,5.9899,356.5642
71.48,-0.0088,-0.0003,0.0017,352.7867,5.9928,356.5641
71.5,-0.0085,-0.0002,0.0014,352.7845,5.9945,356.5634
71.52,-0.0092,-0.0005,0.0018,352.7864,5.9874,356.564
71.54,-0.0086,-0.0005,0.0016,352.7885,5.9904,356.5613
71.56,-0.0057,-0.0008,-0.0001,352.7867,6.0033,356.558
71.58,-0.0081,-0.0003,0.0012,352.7852,5.9926,356.5618
71.6,-0.0083,-0.0001,0.0009,352.7838,5.994,356.5624
71.62,-0.0098,-0.0002,0.0019,352.7843,5.9836,356.5636
71.64,-0.0066,-0.0006,0.0008,352.7867,5.9946,356.5601
71.66,-0.0071,-0.0007,0.0015,352.7873,5.9922,356.5607
71.68,-0.0075,-0.0004,0.0017,352.7865,5.9912,356.5614
71.7,-0.0073,-0.0005,0.0015,352.787,5.9943,356.56
71.72,-0.0076,-0.0008,0.0016,352.7893,5.9929,356.5597
71.74,-0.0073,-0.0007,0.0019,352.787,5.9954,356.558
71.76,-0.0074,-0.0004,0.0019,352.7854,5.9951,356.5591
71.78,-0.0073,-0.0003,0.0018,352.7854,5.9963,356.56
71.8,-0.0074,-0.0005,0.002,352.7874,5.9957,356.5599
71.82,-0.0125,0.0013,0.0059,352.7821,5.9661,356.5694
71.84,-0.0072,-0.0003,0.0027,352.7866,5.9972,356.5621
71.86,-0.0031,-0.0015,0.0001,352.7917,6.0257,356.5547
71.88,-0.0063,-0.0006,0.0025,352.7866,6.0013,356.5604
71.9,-0.0059,-0.0009,0.0023,352.7876,6.0056,356.5611
71.92,-0.0064,-0.0001,0.0029,352.7842,6.0003,356.564
71.93999,-0.0068,0,0.0033,352.7853,5.9985,356.5631
71.96,-0.0068,-0.0003,0.003,352.7863,6.002,356.5626
71.98,-0.0073,-0.0005,0.003,352.7872,6.0022,356.5626
72,-0.0078,-0.0006,0.0032,352.7873,6.0027,356.563
72.02,-0.007,-0.0006,0.0027,352.7875,6.0054,356.562
72.04,-0.0072,-0.0007,0.0031,352.7878,6.0034,356.5612
72.06,-0.0072,-0.0008,0.0027,352.788,6.0047,356.5627
72.08,-0.0074,-0.0006,0.0026,352.7868,6.0013,356.5648
72.1,-0.0064,-0.0005,0.0024,352.7864,6.0026,356.5638
72.12,-0.0057,-0.0006,0.0027,352.787,6.0018,356.5617
72.14,-0.0073,-0.0003,0.0028,352.7849,5.9973,356.5628
72.16,-0.0073,-0.0006,0.0021,352.788,6.0004,356.5638
72.18,-0.0072,-0.0005,0.0023,352.7883,5.9982,356.5629
72.2,-0.0073,-0.0004,0.003,352.7877,5.995,356.5632
72.22,-0.0067,-0.0006,0.0028,352.7863,6,356.5613
72.24,-0.0087,-0.0004,0.0025,352.7859,5.9993,356.564
72.26,-0.0084,0.0002,0.0028,352.7852,5.9984,356.5644
72.28,-0.0067,0,0.0028,352.7863,5.9998,356.5635
72.3,-0.0047,-0.0003,0.0027,352.7847,6.004,356.5595
72.32,-0.0069,0.0008,0.0035,352.7796,5.9926,356.5654
72.34,-0.0063,-0.0008,0.0018,352.7891,6.0036,356.562
72.36,-0.005,-0.0006,0.0015,352.7887,6.0072,356.5622
72.38,-0.004,-0.0003,0.002,352.7866,6.0051,356.5609
72.4,-0.0039,-0.0002,0.0024,352.7845,6.0022,356.5593
72.42,-0.006,-0.0004,0.003,352.7866,5.9927,356.5596
72.43999,-0.008,-0.0005,0.0019,352.7898,5.9975,356.5605
72.46,-0.007,-0.001,0.0024,352.7907,5.9963,356.5594
72.48,-0.0045,-0.0006,0.0022,352.7881,5.9987,356.5597
72.5,-0.0046,-0.0005,0.0022,352.7877,5.9992,356.5575
72.52,-0.0053,-0.0017,0.0012,352.7911,6.0017,356.5534
72.54,-0.0083,-0.0002,0.0016,352.7875,5.9934,356.5599
72.56,-0.0074,-0.0003,0.0019,352.7881,5.9924,356.5598
72.58,-0.0061,-0.0001,0.0018,352.785,5.9948,356.56
72.6,-0.0065,-0.0005,0.0018,352.7856,5.9936,356.5604
72.62,-0.0083,0,0.0022,352.7845,5.9861,356.563
72.64,-0.0078,-0.0005,0.0015,352.7874,5.9918,356.5612
72.66,-0.0068,-0.0004,0.0013,352.7851,5.996,356.5608
72.68,-0.007,-0.0004,0.0016,352.7854,5.9946,356.5617
72.7,-0.0076,-0.0005,0.0019,352.7876,5.9915,356.5628
72.72,-0.0066,-0.0007,0.001,352.7893,6.0007,356.5606
72.74,-0.008,-0.0004,0.0018,352.7862,5.9921,356.5626
72.76,-0.0087,-0.0006,0.0019,352.7864,5.9916,356.5618
72.78,-0.0088,-0.0007,0.0017,352.7872,5.9936,356.5613
72.8,-0.009,-0.0005,0.0018,352.7874,5.9919,356.5617
72.82,-0.0082,-0.0003,0.0016,352.7863,5.9938,356.5623
72.84,-0.0077,-0.0002,0.0018,352.7839,5.9933,356.5629
72.86,-0.0079,-0.0004,0.0018,352.7855,5.994,356.562
72.88,-0.0077,-0.0005,0.0017,352.787,5.9943,356.5622
72.9,-0.0075,-0.0004,0.0016,352.7868,5.9951,356.5626
72.92,-0.0073,-0.0004,0.0017,352.786,5.9941,356.563
72.93999,-0.009,-0.0006,0.0018,352.7864,5.9896,356.5623
72.96,-0.0097,-0.0007,0.0015,352.7895,5.99,356.5619
72.98,-0.0092,-0.0003,0.0017,352.7875,5.9893,356.5629
73,-0.0093,-0.0005,0.002,352.7875,5.9876,356.5616
73.02,-0.0097,-0.0006,0.0022,352.7869,5.9859,356.5608
73.04,-0.0112,-0.0008,0.002,352.7885,5.9823,356.5612
73.06,-0.0117,-0.0008,0.0025,352.7897,5.9804,356.5613
73.08,-0.0105,-0.001,0.0025,352.7899,5.9838,356.5612
73.1,-0.0088,-0.0006,0.0025,352.7873,5.9867,356.5616
73.12,-0.0079,-0.0002,0.0021,352.7842,5.9931,356.5632
73.14,-0.0114,-0.0005,0.0026,352.7863,5.9956,356.5641
73.16,-0.0129,-0.0008,0.0034,352.7879,5.996,356.5647
73.18,-0.0124,-0.0004,0.0039,352.7881,5.9961,356.5656
73.2,-0.0103,-0.0006,0.0037,352.7881,5.9996,356.5649
73.22,-0.0065,-0.0005,0.0026,352.787,6.0072,356.5639
73.24,-0.0054,-0.0002,0.0038,352.7868,6.0056,356.5636
73.26,-0.0053,-0.0005,0.0035,352.7876,6.0104,356.5632
73.28,-0.0074,-0.0003,0.004,352.7866,6.0072,356.5649
73.3,-0.0077,-0.0008,0.0037,352.788,6.0079,356.5635
73.32,-0.0083,-0.001,0.0039,352.7905,6.0019,356.5658
73.34,-0.009,-0.0009,0.0039,352.7892,6.0031,356.5646
73.36,-0.0075,-0.0006,0.0032,352.7883,6.0054,356.5654
73.38,-0.0057,-0.0006,0.0027,352.7885,6.0041,356.5652
73.4,-0.0054,-0.0007,0.0031,352.7881,6.0046,356.5641
73.42,-0.0067,0.0001,0.0034,352.7846,6.0007,356.5685
73.43999,-0.0071,-0.0005,0.003,352.7862,5.9999,356.5672
73.46,-0.0079,-0.0006,0.0034,352.788,5.9933,356.5659
73.48,-0.0078,-0.0009,0.0029,352.7874,6.001,356.5632
73.5,-0.0104,0.0001,0.0034,352.7824,5.9919,356.5692
73.52,-0.0088,-0.0005,0.0025,352.7859,6.0027,356.5677
73.54,-0.0084,-0.0003,0.004,352.7863,5.9996,356.5683
73.56,-0.0076,-0.0014,0.0033,352.788,6.0148,356.5615
73.58,-0.0114,-0.0005,0.0042,352.7843,6.004,356.5678
73.6,-0.014,-0.0007,0.0045,352.7885,6.0006,356.5685
73.62,-0.0152,-0.0003,0.0045,352.7893,5.9982,356.569
73.64,-0.015,0,0.0038,352.7835,5.9932,356.5706
73.66,-0.0139,-0.0002,0.003,352.783,5.9955,356.5691
73.68,-0.0128,-0.0004,0.0024,352.7854,5.9942,356.5677
73.7,-0.0134,-0.0003,0.0027,352.7884,5.9855,356.5664
73.72,-0.0129,-0.0001,0.0021,352.7849,5.9855,356.5657
73.74,-0.0109,-0.0006,0.0011,352.7839,5.9863,356.5641
73.76,-0.0107,-0.0002,0.0011,352.7846,5.9867,356.5648
73.78,-0.0115,-0.0004,0.0014,352.7861,5.9848,356.5646
73.8,-0.0112,-0.0003,0.0006,352.7851,5.9882,356.5641
73.82,-0.0122,-0.0002,0.0011,352.785,5.9836,356.5659
73.84,-0.0109,-0.0002,0.0009,352.7844,5.985,356.565
73.86,-0.009,-0.0007,0.0007,352.7863,5.9938,356.5632
73.88,-0.0083,-0.0012,0.0014,352.7891,6.0008,356.5613
73.9,-0.0076,-0.0008,0.0022,352.7875,6.0027,356.5636
73.92,-0.0067,-0.0007,0.0024,352.787,6.0026,356.5629
73.93999,-0.0048,-0.0006,0.0019,352.7851,6.0089,356.5638
73.96,-0.0068,-0.0005,0.0038,352.786,5.9989,356.5668
73.98,-0.0056,-0.001,0.0033,352.7885,6.0057,356.565
74,-0.0054,-0.0007,0.0032,352.7876,6.0043,356.5661
74.02,-0.0051,-0.0005,0.0034,352.7859,6.0019,356.5667
74.04,-0.004,-0.0011,0.0028,352.7883,6.0079,356.5655
74.06,-0.0053,-0.0005,0.0031,352.7868,5.9998,356.5671
74.08,-0.005,-0.0006,0.0021,352.786,5.9986,356.5667
74.1,-0.0051,-0.0004,0.0011,352.7842,5.9957,356.5669
74.12,-0.0055,-0.0009,0.0007,352.7851,5.9931,356.5648
74.14,-0.0079,-0.0006,0.0005,352.7847,5.9802,356.5671
74.16,-0.0089,-0.0001,0.0001,352.7829,5.9722,356.5681
74.18,-0.0084,0.0004,-0.001,352.7791,5.9731,356.5688
74.2,-0.0083,-0.0002,-0.0013,352.7823,5.9687,356.5675
74.22,-0.0077,-0.0003,-0.0018,352.7801,5.9702,356.5643
74.24,-0.0074,-0.0007,-0.0017,352.7839,5.9665,356.564
74.26,-0.0078,-0.0003,-0.0012,352.7821,5.9625,356.5649
74.28,-0.0071,-0.0004,-0.0015,352.7823,5.9666,356.5634
74.3,-0.007,-0.0004,-0.0014,352.783,5.9648,356.562
74.32,-0.0076,-0.0004,-0.0008,352.7835,5.9584,356.5638
74.34,-0.0072,-0.0002,-0.0014,352.7811,5.9645,356.5642
74.36,-0.0068,-0.0004,-0.0019,352.7818,5.9733,356.5612
74.38,-0.0088,-0.0004,-0.0004,352.7833,5.9637,356.5646
74.4,-0.0082,-0.0006,-0.0011,352.7838,5.9714,356.5632
74.42,-0.0084,-0.0007,-0.0011,352.7836,5.971,356.5634
74.43999,-0.0091,-0.0004,-0.0007,352.7823,5.9706,356.5651
74.46,-0.0098,0,-0.0006,352.7808,5.97,356.566
74.48,-0.009,-0.0001,-0.0009,352.7812,5.9742,356.5648
74.5,-0.0096,0.0002,-0.0004,352.7809,5.9719,356.5654
74.52,-0.0111,-0.0002,0.0001,352.782,5.9714,356.5632
74.54,-0.0166,0.0002,0.0012,352.783,5.9662,356.5653
74.56,-0.0157,-0.0003,0.0015,352.7842,5.9673,356.5642
74.58,-0.0156,0.0003,0.0021,352.7839,5.9678,356.5652
74.6,-0.0142,-0.0002,0.0018,352.7828,5.9738,356.5643
74.62,-0.0142,-0.0001,0.0019,352.7825,5.9758,356.5641
74.64,-0.0141,-0.0001,0.0021,352.7842,5.9794,356.5659
74.66,-0.0141,-0.0002,0.0025,352.7853,5.9818,356.5645
74.68,-0.0164,0.0006,0.0039,352.7813,5.9746,356.569
74.7,-0.0169,-0.0004,0.0038,352.7842,5.9782,356.5664
74.72,-0.0178,0.0002,0.0041,352.7837,5.9765,356.569
74.74,-0.0138,-0.0005,0.0034,352.7874,5.9828,356.5655
74.76,-0.0126,-0.0003,0.003,352.7844,5.9818,356.5647
74.78,-0.0119,0,0.0019,352.7821,5.9866,356.5648
74.8,-0.0129,-0.0008,0.0024,352.7863,5.9841,356.5634
74.82,-0.0135,-0.0004,0.0031,352.7873,5.9784,356.5639
74.84,-0.012,-0.0007,0.0024,352.7867,5.9779,356.5624
74.86,-0.0119,0,0.0017,352.7813,5.9788,356.563
74.88,-0.0121,-0.0004,0.0018,352.7848,5.9759,356.5629
74.9,-0.0123,-0.0006,0.0019,352.7884,5.9745,356.5623
74.92,-0.0113,-0.0004,0.0011,352.7872,5.9815,356.5604
74.93999,-0.0112,-0.0006,0.001,352.7851,5.9821,356.5608
74.96,-0.0107,-0.0003,0.001,352.7845,5.9833,356.5617
74.98,-0.0095,0,0.0011,352.785,5.9843,356.5613
75,-0.0093,0,0.0015,352.7849,5.9822,356.5606
75.02,-0.0087,-0.0003,0.001,352.7846,5.9837,356.5608
75.04,-0.0118,-0.0001,0.0017,352.7845,5.98,356.5624
75.06,-0.0122,-0.0007,0.002,352.7893,5.9841,356.5605
75.08,-0.0125,-0.0001,0.0031,352.7889,5.9778,356.5618
75.1,-0.0093,-0.0005,0.0018,352.7878,5.9866,356.5589
75.12,-0.0077,-0.0002,0.0017,352.7848,5.9918,356.5572
75.14,-0.0077,-0.0007,0.002,352.7894,5.992,356.5565
75.16,-0.0088,0.0001,0.0026,352.788,5.9828,356.5592
75.18,-0.0057,-0.0012,0.0008,352.791,5.9939,356.5519
75.2,-0.0069,-0.0004,0.0013,352.7864,5.9882,356.5542
75.22,-0.0079,-0.0005,0.0012,352.7866,5.9875,356.5543
75.24,-0.0111,-0.0003,0.0006,352.788,5.9771,356.5576
75.25999,-0.0083,-0.0003,-0.0008,352.7853,5.9815,356.5559
75.28,-0.0058,-0.0005,-0.0009,352.7834,5.9865,356.5556
75.3,-0.0068,-0.001,0,352.7861,5.9828,356.556
