time,pos_x,pos_y,pos_z,rot_x,rot_y,rot_z
17.84,1.0961,0.6025,-0.9891,75.5141,207.221,45.0694
17.86,1.1976,0.9261,-2.0893,72.455,199.9294,37.7905
17.88,1.292,1.3134,-3.2053,68.9613,194.6386,32.3962
17.9,1.3705,1.7521,-4.3151,65.3062,190.9683,28.4841
17.92,1.4929,2.7824,-6.4418,57.778,186.6579,23.204
17.94,1.5348,3.363,-7.4144,54.0318,185.4022,21.5343
17.96,1.5591,3.9751,-8.2958,50.4416,184.4167,20.2692
17.98,1.5726,4.5978,-9.0927,46.9844,183.7862,19.3884
18,1.5725,5.213,-9.8004,43.708,183.2884,18.6778
18.02,1.5479,6.3556,-10.9847,37.8268,182.6956,17.6165
18.04,1.5271,6.8688,-11.462,35.2491,182.5542,17.2719
18.06,1.5018,7.3313,-11.8623,32.9936,182.5157,16.9586
18.08,1.4731,7.7381,-12.19,31.0482,182.5341,16.6708
18.1,1.4412,8.0813,-12.4548,29.4268,182.6398,16.3068
18.12,1.3797,8.5659,-12.7986,27.2065,182.9015,15.7576
18.14,1.3607,8.6952,-12.8859,26.6161,183.0049,15.7071
18.16,1.3527,8.7391,-12.9167,26.391,183.0559,15.8392
18.18,1.348,8.6975,-12.8894,26.5517,183.1027,15.9338
18.2,1.3419,8.5757,-12.8045,27.1038,183.2033,15.9331
18.22,1.3041,8.0057,-12.3628,29.9174,183.8061,15.723
18.24,1.2896,7.5839,-12.0233,31.9455,184.1498,16.2797
18.26,1.2851,7.0704,-11.5994,34.328,184.4243,17.5862
18.28,1.2767,6.4773,-11.0909,37.0487,184.7462,18.9538
18.3,1.2526,5.8227,-10.4927,40.1365,185.2446,19.8769
18.32,1.155,4.4103,-8.9699,47.3475,186.9763,21.5511
18.34,1.0911,3.6961,-8.0346,51.2982,188.3119,23.1701
18.36,1.01,3.0052,-6.9943,55.3807,190.1809,25.2395
18.38,0.905,2.3527,-5.8685,59.5895,193.0111,27.6084
18.4,0.7814,1.746,-4.6755,63.7724,197.246,31.0968
18.42,0.5072,0.7821,-2.1263,71.2634,210.5149,43.6515
18.44,0.3591,0.4531,-0.819,74.2381,221.2951,54.1625
18.46,0.2096,0.244,0.4769,76.3502,235.8542,68.2826
18.48,0.0645,0.143,1.7304,77.3215,253.4537,85.0978
18.5,-0.0703,0.1314,2.921,77.0682,271.0302,101.8357
18.52,-0.2771,0.3504,5.045,74.1663,296.4534,126.8926
18.54,-0.3462,0.5573,5.9218,72.2956,304.3203,134.553
18.56,-0.3887,0.8065,6.6512,70.4584,309.889,139.8321
18.58,-0.4241,1.0488,7.2281,68.9253,313.7319,143.4623
18.6,-0.4344,1.269,7.6395,67.773,316.3048,146.0537
18.62,-0.4269,1.5432,7.958,66.9725,318.4832,148.6037
18.64,-0.3991,1.5596,7.8827,67.2502,318.4156,148.8465
18.66,-0.3757,1.514,7.6937,67.9003,317.7716,148.5448
18.68,-0.3373,1.3578,7.3129,69.0622,315.9251,146.9547
18.7,-0.3012,1.1556,6.8362,70.4551,313.1307,144.4696
18.72,-0.2008,0.6699,5.5215,73.7817,302.768,134.939
18.74,-0.1371,0.4608,4.681,75.4254,293.9688,126.386
18.76,-0.0627,0.3266,3.7334,76.7511,282.1063,114.5324
18.78,0.0223,0.2834,2.6988,77.5017,267.2825,99.8461
18.8,0.1335,0.3242,1.5875,77.4074,250.525,83.6622
18.82,0.4074,0.7066,-0.7901,74.2381,220.2762,55.1339
18.84,0.543,1.0337,-2.0177,71.3964,209.8929,45.3211
18.86,0.6679,1.4378,-3.2406,67.9391,202.0599,37.9861
18.88,0.7811,1.9199,-4.4332,64.2603,196.7214,33.1424
18.9,0.8824,2.4687,-5.5793,60.442,192.9976,29.851
18.92,1.0142,3.7158,-7.6505,52.7137,188.6358,25.4534
18.94,1.0536,4.3715,-8.5436,49.0851,187.4482,24.2402
18.96,1.0841,5.0229,-9.3224,45.6604,186.5703,23.8126
18.98,1.1072,5.6476,-9.9836,42.5559,185.9529,24.0185
19,1.1176,6.2219,-10.5333,39.8218,185.5809,24.3687
19.02,1.0913,7.1369,-11.3109,35.6159,185.3497,24.6641
19.04,1.0609,7.4382,-11.5482,34.2139,185.4071,24.7131
19.06,1.0193,7.6151,-11.6834,33.3721,185.5171,24.7468
19.08,0.9741,7.6596,-11.7214,33.1106,185.7001,25.0041
19.1,0.9257,7.583,-11.6663,33.4056,185.9521,25.3941
19.12,0.7933,7.0742,-11.2475,35.724,186.8441,26.312
19.14,0.7186,6.6779,-10.9045,37.544,187.4842,26.8655
19.16,0.6373,6.2034,-10.4713,39.7456,188.2773,27.4868
19.18,0.5492,5.6645,-9.9454,42.2921,189.2618,28.2023
19.2,0.4571,5.0753,-9.3249,45.1649,190.5252,29.1009
19.22,0.2538,3.826,-7.7845,51.8271,194.415,31.4624
19.24,0.1455,3.2049,-6.8714,55.4061,197.1811,33.0766
19.26,0.0371,2.6131,-5.871,59.0216,200.5363,35.183
19.28,-0.0725,2.0603,-4.799,62.5657,204.9215,38.1887
19.3,-0.1742,1.5661,-3.6714,65.9408,210.5412,42.4466
19.32,-0.3251,0.7719,-1.3207,71.559,226.2995,57.3168
19.34,-0.383,0.4916,-0.1403,73.5839,236.7742,67.7582
19.36,-0.4114,0.286,0.9998,74.92,249.15,80.118
19.38,-0.4187,0.1674,2.0936,75.5724,261.9452,93.3081
19.4,-0.405,0.1357,3.1179,75.6546,274.1818,106.3317
19.42,-0.3169,0.2795,4.8837,74.4829,294.4274,127.9617
19.44,-0.2696,0.4149,5.6126,73.5176,301.9416,135.8907
19.46,-0.2094,0.5818,6.2225,72.501,307.7322,142.0542
19.48,-0.1478,0.7403,6.7051,71.5857,312.1639,146.5488
19.5,-0.0849,0.8835,7.0613,70.8108,315.3531,149.6977
19.52,0.0161,1.0426,7.383,70.1752,318.3783,152.9368
19.54,0.0908,1.0585,7.3317,70.3583,318.7581,153.2951
19.56,0.1316,1.0066,7.1762,70.8478,318.0647,152.6421
19.58,0.1906,0.9134,6.8584,71.8048,316.4477,151.1474
19.6,0.249,0.7731,6.4454,73.0109,313.7992,148.6779
19.62,0.3781,0.464,5.3099,76.058,304.0884,139.6203
19.64,0.4652,0.354,4.5948,77.6971,296.1969,132.1121
19.66,0.5491,0.2881,3.808,79.1351,285.0104,121.4174
19.68,0.646,0.2757,2.9399,80.0951,270.0469,106.9835
19.7,0.7546,0.3188,2.0075,80.245,252.2435,89.727
19.72,0.9553,0.5733,-0.001,77.63,220.5822,58.9483
19.74,1.039,0.7884,-1.0563,75.1474,209.9842,48.6545
19.76,1.1103,1.0786,-2.1233,72.09,202.0983,40.992
19.78,1.1683,1.4342,-3.19,68.9368,197.2671,35.9962
19.8,1.2138,1.8558,-4.2329,65.4599,193.6218,32.5202
19.82,1.2658,2.8528,-6.194,58.5733,189.2568,28.1716
19.84,1.2674,3.3897,-7.0846,55.2453,188.0573,26.8012
19.86,1.259,3.9282,-7.8987,51.9699,187.1591,25.9619
19.88,1.2452,4.4604,-8.6236,48.8967,186.4906,25.5757
19.9,1.2259,4.9754,-9.2504,46.1207,186.0508,25.4117
19.92,1.1569,5.8766,-10.1883,41.5979,185.6806,25.4956
19.94,1.1165,6.2304,-10.5093,39.9461,185.6769,25.7053
19.96,1.0732,6.4943,-10.7383,38.7035,185.7284,25.9888
19.98,1.0274,6.6605,-10.8776,37.9256,185.8974,26.3517
20,0.9748,6.7242,-10.9272,37.6119,186.1116,26.5879
20.02,0.8655,6.5605,-10.7779,38.3544,186.8124,27.1129
20.04,0.7977,6.3099,-10.5369,39.5611,187.3652,27.6703
20.06,0.736,5.9944,-10.2246,41.0748,187.9704,28.3589
20.08,0.6722,5.6124,-9.8264,42.9565,188.7049,29.0758
20.1,0.6034,5.1709,-9.3436,45.1719,189.6459,29.7157
20.12,0.4541,4.1674,-8.1112,50.5185,192.3942,31.2295
20.14,0.3801,3.6354,-7.3618,53.5719,194.3413,32.3347
20.16,0.3079,3.1004,-6.5263,56.7897,196.8113,33.9802
20.18,0.2404,2.5755,-5.6154,60.0309,199.722,36.1614
20.2,0.1739,2.0739,-4.6424,63.251,203.4172,38.9022
20.22,0.0344,1.184,-2.5601,69.3073,214.6593,47.2435
20.24,-0.0221,0.8154,-1.4771,71.8807,222.5764,54.2836
20.26,-0.0523,0.524,-0.3907,73.9629,232.207,63.6716
20.28,-0.0818,0.3075,0.6784,75.469,243.3495,74.5357
20.3,-0.0919,0.1685,1.7035,76.3409,255.7506,86.6299
20.32,-0.0667,0.1135,3.5749,76.175,280.3363,110.9737
20.34,-0.0338,0.1781,4.3906,75.4298,290.2274,120.7754
20.36,0.0008,0.2788,5.1201,74.428,298.2273,128.715
20.38,0.0672,0.3995,5.7382,73.4101,304.5195,135.0452
20.4,0.1161,0.5214,6.2576,72.444,309.261,139.7343
20.42,0.2498,0.7158,6.9512,71.0946,315.4195,146.2114
20.44,0.3282,0.7712,7.1043,70.8533,317.1754,148.1085
20.46,0.3937,0.7957,7.1365,70.9366,317.9935,149.0722
20.48,0.4627,0.793,7.0482,71.2982,318.1601,149.3028
20.5,0.5168,0.7451,6.8385,72.0037,317.2406,148.4864
20.52,0.6172,0.5164,6.0293,74.293,311.7032,143.0211
20.54,0.681,0.3935,5.4677,75.7077,306.9317,138.2602
20.56,0.7242,0.2765,4.8103,77.1416,299.8076,131.283
20.58,0.7758,0.203,4.0508,78.4836,289.7773,121.5429
20.6,0.8326,0.1947,3.2046,79.4886,276.3281,108.4973
20.62,0.9627,0.3599,1.2977,79.3019,242.568,75.8438
20.64,1.0194,0.5343,0.2753,77.8458,227.2337,61.1952
20.66,1.0624,0.7592,-0.7789,75.6,215.7329,50.2571
20.68,1.0974,1.0467,-1.8485,72.6299,206.5883,41.7482
20.7,1.1287,1.3971,-2.9177,69.5214,200.7773,36.4587
20.72,1.1493,2.2721,-4.9639,62.7113,193.6084,30.2381
20.74,1.135,2.7809,-5.9054,59.4447,191.7826,28.3298
20.76,1.1114,3.3188,-6.775,56.2804,190.4763,26.9541
20.78,1.0795,3.8658,-7.5625,53.1637,189.38,25.9654
20.8,1.0482,4.4069,-8.2654,50.2599,188.6068,25.4933
20.82,0.9731,5.3707,-9.4039,45.2412,187.7757,25.1422
20.84,0.9361,5.7661,-9.8274,43.2276,187.5249,25.2753
20.86,0.9012,6.0821,-10.1512,41.6104,187.3784,25.5198
20.88,0.8648,6.3044,-10.3709,40.4788,187.3394,25.7366
20.9,0.829,6.4197,-10.4848,39.876,187.3902,26.0058
20.92,0.761,6.3362,-10.4001,40.2807,187.7473,26.7284
20.94,0.7224,6.141,-10.1949,41.294,188.1296,27.1771
20.96,0.6828,5.8571,-9.8849,42.7916,188.6752,27.687
20.98,0.6423,5.5097,-9.4882,44.6412,189.3875,28.3445
21,0.6009,5.1043,-8.9974,46.8385,190.2919,29.1892
21.02,0.5184,4.1741,-7.7471,52.0589,192.8143,31.6179
21.04,0.4751,3.6696,-6.9972,54.9437,194.5223,33.205
21.06,0.4315,3.1562,-6.174,57.9577,196.6868,35.0292
21.08,0.3854,2.6466,-5.2826,61.0774,199.5182,37.1958
21.1,0.3385,2.154,-4.3343,64.2412,203.2802,39.9884
21.12,0.2516,1.2743,-2.2937,70.1776,213.8518,48.6538
21.14,0.2152,0.9176,-1.2325,72.7718,221.3925,55.2371
21.16,0.184,0.6156,-0.1645,74.9189,231.1658,64.3219
21.18,0.1681,0.3852,0.8921,76.5122,242.9085,75.761
21.2,0.148,0.2151,1.9242,77.4039,256.0028,88.8834
21.22,0.1553,0.0825,3.817,77.3567,281.6957,114.946
21.24,0.164,0.0925,4.6505,76.4994,292.0878,125.5463
21.26,0.1789,0.1546,5.3908,75.4177,300.4283,134.1423
21.28,0.1934,0.2485,6.0246,74.2384,306.5792,140.5061
21.3,0.2348,0.3612,6.5323,73.1888,311.2508,145.0798
21.32,0.2876,0.6106,7.1946,71.5195,316.7537,149.9132
21.34,0.307,0.6869,7.344,71.1298,318.0427,151.086
21.36,0.3362,0.721,7.369,71.0683,318.4944,151.5829
21.38,0.3654,0.7226,7.2865,71.3126,318.3399,151.5127
21.4,0.3948,0.6788,7.0803,71.8804,317.3748,150.5885
21.42,0.4547,0.4797,6.2887,74.0026,311.9492,145.4005
21.44,0.4819,0.3668,5.7408,75.3626,307.3125,140.9995
21.46,0.5099,0.2606,5.0912,76.791,300.2881,134.3597
21.48,0.5517,0.1945,4.3363,78.1375,290.772,125.2015
21.5,0.5917,0.1883,3.4929,79.1641,278.0152,113.0157
21.52,0.6868,0.3663,1.5544,79.1032,243.9546,80.3809
21.54,0.7307,0.5586,0.4802,77.5093,227.6063,64.5907
21.56,0.7798,0.8375,-0.6367,75.0574,215.0286,52.2987
21.58,0.8153,1.1545,-1.7761,72.1335,207.1988,44.465
21.6,0.8485,1.5335,-2.9094,68.9281,201.6987,39.0161
21.62,0.9145,2.438,-5.0816,62.0991,194.6209,32.416
21.64,0.9409,2.9581,-6.0714,58.688,192.3136,30.4534
21.66,0.9663,3.5058,-6.9796,55.3991,190.6019,29.093
21.68,0.9875,4.0676,-7.7947,52.2794,189.2753,27.9852
21.7,1.0052,4.6169,-8.5066,49.3721,188.2507,27.2782
21.72,1.0338,5.5902,-9.6255,44.4777,187.0673,26.6622
21.74,1.0439,5.964,-10.0297,42.7997,187.0883,26.4368
21.76,1.0578,6.2318,-10.319,41.3246,186.7094,26.4293
21.78,1.0702,6.3791,-10.4931,40.4521,186.4994,26.4619
21.8,1.079,6.4128,-10.5442,40.2101,186.3768,26.4897
21.82,1.0855,6.1894,-10.3133,41.3983,186.5354,26.6029
21.84,1.0774,5.9061,-10.0034,42.928,186.8799,26.6946
21.86,1.0641,5.5647,-9.6247,44.7161,187.3722,26.8968
21.88,1.0455,5.1583,-9.1569,46.8147,188.0246,27.4126
21.9,1.0247,4.7031,-8.6069,49.1646,188.8828,28.2763
21.92,0.9628,3.6983,-7.2578,54.5849,191.4558,30.7215
21.94,0.9211,3.1727,-6.4694,57.5695,193.3471,32.242
21.96,0.8731,2.6468,-5.6154,60.6531,195.811,34.1077
21.98,0.821,2.1406,-4.6986,63.7929,198.8979,36.436
22,0.768,1.6606,-3.7285,66.8677,202.7666,39.6842
22.02,0.6594,0.8392,-1.6907,72.5044,213.7665,49.6451
22.04,0.6029,0.5046,-0.6483,74.913,221.7498,57.3731
22.06,0.5553,0.2306,0.3825,76.8737,231.7569,67.6526
22.08,0.5026,0.0228,1.3929,78.3009,243.7712,80.2955
22.1,0.4636,-0.1218,2.3473,79.1111,257.1215,94.4177
22.12,0.3683,-0.193,4.0679,78.7354,283.3017,122.1558
22.14,0.3113,-0.1378,4.798,77.8424,293.0598,132.3691
22.16,0.2606,-0.0242,5.4227,76.7277,300.645,139.9351
22.18,0.1916,0.1117,5.9422,75.528,305.85,144.7601
22.2,0.136,0.253,6.3469,74.405,309.3646,147.7632
22.22,-0.003,0.4875,6.8546,72.6396,312.8768,150.4193
22.24,-0.0553,0.5607,6.9348,72.1675,313.3343,150.5069
22.26,-0.1134,0.5896,6.9086,72.0009,312.7656,149.7095
22.28,-0.1606,0.5871,6.7739,72.1244,311.54,148.2451
22.3,-0.2022,0.5456,6.4807,72.5956,309.2715,145.822
22.32,-0.2426,0.4119,5.5783,74.3336,301.0487,137.8836
22.34,-0.2275,0.3595,4.9402,75.4616,294.5807,131.6986
22.36,-0.2,0.3238,4.178,76.5314,285.546,122.9805
22.38,-0.1561,0.3305,3.3028,77.4562,273.1529,111.016
22.4,-0.1052,0.3826,2.3291,77.6811,258.6785,96.9177
22.42,0.0696,0.667,0.1357,75.4569,229.0335,67.9881
22.44,0.1673,0.8996,-1.0344,73.1139,217.962,57.2529
22.46,0.2775,1.2165,-2.2252,70.1838,209.4142,48.8493
22.48,0.3969,1.6223,-3.4109,66.9404,203.0923,42.5162
22.5,0.5146,2.1055,-4.5548,63.5039,198.4026,37.7586
22.52,0.7502,3.236,-6.6569,56.5778,192.2478,31.1269
22.54,0.8765,3.8435,-7.5818,53.2094,190.08,29.2331
22.56,1.0041,4.4503,-8.4029,50.002,188.3069,28.0815
22.58,1.1278,5.0344,-9.1229,47.0156,186.9016,27.1865
22.6,1.2392,5.5707,-9.7325,44.3296,185.8364,26.3228
22.62,1.4464,6.3854,-10.6182,40.3174,184.4876,24.9443
22.64,1.546,6.6225,-10.8782,38.9725,183.8219,24.7229
22.66,1.636,6.7428,-11.0045,38.2915,183.2687,24.5702
22.68,1.7107,6.7465,-11.0008,38.2892,182.8979,24.3797
22.7,1.7678,6.6458,-10.8894,38.8743,182.6835,24.1184
22.72,1.8501,6.0813,-10.309,41.8351,182.703,24.0147
22.74,1.8653,5.6801,-9.8811,43.91,182.9712,24.2657
22.76,1.8597,5.2158,-9.3603,46.3246,183.4778,24.7405
22.78,1.836,4.709,-8.7515,49.0212,184.2287,25.4441
22.8,1.7925,4.1694,-8.0553,51.9413,185.2553,26.4216
22.82,1.6494,3.0504,-6.4096,58.3073,188.4423,29.4805
22.84,1.5465,2.5007,-5.4749,61.6309,190.877,31.546
22.86,1.4246,1.981,-4.4786,65.0044,194.2538,34.1113
22.88,1.2889,1.5054,-3.4328,68.3735,198.8863,37.5865
22.9,1.1372,1.0832,-2.3404,71.5425,205.2312,42.8365
22.92,0.8268,0.4386,-0.1094,76.6712,224.2132,60.208
22.94,0.6798,0.2215,0.9913,78.3068,237.8186,73.4409
22.96,0.5309,0.0925,2.0681,79.1355,254.0373,89.5545
22.98,0.4048,0.0397,3.0918,79.1185,270.5242,106.1387
23,0.292,0.0391,4.0491,78.3528,284.6049,120.7341
23.02,0.102,0.2218,5.7212,75.6286,304.4006,141.4552
23.04,0.0324,0.3647,6.4142,74.1568,310.519,148.1755
23.06,-0.0298,0.5268,7.0057,72.7451,315.0916,153.4141
23.08,-0.0637,0.689,7.4755,71.5145,318.3913,157.2537
23.1,-0.1131,0.842,7.841,70.4905,320.6503,159.9088
23.12,-0.1738,1.0646,8.1983,69.3178,322.8586,162.5815
23.14,-0.2046,1.1222,8.202,69.2053,322.9497,162.7678
23.16,-0.2292,1.1194,8.0852,69.4173,322.2514,161.9946
23.18,-0.2454,1.0725,7.8418,69.9531,320.8876,160.4574
23.2,-0.269,0.9778,7.4775,70.8197,318.4944,157.9133
23.22,-0.2642,0.699,6.449,73.3281,310.8538,150.3464
23.24,-0.2211,0.5582,5.7561,74.8893,304.8558,144.535
23.26,-0.1627,0.4649,4.9712,76.4488,296.7552,136.6492
23.28,-0.0839,0.4037,4.079,77.8566,285.5058,125.5565
23.3,0.0198,0.399,3.0961,78.8453,270.5821,110.8525
23.32,0.2597,0.5861,0.9392,78.0594,235.2937,76.1045
23.34,0.4046,0.7811,-0.2182,76.0795,220.4523,61.4763
23.36,0.5433,1.0358,-1.3984,73.3824,209.9303,50.8722
23.38,0.6898,1.3652,-2.5787,70.2017,202.3789,43.3946
23.4,0.8378,1.7689,-3.7413,66.7543,196.8916,37.918
23.42,1.1192,2.7731,-5.9068,59.6364,189.8705,30.8989
23.44,1.2547,3.3372,-6.8805,56.126,187.5861,28.7967
23.46,1.3792,3.9163,-7.7571,52.7578,185.8324,27.4262
23.48,1.493,4.4881,-8.539,49.5958,184.5192,26.385
23.5,1.5908,5.0273,-9.2225,46.7248,183.6545,25.478
23.52,1.7462,5.9317,-10.2634,42.1513,182.7489,24.2744
23.54,1.8042,6.2626,-10.6172,40.6251,182.6715,23.8067
23.56,1.8493,6.4985,-10.8482,39.3191,182.3065,23.4758
23.58,1.8805,6.6291,-10.9653,38.69,182.2028,23.1477
23.6,1.9051,6.6443,-10.971,38.6438,182.1693,23.0871
23.62,1.9303,6.3545,-10.6727,40.4123,182.5938,23.4439
23.64,1.9301,6.0464,-10.3548,41.9154,182.724,23.9683
23.66,1.9165,5.6609,-9.9519,43.8572,183.0659,24.6028
23.68,1.8903,5.2097,-9.4497,46.1886,183.5379,25.4244
23.7,1.8483,4.7042,-8.846,48.8628,184.2298,26.4184
23.72,1.7011,3.6054,-7.3464,55.0144,186.4613,28.4467
23.74,1.6032,3.0352,-6.4633,58.3897,188.2741,29.8779
23.76,1.4891,2.4722,-5.4995,61.8881,190.7656,31.8916
23.78,1.3597,1.9402,-4.4628,65.3761,194.1,34.4953
23.8,1.2141,1.4529,-3.3657,68.8185,198.7948,38.2428
23.82,0.9018,0.6653,-1.0549,75.0626,214.8686,51.9821
23.84,0.7525,0.3824,0.1204,77.4031,227.0633,63.4344
23.86,0.6106,0.1817,1.282,78.9711,242.1661,78.2609
23.88,0.4851,0.0601,2.4068,79.5498,260.248,96.2707
23.9,0.3743,0.0244,3.4759,79.1958,277.6069,113.6924
23.92,0.1948,0.1577,5.3651,76.4522,302.0592,138.9885
23.94,0.1398,0.3262,6.1433,74.7111,309.5912,146.5692
23.96,0.0832,0.5198,6.8112,73.0232,314.7443,151.8048
23.98,0.0241,0.7043,7.353,71.4977,318.2296,155.167
24,-0.0012,0.8823,7.7573,70.2352,320.6724,157.3907
24.02,-0.0515,1.1179,8.1719,68.7807,322.8659,159.3459
24.04,-0.0617,1.1607,8.1649,68.6464,322.8369,159.0406
24.06,-0.0759,1.1474,8.0301,68.8673,322.0588,157.8843
24.08,-0.0896,1.0842,7.7304,69.5521,320.3398,155.6839
24.1,-0.0823,0.9712,7.2829,70.6671,317.6508,152.7703
24.12,-0.0436,0.6725,6.0081,73.7353,308.3174,143.5129
24.14,0.0005,0.5302,5.175,75.4695,300.5784,135.8137
24.16,0.06,0.4164,4.2213,77.1281,289.3765,124.7377
24.18,0.1231,0.3483,3.1568,78.2193,273.7784,109.3328
24.2,0.2065,0.3847,2.0099,78.4056,255.7453,91.5208
24.22,0.4204,0.7325,-0.4622,75.3244,222.881,59.6322
24.24,0.5357,1.0463,-1.7295,72.4802,211.955,49.3927
24.26,0.6541,1.4425,-2.9856,69.1508,204.0649,42.2142
24.28,0.7694,1.9112,-4.208,65.5365,198.3772,37.2334
24.3,0.8802,2.4399,-5.3718,61.7821,194.2531,33.8106
24.32,1.0806,3.6373,-7.4368,54.4036,189.0019,30.1218
24.34,1.1644,4.2621,-8.3118,50.978,187.4071,29.1618
24.36,1.2313,4.8695,-9.0786,48.0282,186.7351,28.3453
24.38,1.2904,5.4325,-9.7214,45.4476,186.241,27.9096
24.4,1.3413,5.9189,-10.2311,43.2137,185.9478,27.8219
24.42,1.4165,6.5097,-10.8237,40.3119,185.3391,27.4745
24.44,1.4445,6.5606,-10.8832,40.078,185.229,27.4376
24.46,1.4653,6.4538,-10.7783,40.6949,185.2361,27.5373
24.48,1.4788,6.1965,-10.5042,42.1894,185.4003,27.8134
24.5,1.4769,5.7724,-10.0239,44.5886,185.7799,28.0842
24.52,1.4082,4.7281,-8.6886,50.6981,187.5138,29.2828
24.54,1.3423,4.1544,-7.84,54.2289,189.0998,30.4856
24.56,1.2513,3.5724,-6.8924,57.8701,191.3138,32.2713
24.58,1.1372,3.006,-5.858,61.5535,194.2767,34.67
24.6,1.0028,2.4596,-4.7569,65.1422,198.3033,37.992
24.62,0.6819,1.5014,-2.3988,71.7279,211.146,48.9895
24.64,0.5116,1.1206,-1.1795,74.4292,221.447,58.0432
24.66,0.3374,0.8274,0.0499,76.4665,235.0874,70.4935
24.68,0.1642,0.6198,1.2645,77.4819,251.5342,85.8632
24.7,0.0034,0.5038,2.4446,77.4354,268.6615,101.9223
24.72,-0.2828,0.4894,4.63,74.8349,295.0425,127.4377
24.74,-0.4113,0.5796,5.5976,72.8961,303.5271,135.5419
24.76,-0.5115,0.7351,6.4588,70.867,309.7464,141.6181
24.78,-0.5987,0.9345,7.2074,68.9091,314.2312,146.2072
24.8,-0.6927,1.1507,7.8402,67.0948,317.3898,149.4405
24.82,-0.8552,1.5356,8.713,64.203,320.9304,152.8851
24.84,-0.9306,1.6866,8.9532,63.2157,321.6964,153.4478
24.86,-1.0264,1.7783,9.0657,62.5908,321.6478,153.1897
24.88,-1.1039,1.8181,9.0423,62.3478,321.1724,152.3654
24.9,-1.1874,1.7986,8.9029,62.4474,320.0958,150.8876
24.92,-1.3528,1.5746,8.1962,63.8109,315.8884,145.6722
24.94,-1.4095,1.4112,7.6731,64.9707,312.8365,142.349
24.96,-1.4315,1.2203,7.0247,66.4199,308.8938,138.3692
24.98,-1.4238,1.0362,6.2642,68.1956,303.7942,133.6098
25,-1.3798,0.8902,5.3988,70.0143,297.3863,127.972
25.02,-1.1497,0.7449,3.3853,73.5009,278.5015,111.7231
25.04,-0.9845,0.7701,2.2722,74.5902,265.5168,100.2116
25.06,-0.8015,0.8493,1.1132,74.8213,250.7609,86.9678
25.08,-0.5865,0.9984,-0.076,74.1061,235.9463,73.7441
25.1,-0.3638,1.2212,-1.2664,72.4428,222.9386,62.2638
25.12,0.0957,1.8658,-3.587,67.158,205.0253,46.3983
25.14,0.3264,2.2769,-4.6659,64.0291,199.2454,41.5982
25.16,0.5607,2.7318,-5.6727,60.8466,194.8996,38.1967
25.18,0.7861,3.2137,-6.5865,57.6996,191.5417,35.706
25.2,1.0069,3.7124,-7.3956,54.727,188.8768,33.8069
25.22,1.4248,4.6592,-8.681,49.6483,185.1894,31.4489
25.24,1.6139,5.0514,-9.1551,47.6344,183.9266,30.5256
25.26,1.789,5.3571,-9.5114,46.0427,182.8411,29.6406
25.28,1.9487,5.5505,-9.7387,44.974,181.8733,28.8861
25.3,2.0946,5.6257,-9.8259,44.5555,181.0947,28.4294
25.32,2.3075,5.4426,-9.5638,45.7998,180.142,28.1878
25.34,2.3776,5.1473,-9.1625,47.68,180.0281,28.2167
25.36,2.3939,4.778,-8.6582,49.9792,180.2819,28.214
25.38,2.3625,4.3366,-8.0291,52.7079,180.9735,28.3848
25.4,2.2824,3.8476,-7.285,55.7863,182.1611,28.8399
25.42,1.9841,2.8277,-5.4756,62.6272,186.4418,31.2132
25.44,1.7748,2.3276,-4.4403,66.1892,190.0579,33.7435
25.46,1.5347,1.8643,-3.3347,69.7293,195.123,37.6331
25.48,1.2749,1.448,-2.1802,73.0866,202.4612,43.8436
25.5,1.0032,1.0934,-0.9947,76.0126,213.1862,53.6652
25.52,0.4411,0.6255,1.388,79.3292,247.116,85.913
25.54,0.1628,0.5087,2.5428,79.1255,267.1179,105.0556
25.56,-0.0947,0.4753,3.6488,77.9229,283.7171,120.9392
25.58,-0.3305,0.5208,4.6929,76.1431,295.8387,132.88
25.6,-0.5363,0.6354,5.649,74.0852,304.5469,141.7852
25.62,-0.8641,1.0371,7.2539,69.8976,315.05,153.1197
25.64,-0.9978,1.2754,7.8838,67.9853,318.1028,156.5276
25.66,-1.1196,1.4997,8.3888,66.2952,320.1496,158.6198
25.68,-1.2263,1.7022,8.7694,64.8801,321.4504,159.7146
25.7,-1.3235,1.8506,9.0265,63.8073,321.9902,160.0935
25.72,-1.4853,1.9894,9.1667,62.7666,321.6463,159.0495
25.74,-1.5359,1.9628,9.0547,62.8304,320.7665,157.6916
25.76,-1.5758,1.8898,8.8186,63.2956,319.3648,155.7203
25.78,-1.5984,1.739,8.4439,64.1805,317.4066,153.292
25.8,-1.5984,1.5585,7.9881,65.3829,314.955,150.6047
25.82,-1.4773,1.1258,6.7487,68.7857,307.8351,143.506
25.84,-1.3781,0.9159,5.9848,70.7461,302.602,138.506
25.86,-1.2365,0.7436,5.1245,72.8004,295.6068,131.9381
25.88,-1.0549,0.6227,4.1614,74.6558,286.2733,122.9117
25.9,-0.8489,0.5699,3.108,76.1316,273.5404,110.4759
25.92,-0.3693,0.6811,0.7918,76.3583,241.3019,78.4818
25.94,-0.1043,0.849,-0.4274,74.864,226.1692,63.5247
25.96,0.1754,1.0931,-1.6603,72.4797,214.1296,51.807
25.98,0.4676,1.4106,-2.8878,69.5098,205.0777,43.1405
26,0.763,1.8178,-4.0704,66.2173,198.3266,36.9868
26.02,1.3479,2.8574,-6.2361,59.3196,189.3728,29.1958
26.04,1.627,3.4505,-7.1839,55.9305,186.3959,26.8539
26.06,1.8845,4.0451,-8.0309,52.8946,184.4654,25.1997
26.08,2.1233,4.6137,-8.7663,50.111,183.0112,24.0871
26.1,2.3412,5.1237,-9.3805,47.5763,181.7808,23.3138
26.12,2.6988,5.8778,-10.1941,43.8664,179.984,22.3459
26.14,2.8318,6.0784,-10.38,42.9223,179.3476,21.6514
26.16,2.9386,6.1339,-10.4155,42.7461,178.8902,20.9527
26.18,3.0149,6.0457,-10.3097,43.2588,178.5878,20.5207
26.2,3.0672,5.8336,-10.0688,44.4769,178.4336,20.2571
26.22,3.0535,5.0676,-9.157,48.7663,178.9445,20.0647
26.24,2.9766,4.5913,-8.5509,51.461,179.7395,20.2492
26.26,2.8522,4.0697,-7.8443,54.4542,180.9997,20.7346
26.28,2.6821,3.5228,-7.0432,57.6717,182.7932,21.6085
26.3,2.4674,2.9701,-6.146,61.0579,185.2844,23.0991
26.32,1.9316,1.931,-4.1106,68.0837,193.7091,28.9804
26.34,1.632,1.4757,-2.9952,71.3863,200.6524,34.9183
26.36,1.3261,1.0905,-1.8406,74.2958,209.9401,43.3907
26.38,1.0139,0.7838,-0.6646,76.6408,222.8823,55.4585
26.4,0.6982,0.5508,0.5143,78.037,239.3254,71.1302
26.42,0.1293,0.318,2.776,77.5837,273.879,104.4594
26.44,-0.1138,0.3173,3.8279,76.1414,287.0521,117.3172
26.46,-0.3221,0.3827,4.803,74.3343,296.8847,127.1633
26.48,-0.4963,0.5061,5.6928,72.399,303.989,134.5165
26.5,-0.6433,0.6793,6.4854,70.5303,309.4365,140.0764
26.52,-0.8325,1.0477,7.7466,67.2592,316.5634,148.0764
26.54,-0.8825,1.223,8.205,66.0037,318.8788,150.9286
26.56,-0.914,1.37,8.543,65.0379,320.5373,153.059
26.58,-0.955,1.4828,8.7668,64.3785,321.5111,154.3826
26.6,-0.9674,1.543,8.8617,64.0591,321.9854,155.0244
26.62,-0.9715,1.5044,8.7106,64.4543,321.3296,154.396
26.64,-0.972,1.3946,8.4464,65.1667,320.0337,152.8706
26.66,-0.9463,1.2444,8.0725,66.2227,318.1892,150.7061
26.68,-0.9014,1.0741,7.5955,67.5567,315.7634,147.9972
26.7,-0.8383,0.8773,7.0024,69.2239,312.3436,144.5241
26.72,-0.5991,0.5711,5.4535,73.2535,301.5972,134.4729
26.74,-0.4495,0.479,4.5035,75.3266,292.4135,125.9481
26.76,-0.2724,0.4442,3.447,77.0595,279.9139,113.9908
26.78,-0.0822,0.4574,2.2983,78.0424,263.0829,97.7115
26.8,0.1229,0.5386,1.0749,77.8401,243.9111,79.0864
26.82,0.5305,0.9341,-1.4796,73.7294,213.1431,49.4901
26.84,0.7326,1.2693,-2.7676,70.4235,203.7378,40.7005
26.86,0.9204,1.7036,-4.0191,66.7989,197.4007,34.8295
26.88,1.0977,2.2263,-5.2071,63.0262,192.8805,30.9393
26.9,1.2661,2.8214,-6.3055,59.2645,189.5967,28.6065
26.92,1.5509,4.1075,-8.1718,52.3634,185.7037,26.7624
26.94,1.662,4.7202,-8.927,49.4213,184.7499,26.4928
26.96,1.7514,5.25,-9.5595,46.8464,184.1257,26.233
26.98,1.8227,5.6597,-10.049,44.5816,183.3916,25.9899
27,1.8801,5.9253,-10.3917,42.9615,182.8498,25.7672
27.02,1.9441,6.0687,-10.5727,42.0578,182.2708,25.6147
27.04,1.9509,5.9588,-10.4349,42.6953,182.2465,25.7922
27.06,1.9358,5.7036,-10.1327,44.1008,182.4374,26.1535
27.08,1.8941,5.3287,-9.689,46.1602,182.9067,26.4971
27.1,1.8252,4.8767,-9.1323,48.6411,183.6808,26.9583
27.12,1.6068,3.8268,-7.6623,54.7475,186.4858,28.707
27.14,1.4553,3.2694,-6.765,58.1825,188.7357,30.2035
27.16,1.2769,2.7186,-5.7714,61.7251,191.7956,32.4454
27.18,1.081,2.1968,-4.6956,65.2972,195.8635,35.6393
27.2,0.8694,1.7137,-3.5545,68.7541,201.4473,40.2756
27.22,0.4271,0.9298,-1.1444,74.6988,219.9331,56.731
27.24,0.2083,0.6562,0.0837,76.7284,233.6839,69.4315
27.26,-0.0037,0.463,1.2998,77.7893,250.3242,85.1177
27.28,-0.2006,0.3436,2.4844,77.7025,267.5906,101.8668
27.3,-0.3704,0.3079,3.614,76.7124,282.7766,116.5572
27.32,-0.6473,0.4305,5.6429,73.167,303.1046,136.2776
27.34,-0.7627,0.5705,6.5195,71.1533,309.3795,142.3598
27.36,-0.8466,0.737,7.2766,69.3047,313.7704,147.1876
27.38,-0.8994,0.9271,7.9021,67.6228,317.0438,150.6631
27.4,-0.9538,1.1212,8.4017,66.1441,319.3932,152.8495
27.42,-1.0335,1.4219,9.005,64.1388,321.8224,154.7725
27.44,-1.0498,1.4986,9.1027,63.6961,322.177,154.8754
27.46,-1.0579,1.4965,9.0687,63.6614,321.9463,154.3585
27.48,-1.0778,1.4474,8.9377,63.9314,321.1936,153.3943
27.5,-1.071,1.3251,8.6415,64.6967,319.8256,151.7778
27.52,-1.0217,0.9824,7.7237,67.2544,315.259,147.2908
27.54,-0.9662,0.7899,7.0893,69.0534,311.7209,144.2988
27.56,-0.8657,0.6318,6.3326,71.1232,307.0822,140.6326
27.58,-0.7393,0.5215,5.4485,73.4167,300.4003,135.1778
27.6,-0.5961,0.4648,4.4454,75.656,290.551,126.4625
27.62,-0.2541,0.5036,2.1343,78.1842,258.3528,96.0723
27.64,-0.0695,0.6136,0.8733,77.6424,238.6413,77.204
27.66,0.1223,0.7851,-0.4381,75.688,221.6876,60.8612
27.68,0.3154,1.035,-1.7575,72.7254,209.4571,49.3755
27.7,0.5217,1.3752,-3.0628,69.1532,200.8031,41.8002
27.72,0.9373,2.3493,-5.491,61.5097,190.4678,33.5572
27.74,1.1324,2.9476,-6.5622,57.8442,187.4825,31.3999
27.76,1.3215,3.582,-7.5249,54.4872,185.5786,30.1462
27.78,1.4976,4.219,-8.3655,51.3019,184.1261,29.4371
27.8,1.6559,4.8113,-9.0917,48.4797,183.1951,28.8836
27.82,1.9112,5.7105,-10.169,43.8022,181.8611,27.4305
27.84,2.0098,5.9723,-10.5036,42.2392,181.3951,26.4287
27.86,2.0965,6.1204,-10.689,41.3629,181.0269,25.4727
27.88,2.1705,6.1531,-10.7231,41.1668,180.7658,24.8123
27.9,2.2322,6.0814,-10.626,41.5894,180.5584,24.5208
27.92,2.3208,5.5806,-10.052,44.2061,180.3696,24.6689
27.94,2.3299,5.1956,-9.6193,46.1794,180.5188,24.7409
27.96,2.3151,4.7414,-9.0931,48.5007,180.855,24.9994
27.98,2.2757,4.2367,-8.4793,51.1275,181.4455,25.4076
28,2.2041,3.6981,-7.7751,54.0368,182.3787,25.9832
28.02,1.9645,2.584,-6.1176,60.4941,185.871,28.1867
28.04,1.7975,2.0458,-5.176,63.8724,188.6551,30.105
28.06,1.6029,1.5412,-4.1738,67.2467,192.771,33.1052
28.08,1.3801,1.0912,-3.1204,70.4228,198.113,37.1889
28.1,1.1423,0.6991,-2.0363,73.3896,205.3801,43.2317
28.12,0.6421,0.1091,0.1642,77.7996,228.5617,64.8863
28.14,0.3922,-0.0796,1.2413,78.8429,244.4476,80.3431
28.16,0.1416,-0.1928,2.2805,78.9129,261.0396,96.6307
28.18,-0.0954,-0.2176,3.2626,78.1514,276.0532,111.2947
28.2,-0.3294,-0.1669,4.1766,76.7694,287.7135,122.5199
28.22,-0.7642,0.1221,5.7525,73.153,302.5484,136.269
28.24,-0.9646,0.3106,6.3968,71.2843,306.7043,140.0488
28.26,-1.1589,0.5213,6.9429,69.4873,309.7754,142.1832
28.28,-1.3382,0.7148,7.3826,67.8421,311.7307,143.3104
28.3,-1.4969,0.8876,7.7208,66.4672,312.968,143.9594
28.32,-1.7624,1.1321,8.0661,64.6525,313.6562,143.9135
28.34,-1.8582,1.2002,8.0676,64.2458,313.3037,143.2727
28.36,-1.9309,1.2188,7.9744,64.2258,312.5317,142.417
28.38,-1.9815,1.2019,7.7638,64.5237,311.3975,141.3301
28.4,-2.0045,1.1378,7.4203,65.2625,309.4125,139.4853
28.42,-1.9748,0.9255,6.4332,67.421,303.5019,133.4356
28.44,-1.9281,0.8081,5.7766,68.9456,298.7452,128.2343
28.46,-1.8391,0.6903,5.0128,70.4838,292.772,122.0534
28.48,-1.7043,0.5904,4.1503,71.9666,284.9731,114.4661
28.5,-1.5312,0.5283,3.2024,73.2419,274.9885,104.776
28.52,-1.0734,0.5573,1.1123,74.1825,250.6586,81.1867
28.54,-0.7872,0.6614,0.0005,73.5896,237.2272,68.5569
28.56,-0.4762,0.8394,-1.132,72.2374,225.028,57.1131
28.58,-0.142,1.0992,-2.264,70.2299,214.5974,47.5015
28.6,0.1981,1.4244,-3.3789,67.6902,206.1546,39.8757
28.62,0.878,2.2849,-5.4585,61.8645,194.2846,29.8553
28.64,1.2057,2.7934,-6.3922,58.83,190.2332,26.824
28.66,1.5132,3.3208,-7.2385,55.9171,187.248,24.9046
28.68,1.7989,3.8528,-7.9939,53.2391,185.0497,23.6429
28.7,2.0476,4.3566,-8.6488,50.7308,183.3818,22.7897
28.72,2.4364,5.1905,-9.6363,46.6272,181.0974,21.374
28.74,2.5771,5.4653,-9.9515,45.2761,180.3841,20.8042
28.76,2.686,5.6222,-10.1333,44.3948,179.78,20.5224
28.78,2.7568,5.6608,-10.1752,44.1735,179.3906,20.4225
28.8,2.7864,5.5886,-10.0893,44.5738,179.2592,20.462
28.82,2.7202,5.1066,-9.5134,47.2285,179.7828,20.981
28.84,2.6188,4.7333,-9.0591,49.2331,180.5318,21.5953
28.86,2.4735,4.3015,-8.4993,51.5952,181.6203,22.525
28.88,2.2847,3.8182,-7.8455,54.2182,183.1851,23.8375
28.9,2.0545,3.3116,-7.0989,57.0708,185.2881,25.5292
28.92,1.4806,2.2959,-5.3506,63.1838,191.9616,30.633
28.94,1.1515,1.8278,-4.3641,66.2814,197.0516,34.5639
28.96,0.8084,1.4034,-3.3217,69.1886,203.6894,40.0417
28.98,0.4636,1.0293,-2.2454,71.7336,212.3113,47.4228
29,0.1148,0.7284,-1.1335,73.8033,223.15,57.0282
29.02,-0.5279,0.3519,1.0928,75.7043,250.1817,82.5011
29.04,-0.7999,0.2903,2.1733,75.5002,263.9344,95.9183
29.06,-1.0361,0.291,3.2036,74.6374,276.1098,107.9448
29.08,-1.2465,0.3514,4.1812,73.2949,286.2014,117.8801
29.1,-1.4128,0.468,5.0826,71.7342,294.3064,125.8722
29.12,-1.6468,0.759,6.6214,68.5556,305.291,137.1486
29.14,-1.7205,0.9261,7.2394,67.1205,308.9445,141.0841
29.16,-1.7615,1.1048,7.7363,65.8579,311.8307,143.9415
29.18,-1.77,1.2644,8.107,64.8599,313.9089,145.9382
29.2,-1.7638,1.3899,8.3547,64.1586,315.2732,147.1884
29.22,-1.7122,1.5104,8.4944,63.6665,316.3381,147.8472
29.24,-1.6701,1.4738,8.387,63.9243,316.011,147.1776
29.26,-1.6109,1.3837,8.1447,64.5863,315.0572,145.8433
29.28,-1.529,1.2496,7.7672,65.6526,313.4259,143.9693
29.3,-1.4424,1.0728,7.2676,67.0273,310.8285,141.1938
29.32,-1.2054,0.6937,5.884,70.4935,302.275,132.282
29.34,-1.0596,0.5234,5.0104,72.3726,295.4041,125.3653
29.36,-0.8918,0.3901,4.0226,74.184,285.6934,115.792
29.38,-0.7012,0.3235,2.9462,75.5196,273.1975,103.7274
29.4,-0.4999,0.3323,1.7965,76.103,257.7782,88.954
29.42,-0.0645,0.5992,-0.6579,74.0876,227.2248,59.602
29.44,0.1551,0.876,-1.913,71.6803,215.6331,48.6927
29.46,0.3722,1.2412,-3.1545,68.6562,206.8853,40.7385
29.48,0.5783,1.6963,-4.3534,65.2733,200.4721,35.1881
29.5,0.778,2.2245,-5.4964,61.7201,195.7674,31.3958
29.52,1.1205,3.4107,-7.5277,54.754,189.9224,27.4958
29.54,1.2635,4.0304,-8.3944,51.4895,188.1193,26.6611
29.56,1.3802,4.6347,-9.1479,48.4961,186.8696,26.1686
29.58,1.476,5.1946,-9.7889,45.8603,186.0559,25.8983
29.6,1.5478,5.6756,-10.3057,43.5473,185.4162,25.7104
29.62,1.6295,6.2644,-10.9333,40.4694,184.6132,25.5118
29.64,1.6432,6.3375,-11.0189,40.0549,184.5128,25.7141
29.66,1.6367,6.2699,-10.9482,40.4294,184.6027,25.994
29.68,1.6083,6.0791,-10.7407,41.4768,184.8903,26.3013
29.7,1.5455,5.7084,-10.3322,43.467,185.5393,26.7532
29.72,1.3486,4.7559,-9.1846,48.5748,187.6641,28.273
29.74,1.2131,4.1989,-8.43,51.6324,189.3048,29.6035
29.76,1.0529,3.6203,-7.5676,54.928,191.4891,31.2204
29.78,0.8689,3.0393,-6.603,58.3601,194.3827,33.457
29.8,0.6679,2.4736,-5.5501,61.8273,198.2666,36.6376
29.82,0.2163,1.4709,-3.2296,68.4636,210.5467,46.6559
29.84,-0.0203,1.0596,-2.0013,71.2396,219.7907,54.4159
29.86,-0.2584,0.7251,-0.7463,73.3594,231.8527,65.0075
29.88,-0.4834,0.4815,0.5066,74.5765,246.1124,77.7759
29.9,-0.6982,0.3356,1.7476,74.8298,261.0524,91.4628
29.92,-1.0377,0.2943,4.0785,72.9183,286.4964,115.3299
29.94,-1.1683,0.3885,5.1385,71.2242,295.7864,123.9535
29.96,-1.2731,0.54,6.1065,69.2979,303.0658,130.6043
29.98,-1.3491,0.7306,6.9682,67.355,308.5587,135.7059
30,-1.4052,0.9408,7.722,65.5292,312.7752,139.8609
30.02,-1.4664,1.3853,8.8706,62.4081,318.5415,144.9597
30.04,-1.4791,1.5624,9.2633,61.2967,320.2945,146.589
30.06,-1.4594,1.698,9.5247,60.5073,321.6251,147.9006
30.08,-1.4707,1.7987,9.6819,60.0326,322.3103,148.8218
30.1,-1.4657,1.8354,9.7024,59.9458,322.4957,149.1895
30.12,-1.439,1.7591,9.3938,60.7975,321.5874,148.3654
30.14,-1.4193,1.6145,9.0259,61.9042,320.1319,146.9314
30.16,-1.4045,1.4403,8.5754,63.2014,318.1631,145.0297
30.18,-1.3644,1.2208,7.9976,64.8291,315.4361,142.3272
30.2,-1.3132,0.9914,7.3166,66.6831,311.8365,138.8754
30.22,-1.1179,0.5855,5.6336,71.0409,300.7796,128.5118
30.24,-0.9668,0.4466,4.6411,73.1024,292.3419,120.7152
30.26,-0.7951,0.3662,3.565,74.7827,281.4065,110.409
30.28,-0.6091,0.3498,2.4101,75.8289,267.5186,96.9715
30.3,-0.3982,0.4159,1.1883,75.9745,251.22,81.0647
30.32,0.0373,0.8013,-1.375,72.8656,222.1532,52.6983
30.34,0.2656,1.1426,-2.6785,70.0325,211.8626,42.8742
30.36,0.4895,1.574,-3.9675,66.6686,204.2153,35.7021
30.38,0.7051,2.0951,-5.223,63.0453,198.7638,30.4635
30.4,0.9069,2.6994,-6.4127,59.1772,194.4564,26.6452
30.42,1.2596,4.053,-8.5461,51.4804,188.8759,22.4083
30.44,1.4009,4.7601,-9.4576,47.7724,187.0694,21.4006
30.46,1.5167,5.4531,-10.2447,44.3538,185.8206,21.0083
30.48,1.6023,6.09,-10.8999,41.4851,185.2015,20.7812
30.5,1.6597,6.6308,-11.4126,39.0981,184.8544,20.5361
30.52,1.7107,7.2713,-11.9817,36.137,184.5874,20.589
30.54,1.7111,7.3382,-12.0243,35.773,184.6024,20.8869
30.56,1.6953,7.2376,-11.9281,36.2849,184.8358,21.1068
30.58,1.6665,6.989,-11.7034,37.4999,185.1853,21.3904
30.6,1.6207,6.5644,-11.3113,39.5368,185.6798,21.955
30.62,1.4929,5.5054,-10.2445,44.6101,187.0999,23.9128
30.64,1.3979,4.8892,-9.5577,47.6473,188.2407,25.0644
30.66,1.2769,4.2443,-8.7638,50.9466,189.7733,26.4245
30.68,1.1363,3.5881,-7.8709,54.4461,191.866,28.2259
30.7,0.974,2.9427,-6.8791,58.0512,194.6952,30.6748
30.72,0.591,1.7661,-4.6532,65.2099,203.8786,38.0027
30.74,0.3704,1.2705,-3.4464,68.4913,210.8036,43.1987
30.76,0.1483,0.8505,-2.2012,71.3202,219.935,50.6776
30.78,-0.0672,0.5182,-0.9368,73.4906,231.4264,61.0222
30.8,-0.2606,0.2765,0.318,74.8363,245.009,73.6987
30.82,-0.6146,0.0457,2.7364,74.7546,273.7517,100.8899
30.84,-0.7502,0.0502,3.8588,73.606,285.605,112.4194
30.86,-0.8452,0.12,4.8966,72.0701,295.1292,121.716
30.88,-0.9334,0.2322,5.851,70.3345,302.6433,129.0148
30.9,-0.9776,0.3915,6.7043,68.5635,308.5335,135.0084
30.92,-0.9942,0.7393,8.072,65.461,316.662,143.7242
30.94,-0.9649,0.913,8.5708,64.2475,319.418,146.9949
30.96,-0.944,1.0677,8.9439,63.3362,321.2927,149.3137
30.98,-0.9002,1.2068,9.1709,62.7255,322.6964,150.9683
31,-0.8638,1.301,9.2608,62.4613,323.4096,151.75
31.02,-0.8004,1.3162,9.0611,63.0088,323.11,151.3229
31.04,-0.7718,1.2256,8.7363,63.8729,321.9221,149.9704
31.06,-0.7441,1.0673,8.2969,65.1035,319.9968,147.8497
31.08,-0.7027,0.8789,7.7305,66.6309,317.3195,145.1357
31.1,-0.6589,0.6703,7.0377,68.429,313.5495,141.3625
31.12,-0.5366,0.2779,5.2388,72.4312,300.7885,128.3801
31.14,-0.446,0.1703,4.1532,74.2698,290.769,118.4129
31.16,-0.327,0.1371,2.9567,75.6819,277.2015,105.1116
31.18,-0.1979,0.1999,1.6807,76.1708,261.1764,89.4603
31.2,-0.0526,0.3533,0.3366,75.5543,243.9212,72.6429
31.22,0.2559,0.9563,-2.4259,70.9739,217.0576,46.7698
31.24,0.4214,1.4007,-3.7917,67.5778,208.1318,38.7351
31.26,0.5831,1.9398,-5.1071,63.7171,201.5288,33.1635
31.28,0.7368,2.5621,-6.3423,59.6412,196.6384,29.4508
31.3,0.8821,3.2456,-7.4808,55.5515,193.0661,27.1099
31.32,1.1275,4.6916,-9.4097,48.0375,188.8658,24.9898
31.34,1.2193,5.3916,-10.1932,44.687,187.7137,24.3003
31.36,1.2901,6.0219,-10.8541,41.7187,186.9875,23.6139
31.38,1.3432,6.5418,-11.3775,39.193,186.4633,23.0474
31.4,1.38,6.9239,-11.7514,37.3065,186.1949,22.6346
31.42,1.3862,7.2197,-12.0286,35.8633,186.2581,21.7511
31.44,1.3639,7.1272,-11.9445,36.3309,186.5422,21.6495
31.46,1.3273,6.8875,-11.7253,37.4995,186.9803,22.0002
31.48,1.2618,6.4598,-11.3212,39.6026,187.6813,22.5936
31.5,1.1758,5.9528,-10.8161,42.0799,188.5797,23.2228
31.52,0.936,4.7176,-9.438,48.1843,191.3608,25.4938
31.54,0.7847,4.0403,-8.575,51.6499,193.4357,27.263
31.56,0.6133,3.3535,-7.6013,55.2477,196.1482,29.7045
31.58,0.4229,2.6853,-6.5253,58.9048,199.7527,32.8286
31.6,0.214,2.0587,-5.3622,62.5421,204.6338,36.7516
31.62,-0.2402,1.0031,-2.8364,68.991,219.8222,48.9275
31.64,-0.4661,0.6091,-1.511,71.3746,230.7211,58.2804
31.66,-0.6749,0.3211,-0.1756,72.9728,243.6548,69.9037
31.68,-0.8622,0.1319,1.1432,73.5614,257.689,82.9975
31.7,-1.0328,0.0336,2.4209,73.2263,271.3541,95.7715
31.72,-1.2623,0.1178,4.7677,70.6093,293.2559,116.2655
31.74,-1.3409,0.2585,5.8021,68.7847,300.9875,123.3946
31.76,-1.3933,0.4462,6.731,66.8941,306.9481,129.0977
31.78,-1.408,0.6624,7.5352,65.0901,311.5952,133.629
31.8,-1.4114,0.8804,8.2105,63.4689,315.0944,137.2201
31.82,-1.362,1.2978,9.1448,61.0373,319.7586,142.2394
31.84,-1.3264,1.4567,9.404,60.3223,321.1132,143.845
31.86,-1.2882,1.5493,9.5135,60.0153,321.8054,144.7971
31.88,-1.2552,1.5923,9.4952,60.0661,322.0167,145.2363
31.9,-1.2275,1.5596,9.3535,60.4757,321.6389,145.0079
31.92,-1.1834,1.3246,8.6391,62.4875,318.9876,142.6741
31.94,-1.1623,1.1341,8.1021,63.9411,316.5986,140.3417
31.96,-1.1409,0.917,7.4334,65.6276,313.2309,136.8566
31.98,-1.12,0.6982,6.6409,67.4758,308.5688,132.1185
32,-1.0857,0.5081,5.7259,69.3875,302.3919,126.0967
32.02,-0.9452,0.2832,3.5558,72.7594,283.7189,108.2595
32.04,-0.8375,0.2757,2.3256,73.7434,270.7701,95.9585
32.06,-0.7176,0.3583,1.0315,73.8682,256.2128,82.0847
32.08,-0.577,0.5308,-0.3148,72.9862,241.3863,68.0373
32.1,-0.4189,0.799,-1.6875,71.0705,228.2014,55.7863
32.12,-0.0892,1.642,-4.3931,64.9893,209.6104,39.2783
32.14,0.075,2.2026,-5.676,61.2372,203.3415,34.0582
32.16,0.2363,2.8325,-6.8769,57.2622,198.5647,30.631
32.18,0.3928,3.5154,-7.981,53.2824,195.0368,28.5006
32.2,0.5311,4.2267,-8.9708,49.5073,192.557,27.0513
32.22,0.7649,5.6203,-10.578,42.7582,189.4668,25.6134
32.24,0.8582,6.2428,-11.1806,40.0027,188.625,25.3566
32.26,0.9324,6.7648,-11.6463,37.6626,187.989,25.1498
32.28,0.9836,7.1458,-11.9787,35.9648,187.649,24.7565
32.3,1.0147,7.3597,-12.1813,34.9009,187.4326,24.2253
32.32,1.0354,7.3133,-12.1689,35.0098,187.4734,24.1035
32.34,1.0265,7.0919,-11.9809,36.0294,187.6707,24.3397
32.36,0.9988,6.7008,-11.6434,37.8066,188.0061,24.7879
32.38,0.9525,6.2383,-11.2384,39.888,188.5237,25.2454
32.4,0.8818,5.6994,-10.7499,42.3086,189.2664,25.5974
32.42,0.6613,4.4866,-9.5218,47.9041,191.5474,26.086
32.44,0.5118,3.8673,-8.7836,50.8229,193.0721,26.4767
32.46,0.3553,3.2732,-7.9749,53.7972,195.0608,27.871
32.48,0.1855,2.7166,-7.1124,56.7822,197.7552,30.0733
32.5,0.0007,2.2315,-6.2109,59.6817,201.304,32.6849
32.52,-0.3936,1.4753,-4.3183,64.8514,211.0669,40.3244
32.54,-0.5743,1.1852,-3.3489,67.016,217.3718,45.8889
32.56,-0.7432,0.9213,-2.3774,68.813,224.5602,52.562
32.58,-0.8873,0.6906,-1.4062,70.2984,232.4229,60.2151
32.6,-0.9989,0.4874,-0.451,71.4548,240.8555,68.4441
32.62,-1.1251,0.2007,1.4115,72.9188,258.4123,86.1593
32.64,-1.1414,0.1294,2.3036,73.2433,267.3552,95.3192
32.66,-1.1239,0.0959,3.151,73.2904,275.9811,104.1698
32.68,-1.0796,0.1101,3.9559,73.0684,284.3407,112.7345
32.7,-1.0332,0.1374,4.7058,72.5751,291.8036,120.2713
32.72,-0.88,0.2696,5.9837,71.0339,303.9921,132.2113
32.74,-0.7946,0.368,6.4841,70.2036,308.4174,136.3218
32.76,-0.7218,0.4704,6.8756,69.4652,311.5625,139.1011
32.78,-0.6329,0.5619,7.1385,68.9121,313.7639,140.8426
32.8,-0.5722,0.6286,7.2918,68.5814,314.9548,141.6543
32.82,-0.45,0.666,7.2302,68.7502,315.2225,141.1809
32.84,-0.3914,0.626,7.0145,69.339,314.227,139.8072
32.86,-0.3198,0.5548,6.6515,70.3106,312.3606,137.6906
32.88,-0.2564,0.4637,6.1873,71.516,309.5271,134.8269
32.9,-0.1725,0.361,5.5936,72.9803,305.3334,130.7303
32.92,-0.0015,0.2109,4.0815,76.046,291.0513,116.9971
32.94,0.0891,0.1907,3.1682,77.2288,279.8768,106.0461
32.96,0.1721,0.2268,2.1782,77.7928,266.1529,92.4893
32.98,0.263,0.3369,1.1165,77.5826,251.0855,77.5056
33,0.3521,0.5209,-0.0019,76.4662,236.8227,63.2766
33.02,0.5198,1.1141,-2.3132,72.1052,215.7114,42.351
33.04,0.6069,1.5089,-3.4699,69.2186,208.6428,35.5684
33.06,0.684,1.9597,-4.5868,66.1235,203.4573,30.6548
33.08,0.748,2.4478,-5.6413,62.9341,199.6429,27.0601
33.1,0.8,2.9545,-6.6028,59.8645,196.9214,24.4585
33.12,0.8533,3.8483,-8.1409,54.6085,193.6184,21.3255
33.14,0.8546,4.1735,-8.6672,52.7565,192.7264,20.2429
33.16,0.838,4.3804,-9.0115,51.5014,192.4441,19.5316
33.18,0.8073,4.4624,-9.1798,50.9029,192.7487,19.2781
33.2,0.7684,4.4378,-9.1921,50.8843,193.1411,19.3776
33.22,0.6804,4.193,-8.8917,51.8674,194.1611,20.5208
33.24,0.627,4.0019,-8.6206,52.8082,194.7442,21.1639
33.26,0.5805,3.8162,-8.3326,53.7875,195.2481,21.9803
33.28,0.5332,3.6354,-8.0374,54.7249,195.7177,22.9084
33.3,0.4804,3.4703,-7.7535,55.5317,196.1207,23.8792
33.32,0.3575,3.2299,-7.2761,56.9658,197.3448,25.7845
33.34,0.2918,3.1504,-7.0936,57.4952,198.0633,26.659
33.36,0.2211,3.0865,-6.9346,57.9433,198.8161,27.4996
33.38,0.1548,3.0225,-6.7832,58.3788,199.6121,28.4623
33.4,0.1003,2.9432,-6.617,58.8742,200.3937,29.7557
33.42,0.0404,2.7055,-6.1554,60.5588,202.4229,33.9114
33.44,0.0352,2.5621,-5.8242,61.6937,203.5213,36.4636
33.46,0.0438,2.4004,-5.4097,63.0118,204.5667,39.3289
33.48,0.0668,2.2132,-4.9047,64.5832,205.76,42.925
33.5,0.0923,1.9899,-4.3195,66.3414,207.3531,46.9193
33.52,0.0852,1.4785,-2.9251,70.115,212.674,54.4511
33.54,0.049,1.206,-2.1174,72.0805,217.2038,59.4118
33.56,0.0129,0.9653,-1.2518,74.0185,223.5075,65.8292
33.58,-0.0314,0.7625,-0.3421,75.7433,231.9513,74.1585
33.6,-0.0735,0.5912,0.5891,77.0468,242.5919,84.5628
33.62,-0.1543,0.363,2.4557,77.9716,268.7211,109.2954
33.64,-0.1721,0.3111,3.3578,77.5649,281.541,121.2803
33.66,-0.1721,0.3023,4.2236,76.726,292.9831,131.8393
33.68,-0.1526,0.3243,5.0388,75.6211,302.2647,140.428
33.7,-0.104,0.3723,5.793,74.4818,310.1213,147.941
33.72,0.0248,0.5043,7.0988,72.1133,321.4305,159.4031
33.74,0.1373,0.5927,7.6116,71.1536,325.7873,164.0682
33.76,0.2298,0.6803,8.0461,70.2428,329.1238,167.7836
33.78,0.3449,0.76,8.3716,69.5377,331.7519,170.7399
33.8,0.4284,0.821,8.6009,69.0358,333.57,172.7849
33.82,0.6016,0.8751,8.7181,68.8203,335.3939,174.5157
33.84,0.6477,0.8545,8.6369,69.0885,335.3066,174.1766
33.86,0.7025,0.8078,8.4287,69.6823,334.7803,173.1165
33.88,0.7625,0.7451,8.1065,70.5727,333.8129,171.4317
33.9,0.8339,0.6619,7.685,71.744,332.2603,169.1532
33.92,0.9647,0.4762,6.5413,74.8117,327.0666,162.153
33.94,1.0411,0.3971,5.8018,76.6852,322.5987,156.9192
33.96,1.1102,0.3014,4.9601,78.7517,315.0656,148.9784
33.98,1.2018,0.2526,4.0217,80.7706,303.6783,137.5897
34,1.2877,0.2359,3.0025,82.4179,285.0108,119.1217
34.02,1.4877,0.41,0.7929,82.0765,233.0278,68.2448
34.04,1.5771,0.6081,-0.3488,79.9078,214.961,50.9411
34.06,1.6558,0.8901,-1.488,77.1459,204.097,40.5044
34.08,1.7033,1.2255,-2.5865,74.1136,197.7181,34.3767
34.1,1.7298,1.5911,-3.6323,71.0013,193.9542,30.8204
34.12,1.7135,2.3652,-5.4533,65.1724,190.3097,27.3118
34.14,1.6737,2.7214,-6.1861,62.7071,189.5451,26.3797
34.16,1.6138,3.0133,-6.7796,60.649,189.0063,25.5971
34.18,1.5475,3.2304,-7.2247,59.0236,188.9256,25.3318
34.2,1.4762,3.3794,-7.5195,57.8897,189.0308,25.2772
34.22,1.3314,3.4633,-7.7069,57.0577,189.6813,25.61
34.24,1.2652,3.4128,-7.6375,57.1444,190.0717,26.2101
34.26,1.1995,3.3251,-7.4875,57.5627,190.5486,26.932
34.28,1.1297,3.205,-7.2587,58.2016,191.0304,27.7922
34.3,1.0715,3.0907,-7.0273,58.8544,191.5394,28.5812
34.32,0.9635,2.8952,-6.6063,59.9406,192.4889,30.177
34.34,0.9203,2.8367,-6.4568,60.3781,192.891,30.8281
34.36,0.8855,2.8067,-6.3659,60.5196,192.9829,31.3163
34.38,0.8547,2.8085,-6.3412,60.5395,193.0335,31.5588
34.4,0.8323,2.8369,-6.3784,60.3759,193.0105,31.6536
34.42,0.7834,2.951,-6.6039,59.5543,192.7428,31.532
34.44,0.7594,3.0207,-6.7629,59.0003,192.6551,31.3841
34.46,0.7357,3.0955,-6.9265,58.4613,192.6003,31.2659
34.48,0.7081,3.1613,-7.0817,57.9415,192.616,31.2136
34.5,0.6779,3.2198,-7.2143,57.4801,192.6729,31.2045
34.52,0.6155,3.3077,-7.3941,56.8264,192.8241,31.3454
34.54,0.5868,3.3329,-7.4363,56.6454,192.8971,31.5756
34.56,0.5642,3.3443,-7.452,56.5685,192.9512,31.7701
34.58,0.538,3.3385,-7.4393,56.578,193.0411,32
34.6,0.5123,3.3228,-7.4053,56.6752,193.1661,32.2863
34.62,0.4553,3.2604,-7.2858,57.0258,193.5894,32.9743
34.64,0.4258,3.2203,-7.2187,57.2211,193.8638,33.2766
34.66,0.3965,3.1858,-7.1516,57.4435,194.1753,33.5399
34.68,0.3688,3.1529,-7.092,57.6159,194.4648,33.7864
34.7,0.3471,3.1288,-7.0428,57.7582,194.6808,34.0296
34.72,0.3126,3.113,-7.0018,57.8549,194.9344,34.2794
34.74,0.3017,3.1254,-7.0191,57.7687,194.9273,34.269
34.76,0.2966,3.1549,-7.0697,57.5702,194.8341,34.1956
34.78,0.2991,3.2023,-7.1553,57.2511,194.5745,34.0673
34.8,0.3126,3.2636,-7.2723,56.8364,194.1918,33.8258
34.82,0.355,3.4114,-7.5978,55.6013,193.1362,33.3025
34.84,0.384,3.4958,-7.7997,54.8136,192.499,33.168
34.86,0.4131,3.5866,-8.0053,54.0211,191.8708,33.2734
34.88,0.4328,3.6742,-8.1904,53.2872,191.3555,33.7253
34.9,0.4368,3.7492,-8.3314,52.8656,191.332,34.5128
34.92,0.4148,3.8038,-8.3232,53.1666,191.854,37.7406
34.94,0.3827,3.7567,-8.1039,54.1376,192.4982,39.8722
34.96,0.3358,3.6068,-7.6661,55.6993,193.1749,42.6441
34.98,0.2579,3.342,-7.0638,57.9113,194.5306,44.9313
35,0.1517,2.9573,-6.2676,60.715,196.6988,47.4616
35.02,-0.0992,2.0703,-4.1131,67.4653,205.3201,55.7357
35.04,-0.2211,1.6863,-2.8077,70.9205,212.8239,62.7911
35.06,-0.3353,1.3683,-1.4069,74.1156,223.4061,72.8425
35.08,-0.4281,1.1131,0.0361,76.5783,238.3727,87.2142
35.1,-0.5122,0.9293,1.4856,77.8622,257.7398,105.5046
35.12,-0.5875,0.7588,4.2568,76.3505,295.6954,140.7834
35.14,-0.5892,0.7855,5.5344,74.2184,308.7237,152.2842
35.16,-0.5514,0.8955,6.7058,71.7697,317.9904,160.3522
35.18,-0.5195,1.0919,7.7603,69.2418,324.4775,166.0629
35.2,-0.43,1.3859,8.6263,66.7771,329.1133,169.9167
35.22,-0.379,1.9759,9.7762,62.9074,332.6294,170.5377
35.24,-0.3856,2.1964,10.0433,61.8561,332.8342,169.0816
35.26,-0.3801,2.3616,10.1307,61.3602,332.6654,167.4993
35.28,-0.3568,2.3924,10.0567,61.4254,332.0774,165.6518
35.3,-0.3466,2.3215,9.8731,61.9068,331.278,163.8293
35.32,-0.2977,1.8072,9.0285,64.4505,328.5077,160.2415
35.34,-0.2422,1.4604,8.3919,66.4097,326.0854,157.6531
35.36,-0.1879,1.1219,7.6172,68.6654,322.5649,153.8993
35.38,-0.1553,0.8212,6.7146,71.091,317.2467,148.3483
35.4,-0.1075,0.5766,5.677,73.5434,309.5472,140.2509
35.42,0.0119,0.3327,3.315,77.3635,283.5866,113.8452
35.44,0.1031,0.3363,2.0237,78.0151,264.968,95.3604
35.46,0.2031,0.4161,0.6744,77.3232,245.4703,76.0069
35.48,0.313,0.586,-0.7173,75.3723,228.9322,59.5531
35.5,0.4092,0.8527,-2.1109,72.4826,216.8749,47.5576
35.52,0.6316,1.7319,-4.8289,65.2652,202.1063,33.4128
35.54,0.7361,2.3132,-6.1088,61.2519,197.683,29.227
35.56,0.8235,2.9535,-7.3163,57.136,194.463,26.0164
35.58,0.8917,3.6276,-8.4389,53.1176,192.2421,23.4783
35.6,0.955,4.3303,-9.4601,49.1788,190.5846,21.604
35.62,1.0533,5.7434,-11.1358,42.0035,188.4211,18.9643
35.64,1.0852,6.4095,-11.7878,38.8884,187.7859,17.7927
35.66,1.1074,7.0099,-12.3383,36.0619,187.3288,16.5566
35.68,1.1223,7.5305,-12.7941,33.6371,187.0302,15.2975
35.7,1.1377,7.9576,-13.1561,31.6061,186.8479,14.3568
35.72,1.1661,8.5107,-13.5607,29.1625,186.7168,13.3541
35.74,1.1845,8.6173,-13.612,28.763,186.6936,13.3817
35.76,1.2037,8.6007,-13.5826,28.8442,186.6415,13.576
35.78,1.2221,8.4741,-13.4932,29.3455,186.5881,13.8346
35.8,1.241,8.1981,-13.3173,30.4078,186.5225,14.3442
35.82,1.2437,7.381,-12.7828,33.6026,186.6012,15.6189
35.84,1.212,6.8607,-12.4134,35.7481,186.8758,16.0561
35.86,1.1549,6.2959,-11.9755,38.0194,187.2185,16.5525
35.88,1.079,5.7186,-11.4789,40.4137,187.7538,17.4014
35.9,0.9915,5.1525,-10.9364,42.842,188.4174,18.8001
35.92,0.78,4.1314,-9.7545,47.7375,190.2552,22.3114
35.94,0.653,3.6961,-9.1354,50.1111,191.4442,24.1406
35.96,0.504,3.3092,-8.5046,52.431,192.9974,25.729
35.98,0.3363,2.956,-7.8559,54.7495,195.0726,27.2753
36,0.1645,2.6173,-7.1721,57.077,197.5292,29.5188
36.02,-0.1626,1.9509,-5.6791,61.5702,203.8065,37.123
36.04,-0.3304,1.6453,-4.8597,63.7736,207.892,41.5897
36.06,-0.4921,1.3647,-3.9956,65.9266,212.7838,46.4521
36.08,-0.6471,1.1116,-3.0866,67.9597,218.5487,52.0949
36.1,-0.7766,0.8889,-2.1474,69.8207,225.1467,58.6741
36.12,-0.9876,0.5285,-0.2207,72.6497,241.6668,75.131
36.14,-1.0664,0.4044,0.7396,73.5202,251.3236,84.4535
36.16,-1.1248,0.3168,1.6824,73.947,261.2799,93.9854
36.18,-1.1552,0.2817,2.5978,73.9903,271.1683,103.654
36.2,-1.1677,0.2822,3.4703,73.653,280.3216,112.7638
36.22,-1.1103,0.3921,5.0473,72.2739,296.0058,128.2479
36.24,-1.061,0.4773,5.7372,71.3437,302.2234,134.2645
36.26,-1.0068,0.5737,6.3506,70.3768,307.3039,139.1521
36.28,-0.9443,0.6675,6.8768,69.467,311.3579,143.1468
36.3,-0.882,0.7718,7.3124,68.6509,314.5494,146.356
36.32,-0.7466,0.9419,7.8545,67.5199,318.6202,149.9315
36.34,-0.6666,1.0136,7.9583,67.2633,319.8054,150.6264
36.36,-0.5925,1.0371,7.9418,67.3222,320.2732,150.5886
36.38,-0.5253,1.028,7.8197,67.6647,320.1202,150.0492
36.4,-0.4347,0.9713,7.5475,68.4449,319.2551,148.8992
36.42,-0.2444,0.7314,6.6433,71.0249,314.8493,144.0524
36.44,-0.1315,0.5807,6.0092,72.7154,310.9749,139.9093
36.46,-0.0115,0.4284,5.2625,74.5821,305.2384,133.9964
36.48,0.1203,0.2974,4.4014,76.4787,296.791,125.5606
36.5,0.2865,0.2103,3.4184,78.1816,284.6166,113.5088
36.52,0.646,0.2526,1.1729,79.1949,248.5125,77.4589
36.54,0.83,0.3964,-0.0508,77.9169,230.5335,59.3976
36.56,1.0183,0.623,-1.3136,75.6092,216.4656,45.4395
36.58,1.205,0.9374,-2.5889,72.5914,206.448,35.6897
36.6,1.3734,1.3364,-3.8492,69.1411,199.5397,28.9295
36.62,1.658,2.3385,-6.2322,61.7096,191.4356,20.9249
36.64,1.7727,2.9316,-7.293,58.0073,189.0024,19.0692
36.66,1.8662,3.5594,-8.2468,54.4188,187.2642,18.099
36.68,1.9296,4.2017,-9.0833,51.0911,186.0846,17.4336
36.7,1.9622,4.8204,-9.8101,48.0745,185.3655,16.7846
36.72,1.9593,5.8445,-10.9062,43.2984,184.7448,16.5842
36.74,1.9303,6.1914,-11.2561,41.6098,184.6426,16.9082
36.76,1.8782,6.3946,-11.46,40.5939,184.8277,17.2908
36.78,1.8117,6.4401,-11.5068,40.3493,185.0887,17.911
36.8,1.7341,6.3382,-11.4033,40.8552,185.5381,18.67
36.82,1.5021,5.6842,-10.7132,44.2062,187.2758,20.3583
36.84,1.3569,5.2078,-10.1488,46.7331,188.5623,21.4408
36.86,1.1914,4.6639,-9.4473,49.6901,190.2854,22.8705
36.88,1.0085,4.082,-8.6145,52.9989,192.5994,24.7281
36.9,0.8075,3.4835,-7.6599,56.5185,195.5694,27.0277
36.92,0.4032,2.325,-5.428,63.6789,204.2168,34.7042
36.94,0.2106,1.8139,-4.1772,67.1193,210.4824,40.54
36.96,0.0279,1.3752,-2.8617,70.2695,218.7982,48.2829
36.98,-0.1361,1.0071,-1.5111,72.9059,229.6934,58.5446
37,-0.2731,0.7223,-0.1482,74.7842,243.2975,71.8072
37.02,-0.4706,0.4389,2.5177,75.5271,274.994,102.7957
37.04,-0.5257,0.4259,3.763,74.4638,289.013,116.2486
37.06,-0.5652,0.4976,4.9384,72.7475,300.2846,127.0244
37.08,-0.5692,0.6284,6.0019,70.7004,308.7863,135.1796
37.1,-0.5479,0.8185,6.9275,68.5887,314.9524,141.2064
37.12,-0.4853,1.3279,8.2525,65.0652,322.0933,147.6607
37.14,-0.4517,1.5483,8.6224,63.9418,323.7824,148.7897
37.16,-0.4352,1.7095,8.8185,63.3111,324.5242,149.1583
37.18,-0.4051,1.775,8.8431,63.1688,324.6697,148.8964
37.2,-0.3851,1.7481,8.7408,63.4278,324.3854,148.3376
37.22,-0.3175,1.4143,8.1108,65.2905,322.133,146.0964
37.24,-0.2822,1.1475,7.604,66.802,319.9082,144.0364
37.26,-0.2514,0.8629,6.9664,68.5877,316.5108,140.8965
37.28,-0.2046,0.6061,6.1845,70.6025,311.6837,136.3077
37.3,-0.1567,0.4043,5.272,72.7006,304.7814,129.631
37.32,-0.014,0.2105,3.124,76.2806,282.4485,108.0655
37.34,0.0824,0.2218,1.9289,77.1348,266.3495,92.7175
37.36,0.1984,0.3111,0.6609,76.8836,248.7114,75.7559
37.38,0.3109,0.5179,-0.644,75.4679,232.4802,60.0797
37.4,0.4229,0.8373,-1.9761,73.0688,220.0563,47.9142
37.42,0.6493,1.8355,-4.5767,66.6078,204.2986,33.0417
37.44,0.7505,2.4503,-5.7973,62.9195,199.5238,28.6989
37.46,0.8455,3.0812,-6.9362,59.1532,196.0612,25.8366
37.48,0.9269,3.6855,-7.9656,55.5494,193.6056,23.6914
37.5,0.9978,4.2336,-8.8398,52.3283,191.8498,22.0864
37.52,1.1078,5.0182,-10.0133,47.8718,189.7,19.2786
37.54,1.1581,5.2171,-10.3142,46.705,189.1796,18.3172
37.56,1.2135,5.2875,-10.4466,46.174,188.803,17.7566
37.58,1.2718,5.257,-10.438,46.1017,188.4261,17.4492
37.6,1.3312,5.1581,-10.338,46.4082,188.1201,17.1944
37.62,1.4757,4.8198,-9.9329,47.8469,187.3358,16.8503
37.64,1.5475,4.65,-9.7127,48.5916,186.8968,17.0081
37.66,1.6147,4.4963,-9.5124,49.2454,186.44,17.2266
37.68,1.6724,4.3828,-9.3514,49.7274,186.0062,17.3282
37.7,1.7151,4.3145,-9.2477,50.0775,185.6949,17.2145
37.72,1.7678,4.3324,-9.2413,49.9218,185.1104,16.9319
37.74,1.7782,4.4032,-9.3315,49.4768,184.8803,16.7584
37.76,1.7769,4.5288,-9.503,48.773,184.7207,16.5284
37.78,1.7645,4.6704,-9.7056,47.921,184.638,16.3904
37.8,1.7421,4.8251,-9.9278,47.0068,184.6467,16.4386
37.82,1.6625,5.1111,-10.3174,45.3973,184.9265,17.1443
37.84,1.6012,5.2066,-10.4339,44.9258,185.2177,17.8084
37.86,1.5255,5.2437,-10.4747,44.9814,185.8415,18.6007
37.88,1.444,5.21,-10.4111,45.5519,186.5754,19.9664
37.9,1.3536,5.0892,-10.203,46.666,187.5343,22.4301
37.92,1.1308,4.5445,-9.2791,50.4906,189.7053,28.141
37.94,0.994,4.1008,-8.5584,53.3044,191.3365,31.2059
37.96,0.8396,3.5703,-7.6523,56.6931,193.5545,34.3338
37.98,0.6694,3.0008,-6.5588,60.5009,196.6734,38.0923
38,0.4962,2.4459,-5.303,64.5303,201.1944,42.9386
38.02,0.1462,1.5066,-2.4424,72.2096,217.2425,57.9922
38.04,-0.0046,1.1412,-0.9194,75.2643,230.6355,70.8428
38.06,-0.111,0.8741,0.6099,77.2899,248.5195,88.3682
38.08,-0.1878,0.707,2.1092,77.8944,269.4721,108.7277
38.1,-0.2136,0.6441,3.5463,77.1314,289.0977,127.769
38.12,-0.1345,0.8008,6.1333,73.112,315.6836,153.2973
38.14,-0.0427,0.9786,7.2457,70.674,323.8665,160.8247
38.16,0.0753,1.1933,8.2396,68.2728,329.8908,166.5072
38.18,0.1913,1.4222,9.1011,66.095,334.2112,170.8647
38.2,0.303,1.6697,9.8158,64.0893,337.4872,174.0807
38.22,0.4743,2.0562,10.761,61.1482,341.0096,177.2769
38.24,0.5569,2.2154,11.0246,60.2405,342.0702,177.9344
38.26,0.6368,2.3092,11.1451,59.7491,342.6873,178.0844
38.28,0.6761,2.3194,11.139,59.7014,342.766,177.8423
38.3,0.7103,2.269,11.0208,60.0452,342.5908,177.3737
38.32,0.7496,1.9235,10.4057,62.2678,341.3138,175.7618
38.34,0.775,1.6737,9.9464,63.9551,340.3947,175.0325
38.36,0.8065,1.3924,9.3926,66.0085,339.1359,174.3299
38.38,0.8397,1.0989,8.745,68.3509,337.4587,173.4457
38.4,0.8719,0.8136,8.0102,70.8828,335.0479,171.8658
38.42,0.9557,0.3446,6.2896,76.1177,326.5033,164.1599
38.44,1.0118,0.1832,5.3049,78.6587,318.6817,156.1011
38.46,1.0628,0.0749,4.2533,80.9462,306.0589,143.1687
38.48,1.1434,0.0343,3.1146,82.6255,285.4749,122.032
38.5,1.2126,0.0933,1.9017,82.9162,257.1664,92.6549
38.52,1.4369,0.4742,-0.7526,78.7343,213.1384,46.6669
38.54,1.5722,0.8006,-2.1471,75.1604,202.4978,35.7037
38.56,1.7173,1.2404,-3.5548,71.1581,195.6366,28.309
38.58,1.8557,1.7746,-4.9518,66.7504,190.8883,22.8082
38.6,1.987,2.3959,-6.3037,62.244,187.79,18.6577
38.62,2.2219,3.8325,-8.6927,53.4049,184.0829,14.2445
38.64,2.3143,4.6095,-9.6664,49.4828,183.0774,13.1308
38.66,2.3886,5.3524,-10.4643,46.0216,182.4711,12.831
38.68,2.4551,5.9927,-11.0831,43.3289,182.2584,13.1309
38.7,2.5099,6.4474,-11.5105,41.5166,181.9734,13.309
38.72,2.5943,6.5916,-11.7279,40.6549,181.4498,13.9715
38.74,2.6129,6.3346,-11.5055,42.0673,181.6705,14.4546
38.76,2.6008,5.8409,-10.995,44.7981,182.1615,15.0275
38.78,2.5561,5.2374,-10.3037,48.1007,182.9011,15.8169
38.8,2.4756,4.5619,-9.4479,51.8668,183.9611,17.0247
38.82,2.1859,3.1637,-7.2988,60.1407,187.9498,21.2406
38.84,1.9743,2.5034,-6.0445,64.4311,191.5256,24.4967
38.86,1.7218,1.8977,-4.6875,68.6609,196.961,29.6878
38.88,1.4402,1.3705,-3.2582,72.5729,205.2714,37.8899
38.9,1.1292,0.9526,-1.7764,75.8903,218.1605,50.504
38.92,0.4706,0.4401,1.1956,78.5013,259.7917,91.1186
38.94,0.1434,0.3624,2.6401,77.2508,280.6734,111.1064
38.96,-0.163,0.4081,4.0255,74.8932,295.9328,125.3051
38.98,-0.4471,0.548,5.3225,71.9837,306.174,134.6176
39,-0.7059,0.7797,6.5242,68.9218,313.1684,141.0345
39.02,-1.1183,1.4798,8.5526,63.0025,321.6425,149.1577
39.04,-1.2822,1.8805,9.3621,60.3622,324.1653,151.6812
39.06,-1.4335,2.2756,10.0303,57.9736,325.9687,153.2243
39.08,-1.5585,2.6453,10.5692,55.9375,327.2444,154.4502
39.1,-1.6788,2.9656,10.9743,54.2613,328.0668,155.1346
39.12,-1.8625,3.3514,11.3705,52.3793,328.4895,155.414
39.14,-1.9532,3.4149,11.382,52.1113,328.1168,154.9204
39.16,-2.0166,3.3978,11.2832,52.2921,327.5525,154.1823
39.18,-2.0606,3.28,11.0713,52.9497,326.7528,153.3212
39.2,-2.079,3.061,10.734,54.1129,325.6404,152.4016
39.22,-2.0243,2.4334,9.8194,57.5665,322.7028,150.6153
39.24,-1.9614,2.0454,9.2063,59.8196,320.4948,149.1588
39.26,-1.8514,1.6675,8.4919,62.2947,317.8473,147.2764
39.28,-1.71,1.2842,7.6735,64.9743,314.3711,144.5225
39.3,-1.5482,0.9395,6.7738,67.6413,309.8769,140.574
39.32,-1.1443,0.3562,4.7212,72.7003,295.7507,127.0699
39.34,-0.9173,0.1424,3.582,74.7585,284.6735,116.078
39.36,-0.6614,0.031,2.3814,76.2122,270.3814,102.2086
39.38,-0.3688,0.0297,1.1244,76.7505,253.1494,85.8231
39.4,-0.0751,0.1476,-0.167,76.0524,235.7787,69.2393
39.42,0.5081,0.694,-2.7865,71.5161,209.4431,44.216
39.44,0.7877,1.1026,-4.0658,68.2739,201.1978,36.7586
39.46,1.0511,1.6012,-5.2991,64.7276,195.3171,31.4507
39.48,1.2831,2.1776,-6.4549,61.0402,191.152,27.7447
39.5,1.4908,2.8009,-7.5282,57.3579,188.1808,25.1739
39.52,1.8202,4.0804,-9.398,50.298,184.6157,22.0529
39.54,1.9376,4.6979,-10.1836,47.0938,183.6201,20.7853
39.56,2.0285,5.2811,-10.8566,44.1379,182.8985,19.8214
39.58,2.0901,5.8112,-11.4175,41.5486,182.4849,18.9124
39.6,2.1245,6.2693,-11.8718,39.3653,182.277,18.0167
39.62,2.142,6.9144,-12.4524,36.3429,182.1871,17.1905
39.64,2.126,7.0816,-12.593,35.5603,182.3125,17.0954
39.66,2.0936,7.135,-12.6418,35.2798,182.4698,17.1116
39.68,2.0493,7.0766,-12.6077,35.4577,182.7042,17.3433
39.7,1.9921,6.9227,-12.4919,36.0633,183.0201,17.8198
39.72,1.7976,6.2539,-11.9354,38.9384,184.1095,19.232
39.74,1.6676,5.8012,-11.5297,40.9484,184.9277,19.9359
39.76,1.5133,5.2811,-11.0318,43.3183,186.0081,20.692
39.78,1.3376,4.7031,-10.4338,45.9737,187.3688,21.8071
39.8,1.1468,4.091,-9.7362,48.8907,189.0525,23.2651
39.82,0.7033,2.8453,-8.0366,55.3486,193.9579,26.7501
39.84,0.4578,2.2547,-7.0404,58.7452,197.5201,29.1929
39.86,0.2054,1.708,-5.9568,62.0833,202.0312,32.6459
39.88,-0.0467,1.2075,-4.8064,65.2313,207.752,37.4828
39.9,-0.293,0.7712,-3.6075,68.0864,215.0142,43.8467
39.92,-0.7525,0.1174,-1.136,72.2993,234.9426,62.1607
39.94,-0.9469,-0.0852,0.0957,73.3878,247.1831,73.7351
39.96,-1.1136,-0.1921,1.3015,73.7582,259.9955,85.9464
39.98,-1.2466,-0.2218,2.4615,73.4208,271.9336,97.5356
40,-1.3383,-0.174,3.5593,72.593,282.5056,107.9445
40.02,-1.4269,0.0533,5.5311,70.1295,298.6212,123.9744
40.04,-1.415,0.2217,6.3899,68.7669,304.6596,130.2904
40.06,-1.3947,0.3863,7.1555,67.1576,309.7426,135.4038
40.08,-1.3491,0.5615,7.809,65.8882,313.5492,139.3955
40.1,-1.2948,0.7336,8.3578,64.7909,316.6622,142.5093
40.12,-1.1524,1.0312,9.1108,63.1427,321.0357,146.7784
40.14,-1.0605,1.116,9.2976,62.7454,322.3588,148.0429
40.16,-0.9906,1.1801,9.391,62.5245,323.2171,148.8081
40.18,-0.9246,1.174,9.3677,62.6338,323.4766,148.8766
40.2,-0.8582,1.1304,9.2493,62.9968,323.3462,148.5031
40.22,-0.7107,0.8694,8.6559,64.7936,321.4916,146.2005
40.24,-0.6535,0.6913,8.2228,66.1041,319.637,144.3211
40.26,-0.5731,0.4856,7.6814,67.7255,317.1003,141.9806
40.28,-0.4776,0.2749,7.0416,69.6238,313.6227,139.0551
40.3,-0.3622,0.0978,6.3247,71.657,309.2158,135.5369
40.32,-0.0608,-0.1565,4.6355,75.857,295.3577,123.8301
40.34,0.1121,-0.2094,3.6785,77.6424,284.3636,113.8349
40.36,0.2848,-0.2111,2.6613,78.846,269.6379,99.9844
40.38,0.4573,-0.1439,1.5965,79.1589,252.2155,83.3565
40.4,0.6335,-0.0167,0.4869,78.3556,234.5913,66.5662
40.42,0.965,0.452,-1.7835,74.1775,210.4885,43.4225
40.44,1.1054,0.7756,-2.9039,71.3621,203.2665,36.3955
40.46,1.2426,1.1494,-4.0063,68.3012,198.1821,31.4631
40.48,1.3622,1.5699,-5.0573,65.1733,194.4476,27.8669
40.5,1.4653,2.0231,-6.0483,61.9773,191.6263,25.1772
40.52,1.6239,2.9833,-7.8069,55.8857,188.0216,21.5006
40.54,1.6798,3.4577,-8.5606,53.1119,186.9212,20.2636
40.56,1.7239,3.911,-9.2211,50.608,186.1051,19.3471
40.58,1.7532,4.3363,-9.7785,48.3826,185.5075,18.7515
40.6,1.7676,4.7186,-10.235,46.4478,185.1307,18.4144
40.62,1.7624,5.296,-10.8713,43.6564,184.8247,18.2254
40.64,1.7469,5.4741,-11.0418,42.8165,184.7758,18.5618
40.66,1.7236,5.5683,-11.1178,42.3945,184.8431,19.0502
40.68,1.6918,5.5805,-11.1025,42.4,184.9678,19.46
40.7,1.6534,5.5098,-11.0137,42.755,185.1786,19.8535
40.72,1.5439,5.0751,-10.5499,44.7408,185.9104,21.1288
40.74,1.4785,4.7436,-10.2013,46.2298,186.4448,21.8902
40.76,1.4026,4.3513,-9.7688,48.0479,187.1428,22.7221
40.78,1.3119,3.9099,-9.2476,50.178,188.0635,23.6259
40.8,1.2077,3.4308,-8.6428,52.5526,189.2952,24.6381
40.82,0.9614,2.434,-7.1755,57.8942,192.8909,27.5066
40.84,0.8236,1.9387,-6.3289,60.7193,195.4977,29.6479
40.86,0.6721,1.4538,-5.417,63.5624,198.9048,32.4764
40.88,0.5147,1.0019,-4.4516,66.3538,203.2439,36.0777
40.9,0.3468,0.5845,-3.4392,68.9785,208.7057,40.8549
40.92,0.026,-0.0885,-1.3437,73.3897,223.7588,55.1044
40.94,-0.1181,-0.3366,-0.295,74.9936,233.7708,64.7981
40.96,-0.2669,-0.5143,0.7477,76.0524,245.3773,76.2386
40.98,-0.3994,-0.6274,1.7534,76.5034,257.5084,88.3071
41,-0.516,-0.6755,2.7063,76.3279,269.3166,100.0963
41.02,-0.7005,-0.5614,4.4065,74.7088,288.7972,119.2498
41.04,-0.7841,-0.4416,5.1348,73.4776,295.676,125.757
41.06,-0.8526,-0.2816,5.776,72.1619,301.1891,130.7022
41.08,-0.9083,-0.1128,6.3235,70.8502,305.2998,134.1544
41.1,-0.9508,0.0619,6.781,69.6174,308.5189,136.6083
41.12,-1.0284,0.3232,7.4105,67.6268,312.317,138.8006
41.14,-1.0437,0.4073,7.5707,66.9997,313.2704,139.0012
41.16,-1.0225,0.4623,7.6167,66.7041,313.8017,138.8943
41.18,-1.0124,0.4698,7.5678,66.7238,313.6318,138.265
41.2,-0.9713,0.4348,7.4172,67.061,313.023,137.2946
41.22,-0.8527,0.2639,6.7552,68.7702,309.8071,133.8973
41.24,-0.7509,0.1499,6.2785,70.058,307.2389,131.5165
41.26,-0.6605,0.0089,5.7139,71.5249,303.388,128.0828
41.28,-0.5325,-0.1109,5.0509,73.1194,298.43,123.5667
41.3,-0.3991,-0.2183,4.302,74.7033,291.5743,117.2507
41.32,-0.0609,-0.3039,2.5717,77.242,270.9153,98.0648
41.34,0.1056,-0.2711,1.6228,77.6996,257.0941,85.0787
41.36,0.2871,-0.1782,0.6195,77.3894,242.5446,71.1849
41.38,0.4608,-0.0333,-0.4161,76.2488,229.2332,58.3623
41.4,0.6292,0.1767,-1.4689,74.4313,218.3227,47.934
41.42,0.9594,0.8074,-3.5576,69.5681,203.3051,33.9338
41.44,1.1085,1.2076,-4.5646,66.7849,198.5001,29.5283
41.46,1.235,1.6518,-5.5178,63.9298,194.9262,26.223
41.48,1.351,2.1272,-6.4161,61.0811,192.2165,23.7572
41.5,1.4556,2.6156,-7.2469,58.2725,190.1479,22.0742
41.52,1.6107,3.5874,-8.6625,53.0957,187.4407,19.9614
41.54,1.6636,4.0359,-9.2406,50.8161,186.6048,19.3734
41.56,1.7035,4.4386,-9.7278,48.7734,185.988,19.1613
41.58,1.7264,4.7806,-10.125,47.0575,185.5482,18.9518
41.6,1.7363,5.0527,-10.4302,45.6966,185.2747,18.8504
41.62,1.7184,5.3557,-10.7555,44.1706,185.0928,18.9272
41.64,1.6933,5.3769,-10.7738,44.0505,185.1681,19.1964
41.66,1.6595,5.3157,-10.706,44.3268,185.362,19.5632
41.68,1.6105,5.1647,-10.5406,45.058,185.7207,20.1122
41.7,1.5491,4.9216,-10.2717,46.2078,186.2156,20.8295
41.72,1.3888,4.2512,-9.4753,49.5229,187.7646,22.6341
41.74,1.2931,3.835,-8.9407,51.6314,188.8342,23.879
41.76,1.1862,3.3817,-8.3164,53.9911,190.1792,25.3741
41.78,1.0676,2.9055,-7.6075,56.5517,191.8783,27.1157
41.8,0.9372,2.4161,-6.8206,59.2474,194.0235,29.1855
41.82,0.6469,1.4621,-5.0395,64.8271,200.1317,34.8206
41.84,0.4973,1.0273,-4.0709,67.5677,204.4925,38.7262
41.86,0.3339,0.6364,-3.0498,70.1941,210.1272,43.8813
41.88,0.1806,0.3015,-2.0079,72.5656,217.2944,50.6429
41.9,0.0266,0.0252,-0.9519,74.5621,226.239,59.3307
41.92,-0.2654,-0.3518,1.1215,76.8844,249.7352,82.279
41.94,-0.394,-0.4414,2.1087,77.0639,262.7367,95.0528
41.96,-0.5113,-0.4676,3.0472,76.652,274.7194,106.8379
41.98,-0.6197,-0.4455,3.9102,75.7482,284.8713,116.7089
42,-0.7234,-0.3558,4.7111,74.5692,293.105,124.7141
42.02,-0.8377,-0.0873,6.0204,72.025,304.3636,135.3628
42.04,-0.8742,0.0819,6.5372,70.7915,308.1924,138.7594
42.06,-0.9104,0.2289,6.9604,69.695,310.9814,141.0287
42.08,-0.9262,0.3638,7.2858,68.7749,313.0414,142.5708
42.1,-0.9415,0.4678,7.5126,68.0484,314.37,143.3962
42.12,-0.9107,0.5506,7.6345,67.5121,315.3566,143.2866
42.14,-0.8748,0.5371,7.5402,67.6712,315.0418,142.5444
42.16,-0.8416,0.4666,7.3347,68.1834,313.9539,141.0812
42.18,-0.7818,0.3696,7.0078,68.9884,312.3554,139.1402
42.2,-0.709,0.2397,6.586,70.066,309.9589,136.5834
42.22,-0.518,-0.0319,5.4463,72.8787,302.1201,128.9722
42.24,-0.3969,-0.1615,4.7353,74.4516,295.9512,123.123
42.26,-0.2564,-0.2484,3.9484,75.9594,287.9174,115.509
42.28,-0.1122,-0.2977,3.0907,77.1696,277.2999,105.3781
42.3,0.0638,-0.2937,2.1601,77.9402,264.21,92.6802
42.32,0.4058,-0.0951,0.1911,77.2331,235.8087,64.9949
42.34,0.5892,0.1074,-0.8322,75.8275,223.8431,53.1538
42.36,0.7536,0.3606,-1.8489,73.8499,214.4914,43.8807
42.38,0.9288,0.6744,-2.8578,71.558,207.3425,36.7047
42.4,1.0952,1.0407,-3.8313,69.0817,201.9727,31.2668
42.42,1.4022,1.8728,-5.6198,63.9745,194.8028,24.0038
42.44,1.5499,2.3186,-6.4176,61.4269,192.2495,21.5554
42.46,1.6878,2.7578,-7.1386,59.0374,190.3415,19.8404
42.48,1.8182,3.1865,-7.7753,56.8472,188.8279,18.546
42.5,1.9401,3.5853,-8.3233,54.9063,187.6322,17.6068
42.52,2.1543,4.2347,-9.1523,51.7516,185.8245,16.295
42.54,2.2461,4.4619,-9.4254,50.6337,185.1566,15.8743
42.56,2.3265,4.6128,-9.6001,49.8412,184.5799,15.5985
42.58,2.3957,4.6835,-9.6784,49.5267,184.2182,15.3793
42.6,2.449,4.6695,-9.6596,49.5852,183.9204,15.2056
42.62,2.52,4.4038,-9.3423,50.852,183.7012,15.4176
42.64,2.5336,4.1658,-9.0499,52.0201,183.8047,15.8412
42.66,2.5275,3.8725,-8.6757,53.4839,184.081,16.4381
42.68,2.5005,3.5251,-8.224,55.1808,184.5423,17.2047
42.7,2.4521,3.142,-7.6918,57.1305,185.2175,18.2836
42.72,2.2879,2.2989,-6.4071,61.5738,187.5409,21.5529
42.74,2.1635,1.8648,-5.6595,64.0158,189.4386,23.8139
42.76,2.015,1.4466,-4.8523,66.5497,191.9907,26.5319
42.78,1.8313,1.0543,-3.9876,69.1443,195.518,29.8983
42.8,1.6271,0.6929,-3.0839,71.6735,200.32,34.4022
42.82,1.1523,0.0978,-1.1949,76.0482,215.7618,49.3756
42.84,0.8902,-0.1236,-0.2423,77.5881,227.3203,60.4231
42.86,0.6089,-0.2889,0.7022,78.4135,241.5073,73.8717
42.88,0.3264,-0.3952,1.6189,78.446,256.4016,87.9525
42.9,0.0392,-0.4496,2.5006,77.7302,269.6654,100.5252
42.92,-0.5061,-0.3634,4.1113,74.9989,288.715,118.7547
42.94,-0.7561,-0.2449,4.8116,73.3367,294.8753,124.397
42.96,-0.9858,-0.0822,5.4391,71.6741,299.5855,128.7231
42.98,-1.1976,0.0893,5.9843,70.0979,302.9324,131.7913
43,-1.3969,0.2611,6.4455,68.6469,305.3369,134.0844
43.02,-1.6891,0.5703,7.0933,66.4148,308.346,137.2171
43.04,-1.7934,0.7,7.2788,65.6749,309.2557,138.0518
43.06,-1.8756,0.7749,7.3627,65.2112,309.4742,138.222
43.08,-1.9367,0.8155,7.3519,65.043,309.2854,137.9067
43.1,-1.9707,0.8145,7.2502,65.1446,308.6935,137.2365
43.12,-1.9349,0.6763,6.7199,66.3842,305.8607,134.5486
43.14,-1.8762,0.5547,6.3193,67.4203,303.5799,132.4827
43.16,-1.7906,0.4186,5.8241,68.6206,300.5127,129.6072
43.18,-1.6627,0.274,5.2342,70.0493,296.4829,125.7169
43.2,-1.4941,0.1426,4.5512,71.5732,291.2743,120.7449
43.22,-1.0876,-0.0417,2.9561,74.3266,275.824,106.2468
43.24,-0.8435,-0.0604,2.0511,75.3083,265.182,96.124
43.26,-0.5652,-0.0284,1.0817,75.7595,252.6398,84.1176
43.28,-0.2874,0.0632,0.0715,75.4528,239.5802,71.5599
43.3,0.0053,0.2113,-0.9785,74.3989,227.1692,59.529
43.32,0.5998,0.7195,-3.1012,70.431,207.6537,41.1219
43.34,0.8933,1.0694,-4.1485,67.8301,200.8505,34.8819
43.36,1.1713,1.4722,-5.1604,64.9854,195.5753,30.1572
43.38,1.434,1.9227,-6.127,62.0432,191.5552,26.6251
43.4,1.6645,2.4023,-7.0248,59.0644,188.4633,24.0381
43.42,2.0621,3.414,-8.6087,53.3515,184.3004,20.7116
43.44,2.2108,3.9132,-9.2731,50.7551,182.9931,19.5339
43.46,2.3249,4.3775,-9.8504,48.3985,182.0856,18.5866
43.48,2.4111,4.7973,-10.3391,46.2916,181.4684,17.9751
43.5,2.4692,5.1613,-10.7366,44.5014,181.0756,17.5443
43.52,2.5093,5.6799,-11.2559,41.9955,180.826,17.2161
43.54,2.4945,5.8131,-11.3794,41.3514,180.8932,17.2523
43.56,2.4637,5.857,-11.4197,41.1119,181.0894,17.4899
43.58,2.4129,5.8115,-11.3751,41.3233,181.3694,17.6721
43.6,2.3474,5.6816,-11.2503,41.9197,181.7526,18.138
43.62,2.152,5.1299,-10.7089,44.3848,182.9366,19.7447
43.64,2.0298,4.7531,-10.3233,46.1101,183.7367,20.5277
43.66,1.8847,4.3129,-9.8496,48.1429,184.7856,21.4714
43.68,1.7251,3.8313,-9.2901,50.4651,186.0766,22.5691
43.7,1.5477,3.3164,-8.6439,53.009,187.7173,23.9448
43.72,1.139,2.2614,-7.0939,58.5725,192.3135,27.6903
43.74,0.9136,1.7511,-6.2051,61.4738,195.5512,30.2932
43.76,0.6739,1.2636,-5.2523,64.3519,199.7293,33.6955
43.78,0.428,0.8113,-4.25,67.0916,205.0131,38.1903
43.8,0.1807,0.4147,-3.2034,69.5922,211.4968,44.1512
43.82,-0.2897,-0.1993,-1.0649,73.5001,229.1473,61.0326
43.84,-0.5126,-0.4005,-0.0017,74.6606,240.0947,71.8965
43.86,-0.7083,-0.5208,1.03,75.2797,251.6245,83.4221
43.88,-0.8917,-0.5768,2.0204,75.278,263.0884,95.0231
43.9,-1.0552,-0.5618,2.9562,74.8064,273.6536,105.837
43.92,-1.3149,-0.3888,4.5978,72.9025,289.838,122.795
43.94,-1.4152,-0.2516,5.2893,71.7482,295.5059,129.0243
43.96,-1.5097,-0.086,5.8918,70.5442,300.1247,133.5911
43.98,-1.5869,0.0929,6.3976,69.3769,303.6974,136.9591
44,-1.6698,0.2545,6.8106,68.2933,306.1944,139.1728
44.02,-1.7583,0.5211,7.3393,66.663,309.3897,141.645
44.04,-1.7776,0.6065,7.4611,66.1413,310.1293,141.9002
44.06,-1.8145,0.6545,7.4955,65.8271,310.2777,141.5558
44.08,-1.8259,0.6473,7.4334,65.7894,309.8705,140.6043
44.1,-1.8305,0.6102,7.29,65.9913,308.9885,139.31
44.12,-1.7663,0.4111,6.671,67.3622,305.46,135.5362
44.14,-1.7045,0.2855,6.2415,68.3872,302.8548,132.983
44.16,-1.6145,0.1419,5.7312,69.5971,299.4692,129.7761
44.18,-1.5013,0.0012,5.1438,70.9653,295.1605,125.8911
44.2,-1.3607,-0.1249,4.4814,72.3699,289.692,121.0307
44.22,-1.0076,-0.2698,2.9543,74.9043,274.253,106.9587
44.24,-0.7956,-0.2744,2.0923,75.734,263.9391,97.0807
44.26,-0.5869,-0.2231,1.1841,75.9773,252.2405,85.7171
44.28,-0.3597,-0.1097,0.2285,75.618,239.9655,73.7051
44.3,-0.1243,0.0648,-0.7683,74.5578,228.5636,62.4287
44.32,0.3417,0.6045,-2.8201,70.7487,210.9801,44.699
44.34,0.5676,0.9495,-3.8501,68.2476,204.7776,38.2988
44.36,0.7972,1.3479,-4.8623,65.5567,199.8714,33.1885
44.38,1.0163,1.7795,-5.8349,62.7103,195.9291,29.0987
44.4,1.2264,2.2407,-6.7508,59.8501,192.8113,25.8692
44.42,1.6226,3.2131,-8.3634,54.3259,188.2137,21.3197
44.44,1.7978,3.692,-9.0385,51.7962,186.5564,19.7545
44.46,1.957,4.1464,-9.6208,49.49,185.2347,18.6122
44.48,2.0953,4.5589,-10.1061,47.4582,184.2042,17.7825
44.5,2.21,4.918,-10.4907,45.7727,183.426,17.1279
44.52,2.3769,5.4217,-10.9693,43.6031,182.4774,16.634
44.54,2.4252,5.5442,-11.0703,43.112,182.3042,16.5231
44.56,2.4549,5.5751,-11.0822,43.0088,182.2111,16.5834
44.58,2.4627,5.5117,-11.0127,43.2942,182.1861,16.7405
44.6,2.4528,5.357,-10.8585,44.001,182.3168,17.1208
44.62,2.3539,4.7665,-10.2552,46.6957,183.0735,18.2166
44.64,2.268,4.3792,-9.8274,48.5665,183.7458,18.8698
44.66,2.155,3.9372,-9.3091,50.7326,184.7123,19.7716
44.68,2.0167,3.4571,-8.7019,53.1459,185.9762,20.9579
44.7,1.8578,2.9523,-8.0127,55.7518,187.6241,22.4933
44.72,1.4681,1.9186,-6.3896,61.3415,192.4813,27.0022
44.74,1.2426,1.4249,-5.468,64.2126,195.9801,30.1827
44.76,1.0036,0.9608,-4.4919,67.0255,200.5404,34.2309
44.78,0.7513,0.5459,-3.4647,69.7051,206.4024,39.5549
44.8,0.4894,0.1828,-2.405,72.0867,213.9865,46.6842
44.82,-0.0278,-0.3335,-0.261,75.455,235.1357,66.8997
44.84,-0.2769,-0.4831,0.7902,76.1382,247.9293,79.4186
44.86,-0.5114,-0.5553,1.8014,76.1141,260.7607,92.0084
44.88,-0.7336,-0.5523,2.7611,75.4631,272.4124,103.3671
44.9,-0.94,-0.4821,3.6497,74.3407,282.0829,112.6813
44.92,-1.2903,-0.1776,5.1745,71.4361,295.6371,125.2177
44.94,-1.4274,0.0081,5.7914,69.9488,300.07,129.1062
44.96,-1.5465,0.1946,6.3178,68.564,303.3782,131.963
44.98,-1.6293,0.3751,6.7442,67.3635,305.9691,134.1187
45,-1.6803,0.5097,7.0644,66.447,307.7757,135.6125
45.02,-1.7192,0.6673,7.4102,65.4235,309.8184,137.3105
45.04,-1.6931,0.6799,7.4135,65.4043,310.0511,137.3699
45.06,-1.648,0.6432,7.3114,65.7036,309.749,136.8656
45.08,-1.5776,0.5691,7.0867,66.3336,308.8619,135.7838
45.1,-1.4871,0.4523,6.7549,67.2781,307.2503,133.9733
45.12,-1.2365,0.1495,5.7982,69.79,301.7764,128.3277
45.14,-1.0977,-0.0157,5.1769,71.2867,297.3097,124.0064
45.16,-0.9244,-0.1676,4.4493,72.8152,291.3548,118.1018
45.18,-0.7312,-0.276,3.6308,74.2684,283.5949,110.4358
45.2,-0.5317,-0.3526,2.7294,75.4545,273.3257,100.5542
45.22,-0.0613,-0.3229,0.7005,76.1519,247.0032,75.0947
45.24,0.1696,-0.2051,-0.3832,75.3033,233.6588,61.8818
45.26,0.4019,-0.0132,-1.4928,73.7207,221.9591,50.2877
45.28,0.6399,0.2573,-2.6101,71.5357,212.4883,41.1494
45.3,0.8701,0.5995,-3.7137,68.9407,205.193,34.2204
45.32,1.2955,1.4607,-5.8107,63.1128,195.4759,24.9356
45.34,1.4833,1.9526,-6.7717,60.12,192.3156,21.8583
45.36,1.6535,2.4693,-7.6524,57.195,189.8816,19.6323
45.38,1.8081,2.9962,-8.4461,54.3875,188.026,18.1188
45.4,1.9411,3.5221,-9.1437,51.7663,186.6164,17.041
45.42,2.1432,4.4943,-10.2524,47.2197,184.7663,15.6871
45.44,2.2146,4.9058,-10.6721,45.3459,184.1974,15.3211
45.46,2.2677,5.2518,-11.0004,43.8064,183.7768,15.1089
45.48,2.3055,5.5217,-11.2416,42.6166,183.5207,15.0574
45.5,2.3284,5.7073,-11.3943,41.8258,183.3473,15.1686
45.52,2.3264,5.7997,-11.4427,41.4764,183.3271,15.6271
45.54,2.3055,5.7103,-11.3543,41.8645,183.4485,15.9699
45.56,2.2659,5.5097,-11.1652,42.7333,183.6897,16.5886
45.58,2.2118,5.2313,-10.8989,43.9495,184.0511,17.2301
45.6,2.1399,4.8801,-10.5484,45.5245,184.5763,17.9853
45.62,1.9414,3.9973,-9.5783,49.6467,186.2476,19.9634
45.64,1.8161,3.4905,-8.9604,52.0959,187.4756,21.2705
45.66,1.6707,2.9608,-8.2559,54.7567,189.0575,22.7623
45.68,1.5067,2.4203,-7.4729,57.5804,191.1064,24.4549
45.7,1.3189,1.8779,-6.6128,60.5167,193.8842,26.5854
45.72,0.8811,0.8782,-4.6953,66.4096,202.2356,32.5439
45.74,0.6411,0.4474,-3.6552,69.1053,208.3238,37.5643
45.76,0.3969,0.0741,-2.5859,71.4324,216.0344,44.4266
45.78,0.1498,-0.2291,-1.5022,73.3047,225.5192,53.112
45.8,-0.093,-0.4582,-0.4228,74.5887,236.6856,63.5748
45.82,-0.5473,-0.6865,1.658,75.1488,261.1235,86.7357
45.84,-0.753,-0.6937,2.6315,74.5118,272.1085,97.3236
45.86,-0.94,-0.6369,3.5396,73.451,281.4416,106.2491
45.88,-1.1052,-0.5237,4.3718,72.1603,289.0217,113.3827
45.9,-1.2502,-0.3711,5.1239,70.7359,294.995,119.0313
45.92,-1.4737,-0.0039,6.3534,67.9199,303.398,126.6157
45.94,-1.5548,0.1827,6.8299,66.6864,306.2276,129.0992
45.96,-1.62,0.342,7.2053,65.6064,308.2942,130.8433
45.98,-1.6569,0.4927,7.4904,64.7398,309.9442,132.2024
46,-1.6868,0.5787,7.6685,64.1522,310.8482,132.9127
46.02,-1.696,0.6418,7.7211,63.8536,311.2766,133.1069
46.04,-1.6778,0.5996,7.6029,64.1288,310.7801,132.5324
46.06,-1.6483,0.5101,7.3641,64.7625,309.6659,131.4587
46.08,-1.5889,0.4023,7.0368,65.6581,308.1093,129.9536
46.1,-1.5263,0.2517,6.6115,66.7595,305.7406,127.7164
46.12,-1.3314,-0.0371,5.4669,69.5382,298.5926,121.2005
46.14,-1.2061,-0.1527,4.7322,71.0326,293.1039,115.9235
46.16,-1.0629,-0.2199,3.8912,72.4215,286.0934,108.8716
46.18,-0.9128,-0.2463,2.9536,73.5904,276.8082,99.6151
46.2,-0.7395,-0.2142,1.9273,74.3148,265.714,88.6934
46.22,-0.343,0.0115,-0.3153,73.7427,240.591,64.2489
46.24,-0.1245,0.2285,-1.4907,72.3632,229.0322,53.0226
46.26,0.0999,0.5205,-2.6644,70.3743,219.3379,43.6497
46.28,0.3339,0.8882,-3.8126,67.9613,211.4534,36.3016
46.3,0.5699,1.3193,-4.913,65.2481,205.177,30.7577
46.32,1.0289,2.3265,-6.9048,59.5185,196.3945,23.6084
46.34,1.2415,2.863,-7.7741,56.6687,193.3199,21.2919
46.36,1.4406,3.3941,-8.5498,53.9372,190.9154,19.7012
46.38,1.6211,3.8992,-9.2267,51.3663,189.0398,18.6589
46.4,1.7812,4.3716,-9.8001,49.0645,187.5389,17.7787
46.42,2.0383,5.1452,-10.6368,45.4297,185.528,16.4648
46.44,2.1332,5.4165,-10.9002,44.186,184.8693,15.9509
46.46,2.211,5.5965,-11.0657,43.3586,184.3716,15.5787
46.48,2.2704,5.6746,-11.1358,42.993,184.0514,15.3128
46.5,2.3084,5.6511,-11.1103,43.094,183.8601,15.177
46.52,2.328,5.3092,-10.7752,44.6304,183.9624,15.4083
46.54,2.3046,5.0097,-10.4702,46.0108,184.2694,15.7314
46.56,2.2562,4.6411,-10.0769,47.7404,184.76,16.1548
46.58,2.1878,4.215,-9.599,49.766,185.4767,16.7651
46.6,2.0946,3.7414,-9.0321,52.0631,186.4686,17.6485
46.62,1.8435,2.7171,-7.644,57.2751,189.5091,20.5538
46.64,1.6818,2.1977,-6.8289,60.1034,191.7829,22.5974
46.66,1.4942,1.6884,-5.9424,62.9882,194.7909,25.2692
46.68,1.2903,1.2027,-4.9991,65.8796,198.8001,28.8531
46.7,1.0685,0.7473,-4.0072,68.6205,203.961,33.6115
46.72,0.5865,-0.0219,-1.9281,73.2552,218.9283,47.8851
46.74,0.3329,-0.3068,-0.8691,74.9434,229.1689,57.6997
46.76,0.0845,-0.5287,0.1721,75.9913,241.0642,69.2786
46.78,-0.1645,-0.6622,1.1953,76.363,253.7547,81.775
46.8,-0.4072,-0.7205,2.1701,76.0509,265.9309,93.7016
46.82,-0.8529,-0.6104,3.9373,73.9453,285.3011,112.7398
46.84,-1.0667,-0.468,4.7134,72.4383,292.0641,119.2104
46.86,-1.2583,-0.2853,5.4005,70.8412,297.2962,123.9805
46.88,-1.433,-0.0854,6.0004,69.2414,301.2571,127.3777
46.9,-1.6023,0.1145,6.515,67.7203,304.151,129.7889
46.92,-1.8526,0.4681,7.2648,65.2095,307.9049,133.017
46.94,-1.9478,0.6016,7.4955,64.3093,308.9532,133.6888
46.96,-2.0271,0.686,7.6247,63.7037,309.4357,133.961
46.98,-2.0757,0.7436,7.6532,63.4221,309.4843,133.9091
47,-2.1098,0.7538,7.5862,63.4597,309.1192,133.5373
47.02,-2.0888,0.6561,7.1299,64.4804,306.9518,131.5385
47.04,-2.0451,0.5505,6.7621,65.3638,305.0629,129.6357
47.06,-1.9876,0.4098,6.299,66.4615,302.439,127.0272
47.08,-1.8966,0.2538,5.7257,67.7785,298.8735,123.5822
47.1,-1.7816,0.1066,5.0633,69.2164,294.2563,119.2862
47.12,-1.4455,-0.1225,3.4485,72.1269,280.5774,106.4407
47.14,-1.2347,-0.1753,2.5118,73.2225,271.2448,97.3801
47.16,-0.9965,-0.1626,1.5062,73.8916,260.2115,86.7523
47.18,-0.7269,-0.0818,0.4427,73.9613,248.0159,75.0607
47.2,-0.4473,0.0596,-0.6587,73.2938,235.838,63.2901
47.22,0.1525,0.5655,-2.9002,70.0073,215.4084,43.5981
47.24,0.4594,0.9121,-3.9999,67.6112,207.7284,36.4614
47.26,0.7659,1.323,-5.058,64.9598,201.6258,30.9398
47.28,1.0627,1.7793,-6.0619,62.1297,196.8111,26.6167
47.3,1.3437,2.2701,-6.9947,59.1991,192.9317,23.1795
47.32,1.8571,3.2901,-8.6044,53.6057,187.5746,19.026
47.34,2.0783,3.7893,-9.2627,51.0872,185.7179,17.7652
47.36,2.271,4.262,-9.823,48.8141,184.2819,16.6898
47.38,2.4311,4.6903,-10.2837,46.8492,183.2116,15.6727
47.4,2.5602,5.0545,-10.6494,45.2475,182.4494,14.6832
47.42,2.7459,5.5483,-11.0816,43.2321,181.5803,13.6373
47.44,2.8009,5.656,-11.1526,42.9039,181.4,13.3255
47.46,2.8329,5.6606,-11.137,42.9486,181.3295,13.1354
47.48,2.8435,5.5693,-11.0374,43.3793,181.362,13.192
47.5,2.8371,5.3614,-10.8293,44.318,181.4723,13.5988
47.52,2.7435,4.6928,-10.1401,47.3542,182.1327,14.9667
47.54,2.6542,4.2578,-9.652,49.4288,182.7181,15.861
47.56,2.5327,3.7618,-9.0664,51.8129,183.5701,17.0001
47.58,2.3777,3.2236,-8.3839,54.4665,184.7742,18.4129
47.6,2.1876,2.66,-7.6021,57.3571,186.4379,20.2708
47.62,1.7004,1.5487,-5.762,63.5873,192.0293,25.9194
47.64,1.4028,1.0428,-4.7259,66.7395,196.5334,29.9532
47.66,1.0724,0.5926,-3.6309,69.7164,202.8348,35.5618
47.68,0.7262,0.2157,-2.4968,72.374,211.5105,43.4287
47.7,0.3598,-0.0881,-1.3372,74.3947,222.7992,53.9726
47.72,-0.3744,-0.4397,0.9578,75.8752,251.4292,80.7407
47.74,-0.7317,-0.4837,2.0609,75.2079,265.4418,93.7405
47.76,-1.0622,-0.4513,3.1074,73.8674,277.0744,104.4181
47.78,-1.3483,-0.3331,4.0843,72.1826,286.207,112.9351
47.8,-1.5986,-0.1641,4.9731,70.3458,293.1141,119.5114
47.82,-1.9468,0.2853,6.4382,66.8134,302.5416,128.3315
47.84,-2.0678,0.5094,7.0133,65.3183,305.5863,131.3703
47.86,-2.1292,0.7152,7.473,64.1203,308.0496,133.851
47.88,-2.1477,0.8786,7.8159,63.2215,309.8535,135.7725
47.9,-2.1412,0.9853,8.039,62.6842,311.1388,137.2242
47.92,-2.0357,1.0146,8.1224,62.678,312.1814,138.3647
47.94,-1.9465,0.9429,8.0035,63.1825,311.9716,138.1858
47.96,-1.8202,0.7941,7.737,64.1547,311.1315,137.3656
47.98,-1.6866,0.6051,7.3772,65.3942,309.6426,135.8356
48,-1.5137,0.4076,6.9087,66.8992,307.6393,133.8371
48.02,-1.1053,-0.0391,5.6702,70.535,300.5696,126.9565
48.04,-0.8647,-0.2346,4.915,72.473,295.0606,121.5134
48.06,-0.6039,-0.3962,4.0686,74.3237,287.5689,114.096
48.08,-0.336,-0.5005,3.1497,75.9172,277.4678,104.34
48.1,-0.0362,-0.5049,2.162,77.0426,264.7981,92.0247
48.12,0.5672,-0.275,0.0242,76.8309,235.1356,62.667
48.14,0.859,-0.0553,-1.0789,75.4018,222.0997,49.9294
48.16,1.1503,0.2367,-2.1834,73.3592,211.6487,39.8605
48.18,1.4239,0.5804,-3.2711,70.8574,203.8054,32.3256
48.2,1.6773,0.9728,-4.324,68.0975,197.9181,26.725
48.22,2.1266,1.8715,-6.2509,62.3012,190.1566,19.8463
48.24,2.3137,2.3529,-7.0994,59.441,187.5797,17.9128
48.26,2.4726,2.8414,-7.8572,56.7569,185.6143,16.5301
48.28,2.6027,3.3077,-8.529,54.2086,184.1461,15.6185
48.3,2.7031,3.7418,-9.1107,51.9047,183.0728,14.9689
48.32,2.8088,4.4586,-9.9881,48.126,181.8361,14.4287
48.34,2.8194,4.7259,-10.2868,46.7665,181.604,14.2949
48.36,2.8045,4.9142,-10.4978,45.7877,181.5802,14.3178
48.38,2.7636,5.0186,-10.6165,45.2156,181.696,14.4741
48.4,2.7002,5.0278,-10.6527,45.0284,182.0005,14.7708
48.42,2.5109,4.7945,-10.476,45.8438,183.0079,15.5799
48.44,2.3764,4.548,-10.2418,46.9094,183.8023,16.2301
48.46,2.2274,4.2448,-9.927,48.2707,184.7399,17.0355
48.48,2.06,3.8834,-9.5245,49.9372,185.8797,18.061
48.5,1.8767,3.4761,-9.0374,51.8768,187.2778,19.3533
48.52,1.4498,2.5794,-7.7999,56.4574,191.1784,22.8242
48.54,1.2065,2.1153,-7.0592,58.983,193.916,25.0801
48.56,0.9518,1.6653,-6.2419,61.5684,197.3105,27.9777
48.58,0.6869,1.2385,-5.3571,64.1342,201.5326,31.7381
48.6,0.4158,0.8493,-4.4129,66.6105,206.8633,36.5699
48.62,-0.1319,0.2035,-2.4068,70.7826,221.4192,50.043
48.64,-0.3968,-0.036,-1.3734,72.2805,230.7291,58.8967
48.66,-0.6398,-0.2135,-0.3423,73.2791,241.0891,68.8359
48.68,-0.873,-0.3336,0.6785,73.7125,251.8558,79.3819
48.7,-1.0712,-0.3796,1.6673,73.6551,262.5565,89.917
48.72,-1.3848,-0.3091,3.4923,72.3425,280.8211,108.1423
48.74,-1.5122,-0.2099,4.3145,71.2794,287.9211,115.3452
48.76,-1.5982,-0.0744,5.05,70.1432,293.8496,121.2679
48.78,-1.6635,0.0802,5.6995,68.9562,298.6335,125.9564
48.8,-1.7002,0.2411,6.258,67.8344,302.478,129.6802
48.82,-1.725,0.5274,7.0836,65.984,307.7418,134.6094
48.84,-1.7032,0.642,7.3471,65.3192,309.4749,136.1038
48.86,-1.6933,0.7076,7.5176,64.8919,310.5009,136.8539
48.88,-1.6479,0.7318,7.574,64.7448,311.0828,137.1265
48.9,-1.5939,0.7023,7.5341,64.9117,311.0505,136.9303
48.92,-1.4367,0.5249,7.1525,66.1634,309.4863,135.3548
48.94,-1.333,0.3925,6.8239,67.2014,307.9011,133.9056
48.96,-1.2027,0.2439,6.4048,68.4708,305.7708,131.9993
48.98,-1.08,0.0781,5.9107,69.9354,302.784,129.4494
49,-0.9118,-0.0724,5.3216,71.5199,298.7908,125.9634
49.02,-0.5554,-0.2991,3.9152,74.6752,286.4435,114.806
49.04,-0.3577,-0.3525,3.1029,75.9965,277.4793,106.3444
49.06,-0.1562,-0.361,2.2227,76.8722,266.2396,95.4937
49.08,0.0438,-0.3168,1.2793,77.114,253.1475,82.7057
49.1,0.2613,-0.1916,0.2805,76.6456,239.6844,69.5107
49.12,0.6697,0.2755,-1.8214,73.5156,217.3061,47.351
49.14,0.864,0.6085,-2.8944,71.1656,209.5291,39.6302
49.16,1.049,0.9879,-3.9669,68.4481,203.3708,33.6577
49.18,1.2233,1.42,-5.0156,65.5221,198.639,29.0923
49.2,1.3847,1.8888,-6.0278,62.4756,195.027,25.625
49.22,1.6616,2.9115,-7.8553,56.3914,189.9421,21.2897
49.24,1.7779,3.4416,-8.649,53.4747,188.1468,20.0709
49.26,1.8727,3.9615,-9.3456,50.7362,186.759,19.3958
49.28,1.9456,4.4547,-9.9512,48.201,185.7229,18.9151
49.3,1.9935,4.898,-10.4577,46.0016,184.9733,18.5495
49.32,2.0307,5.5797,-11.1704,42.6994,184.2564,18.5538
49.34,2.0218,5.7942,-11.3724,41.6621,184.1666,18.7512
49.36,1.9966,5.9099,-11.474,41.1572,184.3064,19.0333
49.38,1.9563,5.9193,-11.4761,41.087,184.4575,19.3664
49.4,1.909,5.8349,-11.389,41.4628,184.739,19.8235
49.42,1.7717,5.3441,-10.911,43.6214,185.6983,21.3127
49.44,1.6863,4.9809,-10.5399,45.2495,186.3551,22.1402
49.46,1.5883,4.5504,-10.0799,47.2088,187.1723,23.0378
49.48,1.4797,4.0701,-9.5262,49.4803,188.1799,24.1448
49.5,1.3596,3.5526,-8.8795,51.986,189.4388,25.5364
49.52,1.0744,2.4826,-7.3101,57.6266,193.1451,29.1413
49.54,0.9118,1.9528,-6.4069,60.6171,195.9082,31.6091
49.56,0.7387,1.4505,-5.4333,63.7021,199.6147,34.8064
49.58,0.5542,0.9829,-4.398,66.6252,204.2472,38.9991
49.6,0.369,0.5716,-3.3196,69.3845,210.1655,44.4467
49.62,-0.0103,-0.0597,-1.0891,73.8423,227.4623,60.8115
49.64,-0.1908,-0.2651,0.0265,75.2689,239.0362,71.8855
49.66,-0.3653,-0.3915,1.1242,76.0044,252.032,84.5076
49.68,-0.5257,-0.4445,2.1845,76.003,265.1672,97.3164
49.7,-0.6791,-0.4367,3.1893,75.3148,276.9679,108.7166
49.72,-0.9282,-0.2271,4.9958,72.7562,295.0218,125.9679
49.74,-1.0238,-0.0642,5.7716,71.2429,301.2085,131.8215
49.76,-1.0958,0.1146,6.4543,69.724,305.9844,136.2894
49.78,-1.1548,0.3181,7.0484,68.2763,309.7956,139.8484
49.8,-1.2154,0.4876,7.5521,66.9902,312.6116,142.4649
49.82,-1.2644,0.7667,8.2516,65.1217,316.4607,146.3867
49.84,-1.2729,0.8659,8.4373,64.6259,317.5064,147.6921
49.86,-1.2565,0.9386,8.5101,64.4081,318.1771,148.5646
49.88,-1.2604,0.9738,8.4795,64.4675,318.2125,148.7611
49.9,-1.2528,0.9585,8.3443,64.7846,317.6947,148.2422
49.92,-1.2367,0.8018,7.713,66.2391,314.708,145.0172
49.94,-1.226,0.643,7.2428,67.3067,311.9467,142.0361
49.96,-1.2239,0.4833,6.6747,68.5015,308.3491,138.0859
49.98,-1.1898,0.3016,5.9793,69.8814,303.5995,132.8052
50,-1.151,0.1467,5.1829,71.2063,297.4376,126.1486
50.02,-0.9828,-0.0461,3.2823,73.6264,279.8079,108.3157
50.04,-0.8527,-0.0663,2.202,74.3336,268.1861,96.7496
50.06,-0.7043,-0.0313,1.0621,74.3883,255.3162,84.0042
50.08,-0.5274,0.0743,-0.1261,73.7393,242.0699,71.0347
50.1,-0.335,0.2614,-1.3335,72.3415,230.1748,59.4724
50.12,0.1148,0.9082,-3.741,67.7779,211.3816,41.9544
50.14,0.3528,1.3501,-4.8976,64.89,204.6958,35.9801
50.16,0.5938,1.8495,-6.0016,61.7536,199.406,31.4577
50.18,0.8324,2.4015,-7.031,58.5295,195.1877,28.1014
50.2,1.0583,2.9743,-7.9743,55.278,192.0135,25.8186
50.22,1.4725,4.1385,-9.5739,49.274,187.7362,22.8198
50.24,1.6571,4.6866,-10.2195,46.6194,186.3123,21.9036
50.26,1.8274,5.1909,-10.7531,44.2699,185.1437,21.2674
50.28,1.9835,5.6312,-11.1794,42.2995,184.2388,20.7118
50.3,2.1195,5.9832,-11.4992,40.7736,183.5351,20.0643
50.32,2.3486,6.3603,-11.836,39.0126,182.4182,18.9077
50.34,2.4436,6.3708,-11.8506,38.925,182.0061,18.5812
50.36,2.5209,6.2804,-11.7684,39.322,181.6832,18.4858
50.38,2.5873,6.0762,-11.576,40.2322,181.4291,18.5947
50.4,2.632,5.7657,-11.2774,41.6523,181.2878,18.8507
50.42,2.6367,4.9271,-10.4297,45.4882,181.5111,19.6636
50.44,2.5976,4.4176,-9.8607,47.9414,181.907,20.3354
50.46,2.5273,3.8695,-9.1835,50.7162,182.5578,21.3512
50.48,2.4246,3.2994,-8.4048,53.7481,183.5792,22.6915
50.5,2.2822,2.7219,-7.5256,57.0065,185.0748,24.3267
50.52,1.8901,1.6014,-5.5212,63.8797,190.3865,29.1178
50.54,1.6392,1.0926,-4.4118,67.4125,195.1908,33.233
50.56,1.3595,0.6512,-3.243,70.6977,201.6508,39.0263
50.58,1.0629,0.2923,-2.0374,73.6,210.562,47.1983
50.6,0.7458,0.0181,-0.8101,75.9283,222.9363,58.6357
50.62,0.1225,-0.2521,1.6338,77.6667,256.8392,90.8093
50.64,-0.1733,-0.2532,2.8156,76.8698,273.4478,106.57
50.66,-0.4379,-0.165,3.9468,75.281,286.9163,119.2591
50.68,-0.671,-0.0065,5.0151,73.214,297.1133,128.66
50.7,-0.8626,0.2043,6.0101,70.9689,304.67,135.6358
50.72,-1.1234,0.7306,7.7346,66.5347,314.9425,145.2209
50.74,-1.2011,1.0127,8.4476,64.5312,318.4056,148.6365
50.76,-1.2312,1.278,9.0351,62.7887,320.9977,151.3102
50.78,-1.266,1.5226,9.5131,61.258,322.984,152.9884
50.8,-1.2892,1.7293,9.8756,60.0126,324.3586,153.9924
50.82,-1.293,1.9552,10.2248,58.5864,325.5305,154.2496
50.84,-1.2974,1.983,10.2238,58.348,325.404,153.4424
50.86,-1.314,1.9359,10.1193,58.4809,324.7335,152.0349
50.88,-1.3265,1.8032,9.8865,59.0259,323.5781,150.0964
50.9,-1.3279,1.5993,9.5332,59.9146,322.0396,147.9028
50.92,-1.293,1.0597,8.5085,62.7639,317.3371,142.3132
50.94,-1.2492,0.7609,7.8314,64.6366,314.0644,138.8302
50.96,-1.1668,0.4575,7.0395,66.7425,309.8284,134.7171
50.98,-1.0737,0.1894,6.1509,68.9484,304.3789,129.7521
51,-0.9514,-0.0494,5.1556,71.165,297.125,123.0694
51.02,-0.6479,-0.3194,2.906,74.5778,275.3975,102.6263
51.04,-0.4704,-0.3358,1.6696,75.2465,260.7282,88.598
51.06,-0.2833,-0.2473,0.388,74.8836,245.5127,73.9401
51.08,-0.0893,-0.0469,-0.9248,73.5212,231.7784,60.5502
51.1,0.11,0.2531,-2.2504,71.3112,220.3256,49.5235
51.12,0.5062,1.118,-4.8586,65.1567,204.6399,35.041
51.14,0.6876,1.6588,-6.1051,61.5823,199.569,30.2949
51.16,0.8564,2.2604,-7.2894,57.8358,195.6873,26.5885
51.18,1.0117,2.912,-8.3924,54.0602,192.7598,23.7967
51.2,1.1532,3.6008,-9.3916,50.2573,190.4319,21.8763
51.22,1.3855,5.0306,-11.0418,43.152,187.3619,19.8587
51.24,1.4732,5.7167,-11.6977,40.0314,186.4403,19.4044
51.26,1.546,6.3534,-12.2473,37.1964,185.7345,19.2602
51.28,1.6013,6.9182,-12.6867,34.7354,185.194,19.3531
51.3,1.6423,7.3913,-13.0244,32.7443,184.8539,19.5544
51.32,1.6853,7.9887,-13.409,30.2313,184.4031,20.3225
51.34,1.6845,8.0841,-13.4625,29.7971,184.2936,20.752
51.36,1.6697,8.0393,-13.4271,29.9278,184.2929,21.2602
51.38,1.6417,7.8744,-13.315,30.5824,184.4224,21.7784
51.4,1.5911,7.5391,-13.0784,31.945,184.6838,22.5086
51.42,1.4456,6.5898,-12.352,35.9248,185.6264,24.0549
51.44,1.3469,5.9871,-11.836,38.5592,186.376,24.858
51.46,1.2324,5.3184,-11.2075,41.5748,187.3474,25.8657
51.48,1.1027,4.6073,-10.4606,44.9357,188.6066,27.0844
51.5,0.958,3.8764,-9.5921,48.5712,190.2419,28.5691
51.52,0.6233,2.4341,-7.5254,56.4255,195.4641,32.5255
51.54,0.4341,1.7653,-6.3391,60.3952,199.3906,35.5297
51.56,0.2365,1.1607,-5.0688,64.211,204.5252,39.6914
51.58,0.0398,0.6386,-3.7363,67.7326,211.3043,45.5511
51.6,-0.1569,0.2119,-2.3573,70.7959,220.201,53.6538
51.62,-0.5259,-0.337,0.4233,74.7397,245.8945,77.7395
51.64,-0.6856,-0.4602,1.7786,75.2172,261.3037,92.5587
51.66,-0.825,-0.4819,3.0778,74.6784,276.0144,106.586
51.68,-0.9483,-0.3973,4.3113,73.3302,288.6501,118.3713
51.7,-1.0341,-0.2249,5.4524,71.4871,298.6593,127.5188
51.72,-1.1454,0.304,7.4306,67.1966,311.9426,139.4876
51.74,-1.1545,0.6189,8.2382,65.0557,316.371,143.1612
51.76,-1.1486,0.9407,8.9326,63.0845,319.7582,145.9263
51.78,-1.1618,1.2346,9.5098,61.311,322.1297,147.903
51.8,-1.1256,1.4946,9.9486,59.8705,324.0832,149.5663
51.82,-1.0835,1.8423,10.4533,57.9842,326.1302,150.9232
51.84,-1.0633,1.9219,10.5104,57.6573,326.4949,150.9292
51.86,-1.0465,1.9376,10.4454,57.6962,326.4099,150.5262
51.88,-1.0428,1.8624,10.2733,58.1392,325.8006,149.6984
51.9,-1.0468,1.6825,9.9361,59.1286,324.5222,148.3405
51.92,-1.0335,1.164,8.9587,62.0326,320.6489,144.3398
51.94,-1.0368,0.8357,8.2945,63.9654,317.4468,141.2271
51.96,-1.0199,0.5116,7.5047,66.1133,313.3119,137.2899
51.98,-0.9785,0.2121,6.5907,68.4321,307.8221,132.2574
52,-0.9172,-0.0467,5.5517,70.7225,300.3632,125.4083
52.02,-0.715,-0.3443,3.1448,74.3349,277.5099,104.228
52.04,-0.5745,-0.3503,1.8067,75.0276,261.9145,89.7069
52.06,-0.4172,-0.2412,0.4036,74.5593,245.4982,74.2205
52.08,-0.2468,-0.0099,-1.0403,72.9248,230.8049,60.312
52.1,-0.0663,0.3406,-2.4971,70.3358,218.9258,49.2025
52.12,0.3101,1.3428,-5.3441,63.3432,203.3084,35.2718
52.14,0.5007,1.9871,-6.6801,59.3601,198.2731,30.9974
52.16,0.6817,2.7011,-7.9257,55.1885,194.4009,27.8407
52.18,0.8508,3.4608,-9.0677,50.978,191.4938,25.5163
52.2,1.0132,4.2467,-10.0915,46.9802,189.4076,23.9881
52.22,1.3086,5.8122,-11.7403,39.6679,186.5924,22.535
52.24,1.4328,6.5427,-12.3652,36.5104,185.7107,22.0089
52.26,1.5431,7.1989,-12.8662,33.7377,185.0475,21.605
52.28,1.6384,7.7499,-13.2513,31.4175,184.5292,21.2265
52.3,1.7219,8.1679,-13.5295,29.6414,184.1599,20.9274
52.32,1.8458,8.5415,-13.773,28.0209,183.6985,20.2466
52.34,1.8897,8.4939,-13.745,28.1771,183.5368,20.2236
52.36,1.9226,8.3178,-13.6332,28.881,183.4365,20.4231
52.38,1.946,7.9598,-13.4023,30.293,183.3981,20.7904
52.4,1.9467,7.5074,-13.0992,32.0976,183.4634,21.2231
52.42,1.8792,6.3176,-12.2366,37.0074,184.1439,21.9436
52.44,1.806,5.6146,-11.6569,40.0628,184.8376,22.3177
52.46,1.7056,4.8658,-10.9682,43.435,185.84,22.7678
52.48,1.5771,4.0949,-10.1659,47.1302,187.2974,23.3323
52.5,1.4193,3.3221,-9.2506,51.0324,189.2702,24.1338
52.52,1.031,1.8595,-7.1116,58.856,195.0125,27.4451
52.54,0.805,1.2118,-5.9077,62.6539,199.3096,30.6314
52.56,0.5661,0.6454,-4.6391,66.2182,205.1156,35.4531
52.58,0.3106,0.1748,-3.3234,69.3826,212.8869,42.2647
52.6,0.0504,-0.1892,-1.988,71.9881,223.0841,51.5136
52.62,-0.4661,-0.5965,0.6448,74.555,250.2655,76.7018
52.64,-0.7046,-0.6271,1.9047,74.3712,264.7739,90.2251
52.66,-0.9248,-0.5699,3.0993,73.3291,277.4112,101.9979
52.68,-1.1064,-0.4139,4.2196,71.7489,287.9878,111.6651
52.7,-1.2649,-0.2074,5.2488,69.8478,296.1442,119.0254
52.72,-1.4698,0.3181,7.0062,65.9409,307.4213,129.4242
52.74,-1.5235,0.6025,7.7203,64.1515,311.3144,133.2361
52.76,-1.5459,0.8612,8.3118,62.6165,314.3476,136.2407
52.78,-1.5524,1.1071,8.7808,61.3186,316.715,138.7381
52.8,-1.539,1.3071,9.1136,60.368,318.4039,140.5874
52.82,-1.4761,1.5524,9.3861,59.5387,320.1607,142.7425
52.84,-1.449,1.5663,9.336,59.6712,320.1818,142.9251
52.86,-1.4313,1.5107,9.1843,60.1146,319.6807,142.4682
52.88,-1.4135,1.3644,8.8768,60.9611,318.5126,141.2757
52.9,-1.3909,1.1711,8.4822,62.1013,316.8181,139.5972
52.92,-1.326,0.637,7.3467,65.2646,311.0942,134.2449
52.94,-1.2747,0.3704,6.6054,67.1697,306.7509,130.3224
52.96,-1.1852,0.1381,5.7404,69.236,301.0504,125.3419
52.98,-1.0632,-0.0408,4.762,71.3195,293.467,118.8328
53,-0.9115,-0.1434,3.6794,73.1997,283.437,110.1662
53.02,-0.5395,-0.1104,1.2526,75.0318,255.5094,84.9492
53.04,-0.3287,0.0347,-0.0535,74.4333,239.7882,70.4656
53.06,-0.1068,0.2753,-1.3953,72.7545,226.08,57.7125
53.08,0.1137,0.6202,-2.7445,70.2012,215.0274,47.4323
53.1,0.334,1.0626,-4.0802,67.0811,206.9253,39.7733
53.12,0.7633,2.177,-6.6298,59.8255,196.2502,29.8465
53.14,0.9628,2.8187,-7.8047,56.0081,192.8458,26.7397
53.16,1.1472,3.5022,-8.8888,52.1896,190.2647,24.2808
53.18,1.3158,4.2162,-9.8655,48.4892,188.3083,22.3619
53.2,1.464,4.9327,-10.7246,44.9558,186.8178,20.8613
53.22,1.7058,6.2784,-12.0636,38.7407,184.8826,19.1879
53.24,1.7934,6.8481,-12.5464,36.2028,184.3067,18.5854
53.26,1.8592,7.3078,-12.9111,34.1761,183.9644,18.0056
53.28,1.9099,7.6367,-13.1603,32.7287,183.7634,17.5606
53.3,1.9458,7.8169,-13.2924,31.9906,183.7258,17.3096
53.32,1.9896,7.7437,-13.2285,32.2219,183.6176,17.7105
53.34,1.9945,7.5059,-13.0455,33.25,183.6615,18.1851
53.36,1.983,7.1159,-12.741,34.8889,183.7809,18.8847
53.38,1.956,6.642,-12.3626,36.8751,184.0097,19.6914
53.4,1.9094,6.0831,-11.8918,39.2539,184.3886,20.5327
53.42,1.75,4.7755,-10.6538,45.0317,185.8133,22.3132
53.44,1.6351,4.0698,-9.8752,48.3556,186.9866,23.4108
53.46,1.4954,3.3571,-8.9923,51.9022,188.6442,24.6737
53.48,1.327,2.6537,-8.0093,55.7286,191.1363,26.2574
53.5,1.1386,1.9808,-6.934,59.4886,194.2582,28.4793
53.52,0.7177,0.7877,-4.5673,66.5891,203.7546,36.4577
53.54,0.4875,0.3078,-3.305,69.7327,210.8232,42.7618
53.56,0.2541,-0.0829,-2.0226,72.3921,220.1885,51.4454
53.58,0.0261,-0.3784,-0.7417,74.3821,232.0129,62.711
53.6,-0.1913,-0.576,0.5189,75.5398,245.938,76.2785
53.62,-0.5977,-0.6884,2.8895,75.1001,273.9501,103.5469
53.64,-0.7699,-0.6104,3.9615,73.8463,285.1772,114.3941
53.66,-0.926,-0.4602,4.9479,72.2428,293.8091,122.9724
53.68,-1.0593,-0.2503,5.8295,70.4638,300.5172,129.2818
53.7,-1.1627,0.0115,6.6063,68.6479,305.8015,134.0401
53.72,-1.3367,0.5453,7.8415,65.2475,312.6691,140.0785
53.74,-1.3932,0.7896,8.2966,63.846,314.9277,142.1443
53.76,-1.4416,0.9914,8.6412,62.7014,316.5032,143.5932
53.78,-1.4716,1.1481,8.8676,61.8678,317.5615,144.5729
53.8,-1.497,1.2615,8.9867,61.3397,318.1528,145.1387
53.82,-1.52,1.296,8.8857,61.3987,317.8448,145.0181
53.84,-1.5219,1.2176,8.6729,61.9841,316.9518,144.4186
53.86,-1.5154,1.0867,8.3394,62.9436,315.4608,143.3555
53.88,-1.4992,0.9137,7.9252,64.1828,313.5003,141.934
53.9,-1.4543,0.708,7.4058,65.7328,310.9086,140.1786
53.92,-1.2773,0.2995,6.0547,69.6012,303.1226,135.6653
53.94,-1.1423,0.1386,5.2037,71.7997,296.8975,132.019
53.96,-0.9957,0.0302,4.2385,73.9528,288.2972,125.9409
53.98,-0.8218,-0.0241,3.1661,75.7712,276.485,116.4979
54,-0.6452,-0.019,2.0135,76.8281,261.3199,103.4265
54.02,-0.284,0.2077,-0.4653,75.5345,228.7132,73.7666
54.04,-0.1158,0.4326,-1.7431,73.298,216.3997,62.2325
54.06,0.0541,0.7351,-3.0127,70.3912,206.8748,53.5168
54.08,0.224,1.122,-4.2434,67.0906,200.0079,47.4599
54.1,0.3886,1.5867,-5.4072,63.6916,195.3437,43.2941
54.12,0.7273,2.6938,-7.4469,56.9186,188.9102,38.4152
54.14,0.901,3.2848,-8.2945,53.7314,186.6178,37.2949
54.16,1.0661,3.8578,-9.0239,50.9443,185.1008,36.5774
54.18,1.2162,4.3751,-9.6374,48.4389,183.9472,35.7565
54.2,1.3497,4.7893,-10.1346,46.3659,183.1655,34.7011
54.22,1.5755,5.1958,-10.6971,44.0299,182.1443,32.6269
54.24,1.6787,5.2031,-10.7279,43.9632,181.7521,31.8779
54.26,1.7702,5.1059,-10.6078,44.5287,181.4316,31.4727
54.28,1.8615,4.8926,-10.3362,45.7015,181.1317,31.3461
54.3,1.9397,4.5673,-9.928,47.4657,180.9132,31.487
54.32,2.0142,3.7511,-8.8678,51.7903,181.0453,31.4977
54.34,2.0087,3.2818,-8.2109,54.3472,181.4931,31.4786
54.36,1.9745,2.7945,-7.4721,57.1158,182.2474,31.6823
54.38,1.9155,2.3099,-6.6539,60.0763,183.4242,32.2987
54.4,1.8245,1.8392,-5.7632,63.1505,185.1737,33.4059
54.42,1.5705,1.0037,-3.8054,69.4722,190.9183,37.9018
54.44,1.4107,0.654,-2.7642,72.5571,195.601,42.0767
54.46,1.2393,0.3674,-1.7013,75.4382,202.0255,48.2792
54.48,1.0542,0.1508,-0.631,78.0458,211.683,57.716
54.5,0.8581,0.0006,0.4253,80.0638,225.1039,70.9722
54.52,0.4523,-0.0981,2.4559,81.4889,263.5373,109.3681
54.54,0.2474,-0.0687,3.4039,80.4472,282.5178,128.2706
54.56,0.0357,0.0146,4.2946,78.9158,295.2701,141.2498
54.58,-0.1663,0.1449,5.1055,77.1193,304.1663,150.2116
54.6,-0.3687,0.3248,5.8408,75.1787,310.2541,156.3494
54.62,-0.7746,0.7589,7.035,71.4137,317.0143,162.8459
54.64,-0.9718,0.9795,7.4792,69.7296,318.561,164.1118
54.66,-1.1815,1.2004,7.8297,68.1848,319.2899,164.394
54.68,-1.3856,1.391,8.0657,66.8715,319.3338,163.7687
54.7,-1.6022,1.5435,8.2003,65.7876,318.7253,162.4374
54.72,-1.9987,1.6985,8.1533,64.5449,316.142,158.5533
54.74,-2.1633,1.709,7.9834,64.4129,314.3949,156.3356
54.76,-2.3145,1.666,7.7097,64.5896,312.2125,153.7007
54.78,-2.4241,1.6,7.3437,65.0874,309.7537,151.0029
54.8,-2.5094,1.4889,6.8868,65.9218,306.6872,148.1061
54.82,-2.535,1.2177,5.6937,68.2717,298.7677,140.9496
54.84,-2.4872,1.0716,4.9689,69.6172,293.4677,136.0256
54.86,-2.4005,0.9352,4.1754,70.9603,287.0558,130.0036
54.88,-2.2723,0.8122,3.3162,72.1861,279.2029,122.6199
54.9,-2.0973,0.7169,2.404,73.1806,269.8499,113.8269
54.92,-1.6365,0.6468,0.4743,73.8595,247.615,92.7757
54.94,-1.3492,0.692,-0.5178,73.3951,236.0496,81.653
54.96,-1.0341,0.7851,-1.5075,72.3436,225.3196,71.4664
54.98,-0.6882,0.9388,-2.4801,70.8399,215.7768,62.619
55,-0.3228,1.1475,-3.4214,68.9377,207.3344,54.9616
55.02,0.4372,1.6932,-5.1715,64.4701,195.0744,43.9948
55.04,0.8178,2.0088,-5.9576,62.1292,190.5203,40.0185
55.06,1.1911,2.3372,-6.6684,59.8437,186.8438,36.918
55.08,1.5543,2.6811,-7.2902,57.6772,183.7761,34.5033
55.1,1.9025,3.0217,-7.823,55.6984,181.2289,32.5825
55.12,2.5184,3.6166,-8.6079,52.5367,177.5897,30.0438
55.14,2.7802,3.8406,-8.8687,51.3936,176.3262,29.0174
55.16,3.0054,4.0013,-9.0439,50.5437,175.2657,27.8555
55.18,3.1979,4.0885,-9.1271,50.1381,174.5263,26.909
55.2,3.3569,4.0993,-9.1145,50.0491,173.8136,26.237
55.22,3.5598,3.9166,-8.8242,51.0643,172.9366,25.1293
55.24,3.6018,3.719,-8.5314,52.2085,172.7034,24.7112
55.26,3.5934,3.4629,-8.1578,53.6681,172.7381,24.5286
55.28,3.533,3.1573,-7.6988,55.4822,173.1214,24.4479
55.3,3.4173,2.8223,-7.1502,57.6472,173.8671,24.4544
55.32,3.0303,2.0786,-5.8146,62.6536,177.0142,25.951
55.34,2.7604,1.6929,-5.0374,65.3771,179.697,27.8337
55.36,2.4468,1.3214,-4.2004,68.1556,183.4276,30.6181
55.38,2.0913,0.9748,-3.3107,70.8939,188.6121,34.7824
55.4,1.7075,0.6734,-2.3765,73.4793,195.7205,40.9468
55.42,0.8836,0.2526,-0.4266,77.5714,218.7354,62.1738
55.44,0.4663,0.1421,0.5583,78.5298,234.6167,77.4319
55.46,0.051,0.095,1.5276,78.5392,251.8404,93.6767
55.48,-0.3534,0.1122,2.4705,77.613,267.276,108.1509
55.5,-0.7468,0.1887,3.376,76.0493,279.4076,119.3305
55.52,-1.4396,0.4903,5.0118,72.1457,294.8506,133.5273
55.54,-1.741,0.6956,5.7232,70.1125,299.5781,137.759
55.56,-1.9886,0.9419,6.355,68.1656,303.3569,141.0711
55.58,-2.2114,1.1773,6.9025,66.3888,306.0197,143.4235
55.6,-2.3914,1.4133,7.3653,64.7925,308.1257,145.2279
55.62,-2.6427,1.7836,8.0231,62.3406,310.662,147.3587
55.64,-2.7224,1.9024,8.213,61.5475,311.2578,147.6588
55.66,-2.7611,1.9689,8.2994,61.0622,311.5508,147.5943
55.68,-2.7775,1.9823,8.2954,60.9521,311.4299,147.2546
55.7,-2.7601,1.9481,8.1997,61.1744,311.0127,146.746
55.72,-2.6164,1.7094,7.6995,62.7612,308.9433,144.7389
55.74,-2.5094,1.5273,7.3254,63.9879,307.3098,143.3276
55.76,-2.3688,1.3101,6.8657,65.4983,305.0843,141.4664
55.78,-2.197,1.0877,6.3172,67.2215,302.236,139.1134
55.8,-1.9969,0.864,5.6791,69.0845,298.4188,135.7692
55.82,-1.5462,0.5012,4.166,72.7241,286.8236,124.8301
55.84,-1.2905,0.3682,3.2993,74.3029,278.1877,116.5861
55.86,-1.0216,0.2752,2.3737,75.4759,267.3528,106.1426
55.88,-0.7432,0.2221,1.3917,76.0333,254.5391,93.6321
55.9,-0.4587,0.2219,0.3644,75.8132,240.916,80.2585
55.92,0.128,0.4584,-1.7595,73.1809,217.0467,57.0248
55.94,0.4178,0.7111,-2.8193,71.0371,208.217,48.5478
55.96,0.701,1.0318,-3.8663,68.5054,201.3105,41.9418
55.98,0.9645,1.4081,-4.8811,65.7427,196.0875,36.8714
56,1.2036,1.8164,-5.8535,62.823,192.1663,33.0123
56.02,1.5908,2.6741,-7.6244,56.93,187.2255,27.486
56.04,1.7359,3.1132,-8.3898,54.1626,185.823,25.5041
56.06,1.8505,3.5492,-9.0539,51.6565,184.9287,24.0109
56.08,1.9387,3.9638,-9.6057,49.4508,184.3956,23.1819
56.1,1.9984,4.3467,-10.0503,47.5888,184.1142,22.5076
56.12,2.0469,4.9236,-10.6503,45.0127,184.2022,21.705
56.14,2.0459,5.0867,-10.8136,44.2595,184.3723,21.6865
56.16,2.0311,5.1604,-10.8863,43.8544,184.4996,21.8275
56.18,2.0018,5.1436,-10.8719,43.8629,184.676,22.0144
56.2,1.9593,5.0445,-10.7787,44.2269,184.9269,22.3541
56.22,1.8182,4.565,-10.2836,46.2883,185.739,23.8097
56.24,1.721,4.2291,-9.8998,47.8522,186.3691,24.8188
56.26,1.601,3.842,-9.426,49.7466,187.2786,25.9062
56.28,1.4555,3.4095,-8.8671,51.8943,188.5795,27.1529
56.3,1.2821,2.9548,-8.2156,54.2956,190.3256,28.599
56.32,0.8656,2.0395,-6.6588,59.5471,195.6984,32.522
56.34,0.6298,1.6036,-5.7655,62.241,199.6121,35.3818
56.36,0.3824,1.1959,-4.8117,64.8588,204.5154,39.028
56.38,0.1269,0.8229,-3.807,67.2904,210.6717,43.807
56.4,-0.1162,0.5032,-2.7698,69.4795,218.2563,49.9363
56.42,-0.5695,0.0268,-0.638,72.5569,237.331,66.754
56.44,-0.7616,-0.1218,0.4221,73.3452,248.1865,76.8033
56.46,-0.924,-0.2083,1.4642,73.612,259.1026,87.4379
56.48,-1.0582,-0.255,2.4642,73.4541,269.4142,97.7083
56.5,-1.1663,-0.2618,3.4159,72.9336,278.7882,107.0966
56.52,-1.2934,-0.1209,5.1283,71.2431,294.153,122.8911
56.54,-1.3166,0.0092,5.8582,70.213,300.0276,129.1172
56.56,-1.3337,0.1724,6.493,69.1247,304.7677,134.0713
56.58,-1.3352,0.3405,7.018,68.0839,308.3396,137.6313
56.6,-1.3248,0.5181,7.4401,67.1476,311.2113,140.3076
56.62,-1.2942,0.7579,7.9618,65.8698,314.4074,143.208
56.64,-1.2614,0.823,8.0615,65.5801,315.156,143.8007
56.66,-1.2308,0.8356,8.0602,65.559,315.3048,143.7039
56.68,-1.1917,0.7974,7.9595,65.7933,314.9171,142.9759
56.7,-1.1356,0.7156,7.7326,66.3818,314.0005,141.7475
56.72,-0.9698,0.4635,6.9835,68.4641,310.3585,138.1549
56.74,-0.8655,0.3152,6.4687,69.8577,307.4772,135.549
56.76,-0.7485,0.1609,5.8665,71.4364,303.5851,132.0438
56.78,-0.6118,0.0047,5.1737,73.0883,298.2839,127.1777
56.8,-0.4529,-0.1147,4.4079,74.7324,291.4299,120.942
56.82,-0.1041,-0.2575,2.6684,77.2787,270.4696,101.3971
56.84,0.0928,-0.2553,1.7029,77.7461,256.5016,87.9437
56.86,0.2895,-0.1929,0.7001,77.4085,241.9014,73.8525
56.88,0.4935,-0.0641,-0.3424,76.2514,228.5049,60.9523
56.9,0.688,0.1288,-1.4022,74.3946,217.5581,50.4389
56.92,1.063,0.7156,-3.5173,69.4423,203.0268,36.1836
56.94,1.2293,1.0845,-4.5387,66.6578,198.3974,31.3572
56.96,1.3876,1.4872,-5.5179,63.7805,194.8329,27.7218
56.98,1.5359,1.9262,-6.4348,60.9083,192.013,24.989
57,1.6692,2.3807,-7.2872,58.0754,189.8845,22.8927
57.02,1.8711,3.2927,-8.7609,52.8388,187.1337,19.5511
57.04,1.9319,3.7078,-9.3819,50.4958,186.4096,17.9965
57.06,1.9758,4.0805,-9.924,48.3986,185.9872,16.6783
57.08,2.0092,4.4097,-10.3661,46.5807,185.7215,16.086
57.1,2.0338,4.6929,-10.7008,45.1381,185.6202,16.1012
57.12,2.048,5.0909,-11.0614,43.5704,185.6977,16.5009
57.14,2.0374,5.1785,-11.1069,43.3561,185.8334,16.6999
57.16,2.0167,5.1789,-11.0754,43.4598,185.9608,16.8542
57.18,1.9941,5.102,-10.9781,43.8135,186.0837,17.2917
57.2,1.958,4.919,-10.7855,44.6228,186.3114,17.874
57.22,1.855,4.3382,-10.194,47.0947,187.1023,19.2871
57.24,1.7829,3.9561,-9.7752,48.8093,187.7584,20.176
57.26,1.6961,3.5314,-9.2727,50.7986,188.6368,21.2223
57.28,1.5922,3.0773,-8.6864,53.0317,189.8237,22.4287
57.3,1.4688,2.6076,-8.0172,55.463,191.3849,23.8281
57.32,1.1739,1.6709,-6.4522,60.6868,196.0549,27.9892
57.34,1.0033,1.2314,-5.5649,63.3549,199.4301,31.0409
57.36,0.8163,0.8281,-4.6235,66.0249,203.8565,34.6674
57.38,0.6234,0.4707,-3.6383,68.5815,209.5174,39.2847
57.4,0.4244,0.16,-2.6229,70.8784,216.6074,45.3818
57.42,0.0553,-0.2921,-0.5694,74.2153,235.392,62.592
57.44,-0.1208,-0.4368,0.4405,75.0612,246.5768,73.088
57.46,-0.2809,-0.5243,1.4138,75.2922,258.2662,83.8999
57.48,-0.4276,-0.5637,2.3463,74.9451,269.3514,94.1736
57.5,-0.5429,-0.5347,3.2245,74.1986,279.1348,103.3421
57.52,-0.7398,-0.362,4.7816,71.9828,293.6582,116.9483
57.54,-0.8007,-0.231,5.4367,70.7744,298.8444,121.7923
57.56,-0.8287,-0.0871,6.0016,69.6615,303.0301,125.8093
57.58,-0.8458,0.0464,6.4765,68.6876,306.2542,129.0454
57.6,-0.8551,0.1627,6.8643,67.8719,308.7137,131.738
57.62,-0.8188,0.3232,7.3367,66.9487,311.9471,135.6482
57.64,-0.7955,0.3525,7.4127,66.8486,312.5361,136.4282
57.66,-0.7696,0.3558,7.3854,66.987,312.6769,136.6071
57.68,-0.7431,0.3287,7.261,67.3366,312.2043,136.1393
57.7,-0.7164,0.2613,6.9997,68.0029,310.8739,134.9107
57.72,-0.6545,0.0368,6.1688,70,305.5357,130.0266
57.74,-0.6186,-0.0872,5.5881,71.1413,301.295,125.6672
57.76,-0.5854,-0.2021,4.9006,72.3412,295.6794,119.9256
57.78,-0.538,-0.2945,4.1129,73.4976,288.2705,112.6996
57.8,-0.4686,-0.3366,3.2303,74.4575,279.1765,103.8962
57.82,-0.283,-0.2691,1.2132,75.0262,256.0769,81.2279
57.84,-0.1799,-0.144,0.1225,74.3437,244.1306,69.3542
57.86,-0.0646,0.0416,-1.0061,73.0038,233.0863,58.3947
57.88,0.0643,0.2926,-2.1516,71.1145,223.6982,49.172
57.9,0.2088,0.6107,-3.2969,68.7845,215.9569,41.732
57.92,0.4996,1.4289,-5.4893,63.325,204.9302,31.1425
57.94,0.6446,1.9083,-6.5006,60.4349,201.0965,27.482
57.96,0.7907,2.4125,-7.4356,57.521,197.9976,24.8327
57.98,0.9367,2.9301,-8.2839,54.6823,195.4903,23.0066
58,1.078,3.4441,-9.0401,51.9888,193.4962,21.688
58.02,1.3243,4.409,-10.2405,47.3343,190.587,19.8032
58.04,1.4305,4.8243,-10.6815,45.4746,189.606,19.399
58.06,1.5244,5.175,-11.0179,43.9408,188.7154,19.187
58.08,1.6049,5.4448,-11.2558,42.8028,188.0876,19.1806
58.1,1.6663,5.6246,-11.3967,42.0994,187.5851,19.0427
58.12,1.7453,5.662,-11.4112,41.9123,187.0729,19.464
58.14,1.7613,5.5401,-11.2872,42.4928,187.0196,20.0028
58.16,1.7567,5.2857,-11.0305,43.6009,187.1791,20.6437
58.18,1.7261,4.9668,-10.6877,45.127,187.5696,21.2994
58.2,1.6759,4.58,-10.2482,47.0399,188.2208,22.0574
58.22,1.5039,3.6398,-9.06,51.8265,190.492,24.2898
58.24,1.3864,3.1235,-8.3115,54.6069,192.1945,26.0029
58.26,1.2485,2.5965,-7.4734,57.5357,194.4927,28.1186
58.28,1.0839,2.0798,-6.5441,60.5842,197.5203,30.6786
58.3,0.9029,1.5877,-5.5397,63.649,201.496,33.9348
58.32,0.498,0.7181,-3.3514,69.2616,213.3742,44.3203
58.34,0.2873,0.3685,-2.1989,71.5908,221.8597,52.0808
58.36,0.0806,0.0887,-1.0328,73.4128,232.3704,61.9641
58.38,-0.117,-0.1168,0.1274,74.589,244.6596,73.5517
58.4,-0.3286,-0.2528,1.2764,74.9633,257.7859,85.8989
58.42,-0.6897,-0.2942,3.4336,73.6544,281.6841,108.1806
58.44,-0.8451,-0.2117,4.4185,72.3039,290.7427,116.8548
58.46,-0.9783,-0.0708,5.3203,70.7209,297.9686,123.8485
58.48,-1.1037,0.1084,6.1346,69.0558,303.5452,129.301
58.5,-1.207,0.3171,6.8462,67.4347,307.8533,133.5874
58.52,-1.3664,0.7488,7.9399,64.6368,313.6136,139.5126
58.54,-1.4195,0.9356,8.3078,63.5922,315.3427,141.446
58.56,-1.4708,1.1002,8.5508,62.8186,316.5061,142.8332
58.58,-1.5154,1.2198,8.6611,62.3721,317.0068,143.4527
58.6,-1.5662,1.2699,8.6407,62.3168,316.7528,143.25
58.62,-1.6309,1.2195,8.191,63.2328,314.595,141.3329
58.64,-1.6526,1.1092,7.75,64.2735,312.2484,139.2846
58.66,-1.6695,0.9541,7.1761,65.5951,309.045,136.353
58.68,-1.6738,0.7628,6.469,67.1551,304.6278,132.3317
58.7,-1.6467,0.5622,5.6217,68.8647,298.7607,127.0579
58.72,-1.5346,0.2121,3.5609,71.8671,281.1039,110.7199
58.74,-1.435,0.1162,2.3684,72.6867,269.2405,99.4188
58.76,-1.299,0.1096,1.0923,72.7975,256.0341,86.868
58.78,-1.1362,0.2092,-0.2392,72.0201,242.6736,74.3277
58.8,-0.9471,0.4277,-1.6017,70.3962,230.5508,62.9369
58.82,-0.5083,1.1712,-4.3088,65.1337,212.1453,46.03
58.84,-0.264,1.6683,-5.6025,61.8339,205.604,40.5631
58.86,-0.0127,2.2353,-6.8189,58.3466,200.4912,36.5836
58.88,0.2343,2.8547,-7.9423,54.8124,196.5394,33.5352
58.9,0.4741,3.5024,-8.9607,51.3141,193.4866,31.2275
58.92,0.9268,4.8021,-10.6246,44.8854,189.1715,28.6699
58.94,1.131,5.4159,-11.2523,42.1488,187.6629,28.0417
58.96,1.3155,5.9638,-11.7493,39.786,186.4877,27.6668
58.98,1.4747,6.4153,-12.1219,37.9335,185.6637,27.3547
59,1.6077,6.7368,-12.3787,36.5474,184.9713,26.9812
59.02,1.7947,6.9028,-12.5266,35.7766,184.2271,26.391
59.04,1.8448,6.7624,-12.4065,36.4413,184.1282,26.48
59.06,1.8675,6.4646,-12.1358,37.8705,184.1974,26.761
59.08,1.8503,6.0363,-11.7347,39.8946,184.5327,27.1356
59.1,1.7932,5.5215,-11.2256,42.3391,185.1345,27.6456
59.12,1.5627,4.2963,-9.8442,48.381,187.4167,29.5292
59.14,1.3869,3.6371,-8.9689,51.849,189.3196,31.0441
59.16,1.1724,2.9775,-7.9821,55.4805,191.9735,33.0402
59.18,0.9216,2.3441,-6.8913,59.1777,195.6237,35.7334
59.2,0.635,1.7455,-5.7091,62.7897,200.5927,39.4093
59.22,0.0107,0.7598,-3.1427,69.2334,216.4023,51.6619
59.24,-0.3004,0.3971,-1.8035,71.5783,227.548,60.9448
59.26,-0.6007,0.1326,-0.448,73.0821,240.8759,72.5832
59.28,-0.8809,-0.0378,0.8933,73.6436,255.2668,85.472
59.3,-1.1124,-0.1051,2.1994,73.3312,269.0973,98.3966
59.32,-1.4552,0.0082,4.6057,70.842,291.0777,119.6517
59.34,-1.5673,0.1705,5.678,69.146,298.976,127.4631
59.36,-1.6392,0.3857,6.6345,67.3306,305.2417,133.7743
59.38,-1.6815,0.6331,7.467,65.6018,310.0583,138.8422
59.4,-1.6935,0.8891,8.1616,64.0397,313.6974,142.8921
59.42,-1.6512,1.3362,9.1275,61.7118,318.5752,147.9919
59.44,-1.5983,1.461,9.3826,61.1732,319.8936,149.354
59.46,-1.5331,1.5298,9.4853,61.0085,320.6461,150.0852
59.48,-1.486,1.5104,9.4517,61.2645,320.7143,150.1911
59.5,-1.4122,1.4266,9.2825,61.9056,320.3564,149.8757
59.52,-1.2518,0.998,8.4758,64.5171,317.3642,147.0806
59.54,-1.1659,0.7133,7.8862,66.2701,314.679,144.6495
59.56,-1.0726,0.3964,7.1614,68.2681,310.8116,141.1875
59.58,-0.9721,0.0911,6.3092,70.3911,305.3395,136.2558
59.6,-0.8655,-0.168,5.3303,72.4962,297.6769,129.0925
59.62,-0.6121,-0.4638,3.0595,75.6566,273.9321,106.279
59.64,-0.4464,-0.4505,1.7951,76.1472,258.0443,91.0659
59.66,-0.2891,-0.3378,0.4737,75.4695,241.9107,75.4684
59.68,-0.1187,-0.1061,-0.8835,73.7559,227.7181,61.7709
59.7,0.0586,0.2238,-2.249,71.2147,216.6861,51.2563
59.72,0.3936,1.1347,-4.8934,64.7102,202.4236,38.1607
59.74,0.5598,1.6936,-6.1309,61.1149,197.8757,34.2828
59.76,0.719,2.3044,-7.2797,57.5028,194.4544,31.6042
59.78,0.8715,2.9465,-8.3226,53.9668,191.8456,29.9382
59.8,1.018,3.6107,-9.2466,50.6105,189.8252,28.9691
59.82,1.2646,4.9154,-10.7172,44.6944,187.1727,27.9233
59.84,1.3638,5.4992,-11.2699,42.208,186.3848,27.7587
59.86,1.4476,5.9975,-11.7076,40.1014,185.7947,27.7035
59.88,1.516,6.3752,-12.0308,38.4004,185.3707,27.6967
59.9,1.567,6.6034,-12.229,37.3356,185.0789,27.5805
59.92,1.6315,6.5789,-12.2055,37.4606,184.871,27.8394
59.94,1.6411,6.3508,-11.9875,38.603,184.9641,28.1075
59.96,1.6293,5.9414,-11.5888,40.5908,185.2626,28.5148
59.98,1.5942,5.4543,-11.0903,42.9601,185.7576,29.0312
60,1.5372,4.8886,-10.4679,45.7309,186.5091,29.8548
60.02,1.3378,3.6291,-8.8622,52.291,189.1861,32.0242
60.04,1.1921,2.9777,-7.8869,55.8912,191.3898,33.6909
60.06,1.0209,2.3448,-6.8073,59.6059,194.4337,36.0293
60.08,0.8253,1.7518,-5.6315,63.3082,198.5669,39.4107
60.1,0.6095,1.2148,-4.3837,66.8752,204.2822,44.1125
60.12,0.1254,0.3539,-1.7462,72.8464,222.9532,59.7047
60.14,-0.1178,0.0524,-0.4031,74.7385,236.3909,71.6212
60.16,-0.3533,-0.1428,0.9353,75.6535,251.9202,85.845
60.18,-0.5695,-0.2333,2.2403,75.5263,267.7715,100.5164
60.2,-0.7631,-0.2305,3.4882,74.4654,281.6584,113.5544
60.22,-1.0531,0.0173,5.746,70.8523,301.4446,132.1086
60.24,-1.1626,0.2321,6.72,68.7376,307.8249,138.1189
60.26,-1.233,0.5,7.5739,66.6901,312.7323,142.7634
60.28,-1.2805,0.7772,8.2873,64.803,316.2684,146.1216
60.3,-1.341,1.0662,8.8802,63.0842,318.7842,148.5155
60.32,-1.3876,1.5188,9.6089,60.6881,321.729,150.9894
60.34,-1.4088,1.6493,9.7615,60.0519,322.1921,151.1895
60.36,-1.4153,1.7116,9.7724,59.862,322.2331,150.9711
60.38,-1.4268,1.6913,9.6556,60.0673,321.7211,150.2366
60.4,-1.4293,1.604,9.3889,60.7232,320.7858,149.2441
60.42,-1.3944,1.1969,8.3995,63.5406,316.584,145.4276
60.44,-1.3564,0.946,7.7017,65.5197,313.17,142.6901
60.46,-1.2883,0.678,6.8454,67.8403,308.4522,138.9277
60.48,-1.197,0.4378,5.8474,70.3031,301.8208,133.2793
60.5,-1.0783,0.2485,4.7161,72.6346,292.6857,124.8798
60.52,-0.7644,0.0451,2.1344,75.5344,264.2741,97.8269
60.54,-0.5653,0.0767,0.7403,75.3746,246.7322,81.3637
60.56,-0.3322,0.2327,-0.6972,73.9452,230.526,66.1838
60.58,-0.0837,0.5268,-2.1347,71.4953,217.6196,54.1056
60.6,0.1798,0.942,-3.5419,68.3808,208.0235,45.3254
60.62,0.7254,2.059,-6.1432,61.2418,195.7771,34.9251
60.64,0.9933,2.6991,-7.3028,57.5395,191.8243,31.9772
60.66,1.2462,3.3455,-8.36,53.8914,188.8763,29.8338
60.68,1.4813,3.9808,-9.3019,50.423,186.6687,28.1366
60.7,1.6977,4.5864,-10.1163,47.2054,184.932,26.7107
60.72,2.0652,5.6261,-11.3397,41.9795,182.6867,24.381
60.74,2.2107,6.0237,-11.7473,40.06,181.9509,23.2792
60.76,2.3379,6.3168,-12.0213,38.6797,181.4035,22.492
60.78,2.4441,6.4896,-12.1636,38.0373,181.1975,22.1142
60.8,2.5258,6.5352,-12.1805,37.9947,181.0458,21.8488
60.82,2.623,6.2661,-11.8984,39.3117,180.8977,21.9172
60.84,2.6408,5.9228,-11.5706,40.8994,180.9648,22.229
60.86,2.6266,5.5006,-11.154,42.853,181.1928,22.775
60.88,2.5813,4.9975,-10.6316,45.2377,181.6178,23.51
60.9,2.4991,4.4341,-9.9962,47.9946,182.2801,24.4247
60.92,2.2188,3.2001,-8.4156,54.3534,184.8792,26.8516
60.94,2.0196,2.5708,-7.4733,57.8042,187.1071,28.7637
60.96,1.7756,1.9682,-6.4314,61.3731,190.2561,31.2873
60.98,1.4944,1.407,-5.3067,64.9226,194.6942,34.7626
61,1.1841,0.9038,-4.116,68.2828,200.8746,39.7706
61.02,0.4973,0.1163,-1.6063,73.7719,221.4506,56.9704
61.04,0.1388,-0.1535,-0.3257,75.3216,236.0265,69.6288
61.06,-0.2089,-0.3236,0.9482,75.8372,252.147,83.9535
61.08,-0.5289,-0.3862,2.1992,75.3361,267.7325,98.2335
61.1,-0.8238,-0.376,3.3932,74.0203,280.5591,110.2409
61.12,-1.2936,-0.1046,5.5592,70.2118,298.7156,127.2005
61.14,-1.4737,0.1243,6.5051,68.1634,304.6548,133.0179
61.16,-1.6023,0.3898,7.3301,66.1788,309.2953,137.721
61.18,-1.6977,0.6782,8.0357,64.375,312.8231,141.5565
61.2,-1.7735,0.9527,8.616,62.7668,315.4342,144.3322
61.22,-1.8809,1.4058,9.396,60.3953,318.6404,147.5601
61.24,-1.8816,1.5373,9.5821,59.7396,319.4837,148.2591
61.26,-1.9054,1.5954,9.6518,59.4298,319.6505,148.3556
61.28,-1.9061,1.5988,9.5897,59.4886,319.4475,148.004
61.3,-1.8982,1.5193,9.411,59.9007,318.777,147.0411
61.32,-1.8851,1.1463,8.5913,62.0011,315.1797,142.7018
61.34,-1.8174,0.8879,7.985,63.573,312.458,139.5966
61.36,-1.7812,0.6217,7.2649,65.314,308.5957,135.5251
61.38,-1.7021,0.3389,6.4003,67.2344,303.5068,130.1313
61.4,-1.6085,0.0936,5.4209,69.1782,296.8005,123.4731
61.42,-1.3026,-0.2343,3.1185,72.5007,277.1036,104.4775
61.44,-1.1024,-0.2669,1.839,73.3433,263.8521,91.8531
61.46,-0.8606,-0.1905,0.5022,73.364,249.3928,78.1569
61.48,-0.5956,-0.0102,-0.8655,72.3945,235.3593,64.9626
61.5,-0.3194,0.2671,-2.2399,70.4787,223.172,53.5286
61.52,0.2713,1.1199,-4.9024,64.823,205.7151,37.535
61.54,0.5663,1.6692,-6.1366,61.483,199.9171,32.5856
61.56,0.8571,2.2756,-7.2856,58.0249,195.4949,29.0224
61.58,1.1312,2.9195,-8.3265,54.5715,192.1402,26.5982
61.6,1.3947,3.5853,-9.2584,51.2504,189.5827,24.9178
61.62,1.8525,4.8793,-10.7541,45.3216,186.1224,23.0532
61.64,2.0493,5.4621,-11.3182,42.8048,184.8987,22.734
61.66,2.2197,5.966,-11.7613,40.6393,183.9193,22.7119
61.68,2.3625,6.3711,-12.0913,38.9386,183.176,22.6457
61.7,2.4746,6.6469,-12.3068,37.6916,182.5251,22.5133
61.72,2.6176,6.7625,-12.3914,37.0992,181.7458,22.64
61.74,2.6423,6.6204,-12.2691,37.7185,181.6364,22.8467
61.76,2.6304,6.3193,-12.0024,39.0617,181.7204,23.1701
61.78,2.5779,5.9151,-11.6358,40.9191,182.1146,23.5776
61.8,2.4846,5.4245,-11.1663,43.1796,182.7842,24.093
61.82,2.1757,4.2456,-9.8983,48.8073,185.267,25.7785
61.84,1.9672,3.6024,-9.0987,52.0403,187.2477,27.2262
61.86,1.7184,2.9529,-8.1857,55.4609,189.8905,29.1497
61.88,1.436,2.3171,-7.171,58.9562,193.4072,31.7441
61.9,1.1244,1.712,-6.0652,62.4114,198.1167,35.3173
61.92,0.4333,0.6715,-3.6368,68.6983,212.6264,46.3021
61.94,0.0754,0.2668,-2.3491,71.1208,223.0098,54.6146
61.96,-0.2722,-0.0392,-1.0364,72.8185,235.3662,64.9942
61.98,-0.5968,-0.254,0.2748,73.6152,248.92,77.1728
62,-0.8877,-0.3603,1.5668,73.5195,262.9868,90.1716
62.02,-1.3685,-0.3106,3.9836,71.1607,286.0764,111.4542
62.04,-1.5501,-0.1665,5.0733,69.3768,294.4013,119.171
62.06,-1.6893,0.0437,6.0596,67.4536,300.963,125.278
62.08,-1.8011,0.3063,6.9282,65.4618,306.0271,129.8904
62.1,-1.8813,0.6054,7.6679,63.5761,309.9138,133.1592
62.12,-1.9727,1.1471,8.7126,60.5469,314.6268,136.8359
62.14,-1.9989,1.3642,9.0202,59.5227,315.862,137.7225
62.16,-2.0081,1.5107,9.1725,58.9461,316.4692,138.0736
62.18,-2.0123,1.5733,9.1719,58.799,316.418,137.8609
62.2,-2.0007,1.5617,9.0306,59.1173,315.912,137.347
62.22,-1.9734,1.2998,8.2566,61.1427,312.6821,134.5656
62.24,-1.9587,1.061,7.6435,62.6443,309.7043,131.6908
62.26,-1.9556,0.7911,6.8867,64.2718,305.652,127.5173
62.28,-1.941,0.5138,5.988,66.0116,300.2223,122.1966
62.3,-1.9056,0.254,4.9548,67.6525,293.1963,115.459
62.32,-1.8021,-0.1111,2.5497,69.8273,273.9406,96.432
62.34,-1.7004,-0.1557,1.213,70.0976,262.2355,84.9498
62.36,-1.5544,-0.0706,-0.1727,69.7005,250.107,73.3735
62.38,-1.3566,0.1418,-1.5829,68.5838,238.3239,62.4628
62.4,-1.1267,0.4659,-2.9833,66.7053,227.651,53.0111
62.42,-0.5889,1.4056,-5.6459,61.3624,211.2863,39.6236
62.44,-0.3008,1.9749,-6.8707,58.2025,205.4555,35.3446
62.46,-0.0148,2.5893,-7.9997,54.88,200.859,32.1812
62.48,0.2624,3.2327,-9.0145,51.571,197.1947,29.8379
62.5,0.5307,3.8889,-9.9076,48.3824,194.343,28.1712
62.52,1.0173,5.1624,-11.2986,42.7789,190.3955,26.1817
62.54,1.2287,5.7336,-11.8098,40.4817,189.0975,25.571
62.56,1.4141,6.228,-12.2143,38.5346,188.1044,25.0318
62.58,1.5738,6.6225,-12.5226,36.9419,187.338,24.6266
62.6,1.709,6.9053,-12.7349,35.7337,186.6507,24.3369
62.62,1.9041,7.0972,-12.8694,34.8753,185.7507,24.2135
62.64,1.9579,7.0109,-12.7962,35.2331,185.5198,24.3199
62.66,1.9888,6.8071,-12.6277,36.1164,185.4131,24.6605
62.68,1.9899,6.4602,-12.3386,37.5746,185.4981,25.1756
62.7,1.9555,6.0316,-11.9668,39.4184,185.7955,25.7529
62.72,1.7878,4.9296,-10.9299,44.2325,187.2358,27.2782
62.74,1.6579,4.2904,-10.2591,47.1119,188.4604,28.3075
62.76,1.4988,3.6171,-9.4846,50.2428,190.1391,29.5371
62.78,1.311,2.9333,-8.6064,53.5735,192.3541,30.9611
62.8,1.0959,2.2568,-7.6318,57.0333,195.3373,32.6654
62.82,0.6017,1.0048,-5.425,63.9255,204.2873,37.9488
62.84,0.3444,0.4618,-4.2191,67.0585,210.6268,42.6326
62.86,0.0813,-0.0023,-2.9642,69.7569,218.2846,48.8645
62.88,-0.1775,-0.3794,-1.6926,71.9607,228.3058,57.3111
62.9,-0.4298,-0.6599,-0.4205,73.4246,240.2753,68.125
62.92,-0.8844,-0.9088,2.0193,73.7774,266.4868,92.1888
62.94,-1.0856,-0.8732,3.1489,72.7774,277.9639,102.6149
62.96,-1.2714,-0.7597,4.1865,71.2774,287.1954,110.7055
62.98,-1.4215,-0.5637,5.1278,69.524,294.5443,116.8749
63,-1.5434,-0.3352,5.9551,67.673,300.1721,121.2475
63.02,-1.6904,0.1668,7.2724,64.5099,307.724,127.4206
63.04,-1.7064,0.3564,7.7387,63.432,310.0537,129.9692
63.06,-1.6964,0.4958,8.0627,62.7785,311.6991,132.0003
63.08,-1.6588,0.5642,8.228,62.5419,312.6927,133.34
63.1,-1.6087,0.5849,8.2362,62.7764,313.0305,134.1245
63.12,-1.4784,0.433,7.7821,64.5888,311.4505,133.8662
63.14,-1.3924,0.267,7.3145,66.014,309.3302,132.5303
63.16,-1.3073,0.0516,6.7182,67.6224,306.0545,129.9043
63.18,-1.2239,-0.1756,5.9998,69.3357,301.5277,125.8417
63.2,-1.1371,-0.4185,5.1549,71.0329,295.1681,119.8946
63.22,-0.9011,-0.7692,3.1266,73.7599,276.1676,101.84
63.24,-0.7579,-0.8101,1.9713,74.324,263.6152,89.7209
63.26,-0.596,-0.7312,0.7497,74.1337,250.2078,76.552
63.28,-0.4206,-0.5568,-0.515,73.0575,237.3808,63.9688
63.3,-0.2287,-0.2696,-1.7868,71.3137,226.2213,53.2873
63.32,0.1576,0.5349,-4.2907,66.1532,210.2757,38.0095
63.34,0.3339,1.0303,-5.479,63.1179,204.9827,32.6115
63.36,0.5026,1.564,-6.6061,59.9275,200.9885,28.5178
63.38,0.6687,2.1342,-7.6452,56.7471,197.8626,25.682
63.4,0.8317,2.732,-8.5808,53.645,195.4217,23.9333
63.42,1.1319,3.9599,-10.1114,48.1217,192.0093,21.9376
63.44,1.2643,4.543,-10.7104,45.7935,190.8035,21.341
63.46,1.3824,5.0741,-11.2002,43.7222,189.8984,21.1588
63.48,1.4842,5.5331,-11.5906,41.893,189.0359,21.0801
63.5,1.5634,5.8966,-11.8861,40.4033,188.3755,21.0584
63.52,1.6549,6.281,-12.1939,38.6613,187.5849,21.3357
63.54,1.6656,6.2883,-12.1954,38.5771,187.4557,21.7235
63.56,1.6529,6.1824,-12.0984,39.0112,187.5392,22.2917
63.58,1.6113,5.9457,-11.8797,40.0516,187.835,22.9732
63.6,1.5374,5.5981,-11.5516,41.6061,188.3952,23.6767
63.62,1.3084,4.6515,-10.6014,45.8428,190.3796,25.4315
63.64,1.1568,4.0814,-9.9668,48.4474,191.8976,26.7102
63.66,0.9835,3.4753,-9.2238,51.2885,193.8396,28.3851
63.68,0.7908,2.8561,-8.3757,54.3098,196.3281,30.4788
63.7,0.5772,2.2441,-7.4294,57.4381,199.4779,32.9509
63.72,0.107,1.089,-5.3037,63.539,208.6649,39.9516
63.74,-0.1383,0.5699,-4.1549,66.2889,215.0698,44.9335
63.76,-0.3878,0.0956,-2.9696,68.6266,222.9071,51.3488
63.78,-0.6306,-0.2955,-1.7626,70.5105,232.1047,59.0733
63.8,-0.8567,-0.594,-0.563,71.7758,242.6164,68.3026
63.82,-1.2429,-0.8496,1.7258,72.2843,264.5719,88.7021
63.84,-1.4109,-0.8134,2.7682,71.6077,274.4417,97.7578
63.86,-1.5406,-0.6942,3.707,70.5975,282.7693,105.1503
63.88,-1.6543,-0.5452,4.5377,69.4017,289.2307,111.1454
63.9,-1.7439,-0.3976,5.2439,68.2749,294.026,116.0383
63.92,-1.8413,-0.1327,6.1795,66.6021,299.7564,122.3952
63.94,-1.8776,-0.0281,6.3872,66.2345,300.8761,123.7708
63.96,-1.8767,0.0395,6.3986,66.3298,300.9335,124.24
63.98,-1.8715,0.0676,6.2535,66.7642,300.0141,123.9593
64,-1.8514,0.0486,5.9301,67.6358,297.7812,122.5932
64.02,-1.7814,-0.1627,4.7651,69.7988,289.5208,115.601
64.04,-1.7286,-0.3081,3.9741,70.8812,283.0084,109.4501
64.06,-1.6659,-0.4444,3.0605,71.7355,274.7175,101.5597
64.08,-1.5724,-0.5392,2.0373,72.2113,265.0007,92.1293
64.1,-1.4528,-0.5689,0.9178,72.136,254.1716,81.4526
64.12,-1.1312,-0.2786,-1.4799,70.0919,233.1168,60.8475
64.14,-0.9214,0.032,-2.7083,68.1982,223.9491,52.3758
64.16,-0.6823,0.4356,-3.9224,65.8665,216.1057,45.3783
64.18,-0.4296,0.9081,-5.0986,63.201,209.5608,39.688
64.2,-0.1719,1.43,-6.2172,60.3147,204.2183,35.177
64.22,0.3635,2.5668,-8.2264,54.3125,196.2658,29.1479
64.24,0.634,3.1599,-9.0815,51.398,193.3564,27.5128
64.26,0.8968,3.7513,-9.8265,48.6558,191.023,26.3809
64.28,1.1412,4.3204,-10.456,46.1793,189.1407,25.5201
64.3,1.3682,4.8465,-10.9765,44.0016,187.6619,24.8904
64.32,1.7541,5.6873,-11.7006,40.6101,185.5341,24.0653
64.34,1.9097,5.9636,-11.9103,39.4917,184.7742,23.8071
64.36,2.0397,6.1259,-12.0265,38.8542,184.211,23.5448
64.38,2.1408,6.1609,-12.0439,38.7109,183.8112,23.3623
64.4,2.2093,6.0812,-11.9704,39.0833,183.6005,23.2035
64.42,2.2593,5.5445,-11.4835,41.4941,183.6888,23.4799
64.43999,2.2253,5.1322,-11.0785,43.4238,184.0949,23.7758
64.46,2.1478,4.6422,-10.5626,45.7755,184.8371,24.2106
64.48,2.0282,4.088,-9.9356,48.4699,185.9573,24.9538
64.5,1.8678,3.4913,-9.2,51.4348,187.5689,26.1101
64.52,1.4208,2.2643,-7.4032,57.943,192.8342,29.9131
64.54,1.1405,1.6738,-6.3641,61.2885,196.9058,32.7687
64.56,0.8297,1.1195,-5.2467,64.5364,202.3176,36.5693
64.58,0.5028,0.6171,-4.0701,67.545,209.3908,41.7507
64.6,0.1669,0.1809,-2.8434,70.1138,218.1679,48.7741
64.62,-0.4492,-0.4366,-0.338,73.424,240.7042,69.0207
64.64,-0.7131,-0.6067,0.8892,74.0194,253.6265,81.2215
64.66,-0.9433,-0.6864,2.0715,73.8779,265.9045,93.3137
64.68,-1.1258,-0.6707,3.1764,73.1953,277.0058,104.2896
64.7,-1.2715,-0.5778,4.186,72.092,286.2598,113.4537
64.72,-1.4784,-0.2168,5.8686,69.3867,299.3734,126.1271
64.74,-1.5088,-0.0147,6.5085,68.2083,303.7421,130.5364
64.76,-1.5161,0.1359,7.0052,67.2917,306.7852,133.9833
64.78,-1.4933,0.2489,7.3509,66.7425,308.8832,136.5724
64.8,-1.4107,0.3217,7.5213,66.5941,310.3166,138.3105
64.82,-1.2268,0.2677,7.3949,67.5306,310.5476,138.933
64.84,-1.0925,0.1492,7.0808,68.7101,309.3307,137.8252
64.86,-0.9098,-0.0228,6.6051,70.209,307.1368,135.6803
64.88,-0.7385,-0.237,6.0079,71.8812,303.4398,132.055
64.9,-0.5445,-0.4637,5.2757,73.6185,298.0547,126.5056
64.92,-0.1546,-0.8441,3.459,76.6823,278.8398,107.2646
64.93999,0.0609,-0.9156,2.3826,77.4207,264.6706,93.1149
64.96,0.2662,-0.8708,1.2363,77.2637,249.188,77.393
64.98,0.4766,-0.7238,0.0267,76.1718,234.46,62.213
65,0.6912,-0.4782,-1.2112,74.2516,221.9793,49.7073
65.02,1.12,0.2777,-3.6769,68.912,205.1777,33.5733
65.04,1.3248,0.7673,-4.8567,65.8282,199.5934,28.4854
65.06,1.517,1.3052,-5.9769,62.6019,195.2835,24.8377
65.08,1.7012,1.8878,-7.0185,59.3756,191.9749,22.4674
65.1,1.8682,2.4927,-7.9616,56.279,189.4462,21.2284
65.12,2.1211,3.6854,-9.518,50.5043,186.1089,20.8252
65.14,2.189,4.2304,-10.1151,48.0107,185.1186,21.0163
65.16,2.2142,4.7072,-10.5916,45.8707,184.5114,21.2997
65.18,2.1964,5.0846,-10.9459,44.1823,184.3252,21.5818
65.2,2.1368,5.338,-11.1774,43.0356,184.4885,21.7702
65.22,1.9287,5.4238,-11.2581,42.6292,185.6663,22.4405
65.24,1.7945,5.2783,-11.1064,43.3402,186.5398,23.0504
65.26,1.6018,4.9688,-10.7637,44.8725,187.8754,23.9106
65.28,1.4,4.5746,-10.3051,46.8326,189.3884,24.8592
65.3,1.1748,4.0932,-9.7153,49.2029,191.2765,26.1745
65.32,0.6673,2.973,-8.1654,54.7898,196.451,30.2192
65.34,0.3875,2.389,-7.2181,57.8046,200.0511,33.1455
65.36,0.0979,1.8244,-6.1708,60.8609,204.6292,36.8472
65.38,-0.1921,1.2962,-5.0391,63.8002,210.3236,41.6688
65.4,-0.4697,0.8232,-3.8424,66.4952,217.3167,47.8249
65.42,-0.9782,0.0777,-1.3349,70.5794,235.139,63.9332
65.43999,-1.1859,-0.177,-0.0759,71.8017,245.8556,73.9233
65.46,-1.3699,-0.3542,1.1646,72.3411,257.2577,84.7617
65.48,-1.4995,-0.4391,2.3451,72.2726,268.4984,95.6798
65.5,-1.6036,-0.4368,3.4544,71.6424,278.5853,105.5666
65.52,-1.6817,-0.1863,5.3457,69.4003,294.3638,120.1193
65.54,-1.6843,0.0096,6.123,68.0791,300.0652,125.0659
65.56,-1.6452,0.1931,6.7671,66.8555,304.4141,128.8235
65.58,-1.5921,0.3345,7.2816,65.859,307.5858,131.6232
65.6,-1.5336,0.4456,7.6747,65.0726,309.9483,133.6271
65.62,-1.3295,0.4979,8.0069,64.56,312.4322,135.0497
65.64,-1.208,0.4361,7.9595,64.9276,312.6096,135.0243
65.66,-1.0671,0.3495,7.7841,65.6247,312.3865,134.84
65.68,-0.9095,0.184,7.4408,66.8653,311.0649,133.7172
65.7,-0.7629,-0.0127,6.9855,68.3009,308.9615,131.789
65.72,-0.4368,-0.4122,5.6931,71.7977,301.1191,124.1625
65.74,-0.2533,-0.5606,4.8575,73.6867,294.436,117.8242
65.76,-0.0644,-0.6342,3.918,75.4977,284.8194,109.0982
65.78,0.1428,-0.6109,2.8727,76.8933,272.1147,97.3621
65.8,0.358,-0.5095,1.7442,77.531,256.4213,82.4517
65.82,0.7827,-0.1009,-0.6767,75.6412,225.1774,52.3703
65.84,0.9888,0.1997,-1.9279,73.3661,213.7889,41.3557
65.86,1.1912,0.5633,-3.1771,70.5161,205.3787,33.3333
65.88,1.3807,0.9846,-4.3935,67.2843,199.2768,27.9241
65.9,1.5605,1.4736,-5.5534,63.901,194.7625,24.2736
65.92,1.8492,2.5874,-7.6222,57.1732,189.1414,19.8821
65.93999,1.9599,3.1769,-8.4986,54.0488,187.3802,18.7335
65.96,2.0512,3.7531,-9.2628,51.1821,186.1238,18.1888
65.98,2.119,4.2871,-9.9109,48.6604,185.2881,17.9816
66,2.1599,4.7525,-10.4468,46.6904,184.9294,17.9015
66.02,2.1741,5.4083,-11.1679,43.4753,184.3092,18.1456
66.04,2.1507,5.5694,-11.3493,42.6233,184.3797,18.6545
66.06,2.1064,5.6167,-11.4059,42.3358,184.3927,19.1969
66.08,2.0425,5.5572,-11.3487,42.5381,184.7134,19.8428
66.1,1.9555,5.3972,-11.187,43.2554,185.2054,20.5725
66.12,1.6892,4.7359,-10.4885,46.2221,186.9146,22.5927
66.14,1.5277,4.3021,-9.9977,48.2469,188.1614,23.7409
66.16,1.3402,3.8113,-9.4012,50.5815,189.7535,25.134
66.18,1.1301,3.2799,-8.7079,53.1461,191.785,26.7886
66.2,0.9022,2.7351,-7.9178,55.9028,194.3363,28.8221
66.22,0.3955,1.6702,-6.0637,61.6718,201.6032,34.61
66.24,0.1297,1.1857,-5.0247,64.4841,206.7129,38.746
66.26,-0.1352,0.752,-3.9276,67.1025,213.0179,43.9861
66.28,-0.3943,0.3733,-2.7869,69.3821,220.8018,50.8272
66.3,-0.6335,0.062,-1.6242,71.241,230.0621,59.2781
66.32,-1.0509,-0.3667,0.6868,73.1813,251.9527,79.8602
66.34,-1.2103,-0.4666,1.799,73.2695,263.161,90.7812
66.36,-1.3399,-0.5142,2.8504,72.8338,273.2651,100.8043
66.38,-1.4226,-0.4687,3.8294,72.0674,282.4989,109.8955
66.4,-1.4851,-0.3809,4.7229,71.0446,290.021,117.3287
66.42,-1.4991,-0.0895,6.1983,68.8596,301.2661,128.5204
66.43999,-1.4641,0.0661,6.771,67.8489,305.2461,132.408
66.46,-1.4119,0.2087,7.2294,66.9762,308.4271,135.4419
66.48,-1.3431,0.3016,7.5623,66.3591,310.6229,137.4435
66.5,-1.2901,0.3679,7.7816,65.9457,312.0863,138.705
66.52,-1.1064,0.3704,7.7808,66.2003,312.9334,139.082
66.54,-1.0119,0.2997,7.5868,66.8466,312.2605,138.4168
66.56,-0.8982,0.1697,7.2126,67.9611,310.4754,136.6457
66.58,-0.7746,0.0179,6.7261,69.2868,308.0523,134.1207
66.6,-0.65,-0.1537,6.1173,70.8529,304.4014,130.6608
66.62,-0.3546,-0.4846,4.5239,74.4902,291.2962,119.2533
66.64,-0.1815,-0.5624,3.541,76.1053,280.7321,109.5006
66.66,-0.0044,-0.5558,2.4568,77.1887,266.9158,96.4146
66.68,0.1732,-0.4796,1.2937,77.3585,250.6955,80.9094
66.7,0.3583,-0.3294,0.0638,76.4438,234.6643,65.5457
66.72,0.7126,0.2049,-2.4575,71.9281,211.1381,43.536
66.74,0.8869,0.5937,-3.7002,68.8868,203.7579,37.1481
66.76,1.0442,1.0586,-4.8905,65.6111,198.4313,32.7616
66.78,1.1933,1.5958,-6.0109,62.3334,194.6404,29.7537
66.8,1.3256,2.178,-7.038,59.1841,192.0436,27.88
66.82,1.552,3.363,-8.7724,53.3111,188.6379,26.6905
66.84,1.6415,3.9104,-9.4674,50.5851,187.43,26.7247
66.86,1.7087,4.3806,-10.0373,48.1591,186.5084,26.872
66.88,1.7614,4.7466,-10.4749,46.2299,185.845,27.0839
66.9,1.7972,4.9836,-10.7582,44.9376,185.4122,27.4243
66.92,1.8237,5.0495,-10.8411,44.5725,185.1556,28.151
66.93999,1.8094,4.8927,-10.6689,45.3611,185.3435,28.4334
66.96,1.77,4.58,-10.3135,46.9122,185.8176,28.8306
66.98,1.7081,4.1901,-9.8423,48.8933,186.5506,29.3407
67,1.6214,3.7303,-9.2539,51.2532,187.6326,29.9549
67.02,1.3665,2.6863,-7.7571,56.8326,191.2829,31.8613
67.04,1.2014,2.14,-6.872,59.8438,194.0973,33.467
67.06,1.0083,1.6004,-5.9036,62.9028,197.9054,35.9924
67.08,0.7996,1.0912,-4.87,65.9296,202.7349,39.3928
67.1,0.5732,0.6276,-3.7811,68.7522,208.8994,44.0676
67.12,0.0998,-0.1017,-1.5141,73.2505,226.3357,58.4639
67.14,-0.1345,-0.3525,-0.3714,74.6331,237.4594,68.3076
67.16,-0.3661,-0.5244,0.7511,75.2733,250.2539,80.0974
67.18,-0.5724,-0.6085,1.8251,75.2156,263.0392,92.043
67.2,-0.7608,-0.6082,2.8358,74.4882,274.3777,102.6349
67.22,-1.0761,-0.4012,4.5936,71.8746,291.2468,117.8785
67.24,-1.2016,-0.2275,5.3251,70.3599,296.9294,122.7852
67.26,-1.3006,-0.0575,5.9424,68.9393,301.1187,126.296
67.28,-1.3797,0.1084,6.452,67.6782,304.2027,128.8806
67.3,-1.4303,0.235,6.8407,66.6431,306.3473,130.6821
67.32,-1.4861,0.3458,7.2445,65.5047,308.3398,131.972
67.34,-1.4724,0.3475,7.2502,65.4698,308.4342,131.8783
67.36,-1.4347,0.307,7.1378,65.7983,307.9695,131.4103
67.38,-1.3737,0.2131,6.882,66.5026,306.6968,130.2896
67.4,-1.2944,0.0857,6.5039,67.5521,304.5744,128.4284
67.42,-1.0954,-0.2357,5.444,70.1752,297.782,122.1888
67.43999,-0.9711,-0.389,4.7638,71.6462,292.5224,117.3352
67.46,-0.8135,-0.5221,3.9737,73.0866,285.5356,110.7747
67.48,-0.6461,-0.5929,3.1001,74.3289,276.5303,102.1936
67.5,-0.466,-0.6144,2.1353,75.0868,265.7195,91.6075
67.52,-0.0867,-0.4171,-0.0066,74.6157,241.1045,67.1468
67.54,0.1104,-0.1979,-1.1548,73.2481,229.6469,55.7719
67.56,0.3149,0.092,-2.3313,71.2429,220.0974,46.2907
67.58,0.5136,0.4512,-3.498,68.7815,212.3827,38.7635
67.6,0.7138,0.8697,-4.6406,66.0029,206.284,32.9426
67.62,1.1069,1.8549,-6.7477,60.2127,197.8345,25.5974
67.64,1.2943,2.3974,-7.6733,57.3374,194.8025,23.635
67.66,1.4725,2.9478,-8.5017,54.5192,192.3244,22.5236
67.68,1.6326,3.4921,-9.2191,51.853,190.3334,22.0947
67.7,1.7621,4.0057,-9.8271,49.4126,188.7598,21.8401
67.72,1.9184,4.8423,-10.7358,45.4514,186.8834,21.5785
67.74,1.9461,5.1297,-11.0363,44.0576,186.4451,21.5858
67.76,1.9408,5.3079,-11.2265,43.1217,186.2852,21.8649
67.78,1.908,5.3788,-11.3109,42.6862,186.3618,22.2644
67.8,1.8453,5.343,-11.2861,42.7769,186.6589,22.6706
67.82,1.6236,4.9517,-10.9018,44.4705,187.9649,23.9655
67.84,1.4713,4.6191,-10.5522,45.9663,188.9951,24.8019
67.86,1.29,4.2126,-10.1,47.8187,190.3499,25.7962
67.88,1.0849,3.7479,-9.548,49.9692,192.0716,27.0369
67.9,0.8575,3.2428,-8.8974,52.378,194.2886,28.6025
67.92,0.3471,2.1896,-7.3061,57.6339,200.4783,33.1901
67.93999,0.0665,1.6826,-6.3753,60.3528,204.8149,36.3688
67.96,-0.2165,1.202,-5.3795,62.9444,210.0643,40.2455
67.98,-0.4969,0.7634,-4.3246,65.3192,216.3169,45.1557
68,-0.7639,0.3757,-3.228,67.3743,223.6239,51.3294
68.02,-1.2417,-0.22,-0.9829,70.137,241.2221,67.3972
68.04,-1.4324,-0.4083,0.1229,70.8058,250.8678,76.4362
68.06,-1.5951,-0.5288,1.1931,70.9597,260.326,85.5282
68.08,-1.7171,-0.569,2.2093,70.7474,269.2496,94.1499
68.1,-1.7986,-0.5602,3.149,70.2113,277.1384,101.9191
68.12,-1.8636,-0.3932,4.7694,68.6822,289.668,114.8485
68.14,-1.8546,-0.2924,5.4097,67.9019,294.1561,119.5875
68.16,-1.83,-0.1838,5.9263,67.2236,297.69,123.2429
68.18,-1.785,-0.1022,6.2981,66.7383,300.1813,125.8064
68.2,-1.7267,-0.0429,6.5192,66.5215,301.7744,127.4349
68.22,-1.5937,-0.0359,6.5103,66.9532,302.0945,127.9569
68.24,-1.5189,-0.092,6.3002,67.5715,300.9485,126.8945
68.26,-1.4195,-0.1919,5.9041,68.5436,298.6984,124.7273
68.28,-1.3335,-0.3143,5.4165,69.5734,295.4208,121.5325
68.3,-1.2416,-0.4705,4.7999,70.7268,290.759,116.9115
68.32,-0.9823,-0.7226,3.2247,72.9712,276.6974,103.3426
68.34,-0.8215,-0.7678,2.29,73.7457,267.0053,94.1198
68.36,-0.654,-0.745,1.2781,74.038,255.6628,83.3393
68.38,-0.4645,-0.6383,0.2123,73.7112,243.9986,72.1935
68.4,-0.2569,-0.4446,-0.8905,72.7496,232.6386,61.4798
68.42,0.1762,0.1562,-3.1193,69.1187,214.3468,44.6841
68.43999,0.3912,0.5504,-4.2068,66.6688,207.6145,38.7386
68.46,0.6001,0.993,-5.2529,63.9932,202.3365,34.2122
68.48,0.8011,1.474,-6.2406,61.1586,198.105,30.7816
68.5,0.9892,1.9814,-7.1497,58.3407,194.9012,28.5737
68.52,1.3222,3.0276,-8.7032,53.0455,190.5348,26.1546
68.54,1.4563,3.5311,-9.332,50.6953,189.0959,25.5488
68.56,1.5695,3.9966,-9.8585,48.5966,187.994,25.2541
68.58,1.6616,4.4046,-10.2803,46.792,187.1588,25.2768
68.6,1.7279,4.732,-10.5975,45.327,186.5456,25.5159
68.62,1.7787,5.0792,-10.9286,43.7222,186.0118,25.9954
68.64,1.766,5.0765,-10.9319,43.6637,186.0331,26.4799
68.66,1.7263,4.9695,-10.8231,44.1176,186.2466,27.1095
68.68,1.6477,4.7382,-10.5725,45.1886,186.7503,27.9317
68.7,1.5324,4.4124,-10.2039,46.757,187.6042,28.776
68.72,1.1904,3.5393,-9.1268,51.048,190.5265,30.827
68.74,0.9699,3.0298,-8.4215,53.6392,192.7642,32.3147
68.76,0.721,2.5025,-7.6077,56.4139,195.668,34.3311
68.78,0.4463,1.9782,-6.6966,59.307,199.4958,37.0325
68.8,0.1541,1.4758,-5.6998,62.1583,204.2977,40.575
68.82,-0.4469,0.5969,-3.5127,67.2849,217.7784,51.2475
68.84,-0.7396,0.2394,-2.3614,69.2663,226.2825,58.3714
68.86,-1.0091,-0.0501,-1.1982,70.7537,236.0394,66.8931
68.88,-1.2554,-0.2726,-0.0428,71.6138,246.4915,76.6102
68.9,-1.4574,-0.41,1.0772,71.9481,257.0337,86.6779
68.92,-1.7524,-0.4432,3.137,71.1647,276.0373,105.0708
68.93999,-1.8476,-0.3625,4.0414,70.315,283.6425,112.4264
68.96,-1.909,-0.2358,4.8455,69.3126,289.9441,118.4836
68.98,-1.9313,-0.0901,5.5351,68.3002,295.0491,123.2704
69,-1.9275,0.0484,6.1121,67.3714,299.0291,127.0535
69.02,-1.8573,0.2401,6.8976,66.0613,304.127,132.0642
69.04,-1.7939,0.2834,7.0849,65.7801,305.5039,133.2099
69.06,-1.7203,0.2704,7.127,65.833,305.9995,133.4757
69.08,-1.6294,0.2245,7.0275,66.225,305.8268,133.0767
69.1,-1.5094,0.1331,6.7633,67.0442,304.6707,131.8354
69.12,-1.2593,-0.145,5.7802,69.5322,298.7961,125.8873
69.14,-1.1102,-0.3114,5.0832,71.0202,293.7578,120.8367
69.16,-0.9306,-0.4613,4.267,72.5555,286.9984,114.2775
69.18,-0.7339,-0.5854,3.3414,73.9136,278.0075,105.6064
69.2,-0.5199,-0.6599,2.3192,74.8693,266.6258,94.6241
69.22,-0.0364,-0.5413,0.0763,74.7237,240.0226,68.7695
69.24,0.2192,-0.3324,-1.0862,73.4759,227.7615,57.0579
69.26,0.4777,-0.038,-2.2523,71.5591,217.4379,47.455
69.28,0.7361,0.3437,-3.397,69.1648,209.2663,40.0765
69.3,0.9861,0.7962,-4.5006,66.4656,202.9635,34.5283
69.32,1.43,1.8233,-6.5251,60.656,194.5189,27.5669
69.34,1.6279,2.3662,-7.4242,57.7609,191.7713,25.6255
69.36,1.8049,2.9091,-8.2265,54.9919,189.6802,24.5691
69.38,1.9586,3.4363,-8.9258,52.4391,188.0144,23.9676
69.4,2.0848,3.9311,-9.5172,50.152,186.834,23.6946
69.42,2.2436,4.7168,-10.361,46.5226,185.2245,23.5791
69.43999,2.2865,4.9682,-10.6052,45.3814,184.7652,23.9985
69.46,2.3001,5.1006,-10.7237,44.7743,184.529,24.618
69.48,2.2809,5.1065,-10.7198,44.7428,184.5513,25.1578
69.5,2.2331,4.9984,-10.6039,45.236,184.7921,25.714
69.52,2.0235,4.4246,-9.9674,47.9486,186.2374,27.3131
69.54,1.8715,4.0205,-9.477,49.9425,187.4853,28.3631
69.56,1.6846,3.5576,-8.8737,52.2733,189.1544,29.6478
69.58,1.4659,3.0583,-8.1645,54.8637,191.34,31.2698
69.6,1.2181,2.5367,-7.363,57.5973,194.1934,33.3345
69.62,0.6518,1.5154,-5.5,63.1717,202.4087,39.6875
69.64,0.3468,1.0573,-4.4645,65.827,208.239,44.2656
69.66,0.0342,0.6556,-3.378,68.2608,215.5091,49.947
69.68,-0.2714,0.3134,-2.2636,70.2576,223.925,56.8002
69.7,-0.5606,0.0453,-1.1356,71.7773,233.6561,65.3408
69.72,-1.0426,-0.2282,1.0352,73.0794,255.4392,85.6839
69.74,-1.2244,-0.2338,1.994,72.8692,265.2912,94.785
69.76,-1.3677,-0.1658,2.8308,72.2838,273.7367,102.477
69.78,-1.4606,-0.0707,3.5092,71.6167,279.9141,108.4643
69.8,-1.5069,0.0415,4.0122,71.0966,284.0073,112.76
69.82,-1.495,0.2139,4.472,70.7203,287.4101,116.6242
69.84,-1.4495,0.2318,4.4603,70.8983,287.2894,116.6145
69.86,-1.389,0.1932,4.322,71.2517,286.2007,115.5199
69.88,-1.3069,0.089,4.0317,71.8358,283.6942,112.9706
69.9,-1.2145,-0.0587,3.6256,72.4577,280.0253,109.3563
69.92,-1.0012,-0.3454,2.5095,73.5185,268.8181,98.447
69.93999,-0.8745,-0.4044,1.7883,73.7433,261.2251,90.7318
69.96,-0.7338,-0.3789,0.9728,73.6237,252.747,81.9431
69.98,-0.582,-0.2827,0.0929,73.1478,243.7213,72.8012
70,-0.4133,-0.135,-0.8362,72.2454,234.847,64.0804
70.02,-0.0578,0.2789,-2.782,69.1934,219.1546,48.693
70.04,0.1269,0.5615,-3.7594,67.192,212.8899,42.4319
70.06,0.3022,0.8909,-4.7095,64.9589,207.7629,37.3128
70.08,0.4732,1.2685,-5.615,62.6176,203.5916,33.2792
70.1,0.6403,1.6754,-6.469,60.2062,200.1757,30.1813
70.12,0.9297,2.5302,-7.9781,55.4536,195.2435,25.9326
70.14,1.0432,2.9439,-8.628,53.2331,193.6283,24.3525
70.16,1.1383,3.3304,-9.205,51.1832,192.3725,22.9599
70.18,1.2241,3.6865,-9.6942,49.353,191.4487,22.325
70.2,1.2959,4.0046,-10.0916,47.7904,190.6598,21.9471
70.22,1.3933,4.4881,-10.6141,45.5313,189.6158,21.8786
70.24,1.4188,4.6327,-10.7498,44.888,189.3326,21.969
70.26,1.4331,4.701,-10.8064,44.6336,189.264,22.4486
70.28,1.4319,4.6917,-10.784,44.6986,189.2319,23.0401
70.3,1.413,4.6112,-10.6916,45.0497,189.3547,23.6234
70.32,1.3116,4.1984,-10.2224,46.8681,190.2088,25.1914
70.34,1.2362,3.8975,-9.8668,48.2603,190.9656,26.153
70.36,1.1441,3.5428,-9.424,49.9341,191.9508,27.342
70.38,1.034,3.148,-8.8901,51.8789,193.224,28.7021
70.4,0.9064,2.7217,-8.2712,54.058,194.8757,30.2097
70.42,0.6108,1.8279,-6.7893,58.8769,199.5992,34.174
70.43999,0.4461,1.3831,-5.9368,61.3942,202.8521,36.8924
70.46,0.2755,0.9537,-5.0226,63.8655,206.8936,40.3802
70.48,0.1016,0.5582,-4.053,66.2578,211.8532,44.7515
70.5,-0.0699,0.2064,-3.0456,68.4745,218.0029,50.1213
70.52,-0.3862,-0.3498,-0.9604,72.0183,234.0837,64.6752
70.54,-0.5186,-0.5476,0.088,73.1647,243.6183,73.888
70.56,-0.6276,-0.69,1.1159,73.8718,253.7101,83.7115
70.58,-0.7068,-0.7771,2.1057,74.1235,263.9134,93.7812
70.6,-0.7686,-0.8192,3.0423,73.9569,273.4706,103.3689
70.62,-0.7921,-0.7376,4.7023,72.9094,289.5349,119.9482
70.64,-0.7696,-0.639,5.4001,72.2008,295.7259,126.6554
70.66,-0.7141,-0.5158,5.9996,71.4878,300.8885,132.4659
70.68,-0.6668,-0.4059,6.4953,70.785,304.8198,136.7183
70.7,-0.599,-0.2975,6.8776,70.1912,308.009,139.8545
70.72,-0.4518,-0.1671,7.2991,69.5638,311.7889,143.2568
70.74,-0.3763,-0.1692,7.3254,69.6345,312.3836,143.6105
70.76,-0.2994,-0.1965,7.2339,69.9512,312.3053,143.2485
70.78,-0.1935,-0.2726,6.9866,70.6422,311.2835,141.8103
70.8,-0.0943,-0.3802,6.6076,71.6032,309.2142,139.3277
70.82,0.1169,-0.6456,5.4768,74.1894,300.9875,130.4762
70.84,0.2405,-0.7754,4.7081,75.6377,293.8481,123.1053
70.86,0.3742,-0.8654,3.8282,76.9472,284.0212,113.141
70.88,0.5046,-0.9086,2.8535,77.7909,271.2804,100.2572
70.9,0.6434,-0.8997,1.7901,77.9622,256.3755,85.156
70.92,0.9195,-0.6401,-0.4872,75.7761,228.2993,57.1806
70.93999,1.0522,-0.3819,-1.6652,73.6275,217.9348,46.9035
70.96,1.1716,-0.0416,-2.8355,71.0381,210.0627,39.132
70.98,1.2799,0.371,-3.9817,68.1513,204.2483,33.5219
71,1.3832,0.8481,-5.0753,65.1458,199.835,29.6275
71.02,1.5419,1.909,-7.0537,59.0036,194.0736,25.5753
71.04,1.5969,2.465,-7.9182,56.0797,192.2587,24.5922
71.06,1.6348,3.0155,-8.6876,53.3009,190.8875,24.0553
71.08,1.6525,3.5414,-9.3528,50.7329,189.8579,23.877
71.1,1.6561,4.034,-9.9099,48.4181,189.0639,23.9928
71.12,1.6033,4.8293,-10.7024,44.7949,188.2552,24.4978
71.14,1.5495,5.0864,-10.9427,43.5843,188.1683,24.9525
71.16,1.4833,5.2294,-11.0762,42.888,188.2752,25.6297
71.18,1.4065,5.2532,-11.0925,42.7234,188.5472,26.6009
71.2,1.317,5.171,-10.9958,43.0911,188.9701,27.5322
71.22,1.0569,4.6595,-10.4031,45.58,190.6826,29.4822
71.24,0.903,4.2727,-9.9265,47.4906,191.9886,30.6314
71.26,0.7345,3.8201,-9.3294,49.7819,193.6805,32.041
71.28,0.5518,3.3222,-8.611,52.3837,195.8359,33.8945
71.3,0.3571,2.7998,-7.7827,55.2033,198.5583,36.1279
71.32,-0.0535,1.7535,-5.8337,61.0801,206.3548,42.4528
71.34,-0.2601,1.2685,-4.7328,63.9434,211.7868,47.0824
71.36,-0.4586,0.8281,-3.5736,66.581,218.5548,52.9404
71.38,-0.6479,0.4447,-2.374,68.8678,226.9408,60.2674
71.4,-0.8331,0.1171,-1.1523,70.6,236.866,68.9801
71.42,-1.1431,-0.3313,1.2693,72.187,259.1506,89.0214
71.43999,-1.2425,-0.4389,2.4295,72.1069,270.078,99.3421
71.46,-1.315,-0.4702,3.5235,71.5024,279.9807,108.7797
71.48,-1.3731,-0.4267,4.5459,70.501,288.4226,116.9243
71.5,-1.3997,-0.3165,5.4679,69.2827,295.561,123.6803
71.52,-1.3986,0.0133,6.9891,66.6467,305.8772,133.1973
71.54,-1.388,0.1806,7.5754,65.4153,309.2704,136.2134
71.56,-1.348,0.3489,8.0349,64.3696,311.9616,138.5766
71.58,-1.3173,0.4712,8.3694,63.5686,313.8316,140.1516
71.6,-1.2775,0.5331,8.5748,63.1026,314.9193,141.0285
71.62,-1.1736,0.4902,8.5694,63.1643,315.3992,140.4986
71.64,-1.1191,0.3877,8.3765,63.7163,314.6448,139.1712
71.66,-1.0346,0.2049,7.9988,64.667,313.0998,137.0237
71.68,-0.9704,0.0002,7.5306,65.8543,310.7805,134.1897
71.7,-0.8952,-0.2299,6.9416,67.2971,307.5216,130.4756
71.72,-0.6563,-0.6514,5.4073,70.6501,297.6449,120.0447
71.74,-0.5072,-0.8063,4.4951,72.3421,290.3165,112.8174
71.76,-0.3273,-0.9015,3.4977,73.8312,281.0173,103.8745
71.78,-0.1435,-0.9243,2.4455,74.8982,269.6609,93.1331
71.8,0.0675,-0.8777,1.3343,75.3654,256.613,80.809
71.82,0.4726,-0.5733,-0.9566,73.8431,230.9313,56.6639
71.84,0.6626,-0.3206,-2.1166,71.9777,220.8978,47.1255
71.86,0.8247,-0.0004,-3.254,69.6232,213.1191,39.8773
71.88,0.9667,0.3831,-4.3576,66.9349,207.3033,34.619
71.9,1.0882,0.8311,-5.4062,64.1241,202.9411,30.8244
71.92,1.2753,1.8591,-7.2922,58.4034,197.0288,26.4406
71.93999,1.3419,2.4045,-8.108,55.6324,195.01,25.4654
71.96,1.3968,2.9516,-8.8391,52.9877,193.3794,24.9905
71.98,1.4331,3.4772,-9.4712,50.5178,192.0894,25.0993
72,1.4523,3.9686,-10.0099,48.2556,191.0235,25.4284
72.02,1.4296,4.776,-10.7811,44.7298,189.75,27.0022
72.04,1.383,5.068,-11.0022,43.6028,189.4987,28.0694
72.06,1.3041,5.2595,-11.1193,42.9416,189.5761,29.0343
72.08,1.1985,5.3318,-11.1398,42.7292,189.9271,30.0009
72.1,1.0781,5.2815,-11.0694,43.0432,190.4692,31.0329
72.12,0.7465,4.8239,-10.544,45.1401,192.4986,33.9157
72.14,0.555,4.4742,-10.0884,46.9495,194.0542,35.3786
72.16,0.3425,4.057,-9.5076,49.1513,196.0099,36.8729
72.18,0.1185,3.5894,-8.8149,51.6244,198.4511,38.6087
72.2,-0.1143,3.0856,-8.0188,54.2631,201.4179,40.7114
72.22,-0.5826,2.0539,-6.1591,59.6375,209.3665,46.4277
72.24,-0.8083,1.5624,-5.1224,62.205,214.6245,50.1028
72.26,-1.0215,1.1002,-4.0325,64.5468,220.8642,54.5888
72.28,-1.2125,0.68,-2.9062,66.5924,228.1618,60.1077
72.3,-1.3756,0.3112,-1.7595,68.2288,236.3972,66.6388
72.32,-1.6179,-0.2468,0.5191,70.0844,254.9338,81.8364
72.34,-1.691,-0.4311,1.6169,70.2333,264.5096,89.8275
72.36,-1.7361,-0.5438,2.6631,69.9591,273.4009,97.5276
72.38,-1.7409,-0.5799,3.6282,69.3488,281.3445,104.436
72.4,-1.7272,-0.5454,4.5061,68.4624,288.1989,110.2266
72.42,-1.6289,-0.3281,5.946,66.4651,298.6248,118.5166
72.43999,-1.5423,-0.2016,6.4974,65.5792,302.3897,121.4598
72.46,-1.4701,-0.1133,6.9469,64.8722,305.1171,123.9123
72.48,-1.3349,-0.0479,7.2604,64.4922,307.3836,126.2877
72.5,-1.2213,-0.0525,7.4459,64.3734,308.6604,127.7988
72.52,-1.0038,-0.1217,7.4171,65.0324,309.4637,128.8236
72.54,-0.8827,-0.2027,7.1929,65.9539,308.7284,128.4019
72.56,-0.766,-0.3246,6.8132,67.1379,306.9778,127.157
72.58,-0.6493,-0.4602,6.3145,68.5344,304.3243,125.0149
72.6,-0.5445,-0.5998,5.7028,70.0044,300.5062,121.5766
72.62,-0.3589,-0.8537,4.1623,72.8824,288.1274,109.8337
72.64,-0.2547,-0.9144,3.2469,74.0183,279.139,101.3463
72.66,-0.1437,-0.9039,2.2504,74.7373,268.3776,91.1623
72.68,-0.0242,-0.8096,1.1914,74.867,256.4534,79.8948
72.7,0.0895,-0.6358,0.0928,74.3057,244.4259,68.5767
72.72,0.3207,-0.0701,-2.1626,71.2509,224.1488,49.9214
72.74,0.4309,0.3088,-3.2766,69.0098,216.6154,43.3739
72.76,0.5374,0.7409,-4.3592,66.466,210.6292,38.4504
72.78,0.6386,1.2131,-5.394,63.7239,205.8897,34.8416
72.8,0.7335,1.7155,-6.3667,60.9177,202.159,32.2355
72.82,0.9141,2.7626,-8.0704,55.3496,196.6118,29.3664
