time,pos_x,pos_y,pos_z,rot_x,rot_y,rot_z
23.92,-24.252,-15.4047,4.766,81.9274,98.409,46.1459
23.94,-24.236,-15.3982,4.7671,81.8841,98.2452,46.0001
23.96,-24.2189,-15.4004,4.7647,81.8126,98.274,46.0609
23.98,-24.2047,-15.3962,4.7627,81.7582,98.2137,46.05
24,-24.1848,-15.3944,4.7657,81.6896,98.0681,45.931
24.02,-24.1485,-15.3909,4.7699,81.5579,97.8777,45.7855
24.04,-24.1395,-15.3906,4.765,81.5207,97.945,45.8838
24.06,-24.1311,-15.3861,4.7637,81.4944,97.8893,45.8343
24.08,-24.1116,-15.3852,4.7697,81.4358,97.6851,45.5678
24.1,-24.1123,-15.3826,4.7619,81.4336,97.8298,45.7454
24.12,-24.0985,-15.382,4.7595,81.3991,97.8918,45.7887
24.14,-24.1028,-15.3799,4.7517,81.4073,98.0506,45.9675
24.16,-24.1048,-15.3815,4.745,81.4089,98.2141,46.1479
24.18,-24.1065,-15.3837,4.7395,81.4119,98.3985,46.3279
24.2,-24.1175,-15.3851,4.7286,81.4341,98.6373,46.6029
24.22,-24.1326,-15.3885,4.718,81.4768,98.9322,46.9182
24.24,-24.1454,-15.3914,4.7088,81.5177,99.2508,47.2532
24.26,-24.1594,-15.3902,4.7016,81.5605,99.4356,47.4311
24.28,-24.1739,-15.3913,4.693,81.6084,99.6497,47.632
24.3,-24.1869,-15.3942,4.6874,81.6456,99.8451,47.8383
24.32,-24.2088,-15.4021,4.6802,81.7118,100.2006,48.208
24.34,-24.2182,-15.4058,4.677,81.7382,100.3004,48.3173
24.36,-24.2252,-15.4051,4.6753,81.7603,100.3681,48.3851
24.38,-24.2327,-15.4061,4.6705,81.7753,100.4891,48.5267
24.4,-24.2346,-15.4061,4.6697,81.7815,100.549,48.6164
24.42,-24.2393,-15.4084,4.6619,81.7705,100.6834,48.8531
24.44,-24.2414,-15.4113,4.6512,81.7626,100.9841,49.2337
24.46,-24.2434,-15.4151,4.6331,81.7384,101.3537,49.6997
24.48,-24.2426,-15.4199,4.6116,81.69,101.8694,50.3394
24.5,-24.239,-15.4215,4.5882,81.6474,102.4273,51.0454
24.52,-24.2411,-15.4193,4.5116,81.5513,104.0171,53.033
24.54,-24.2301,-15.4207,4.4701,81.4568,104.8918,54.0986
24.56,-24.2293,-15.4223,4.4123,81.3631,106.0497,55.5023
24.58,-24.228,-15.4238,4.3458,81.2686,107.4138,57.0914
24.6,-24.2299,-15.42,4.2736,81.1723,108.7933,58.6573
24.62,-24.2305,-15.4169,4.1078,80.9497,112.1345,62.2777
24.64,-24.2263,-15.4052,4.036,80.8578,113.4918,63.7158
24.66,-24.2273,-15.3989,3.9558,80.759,115.0939,65.3615
24.68,-24.229,-15.3925,3.8839,80.6784,116.5892,66.8593
24.7,-24.2336,-15.3875,3.8155,80.5959,117.8809,68.148
24.72,-24.2314,-15.3779,3.7291,80.5061,119.6772,69.7873
24.74,-24.2402,-15.3751,3.6985,80.4907,120.4268,70.4925
24.76,-24.2428,-15.3739,3.6913,80.4773,120.7342,70.7105
24.78,-24.2458,-15.3744,3.6977,80.4868,120.6859,70.5499
24.8,-24.2479,-15.3704,3.722,80.5446,120.1094,69.6336
24.82,-24.2486,-15.3673,3.8482,80.6972,117.9073,66.5776
24.84,-24.26,-15.3759,3.9342,80.7916,116.2905,64.4824
24.86,-24.2715,-15.3866,4.053,80.9438,114.04,61.8799
24.88,-24.2951,-15.3997,4.1883,81.1202,111.2884,58.9073
24.9,-24.3129,-15.4129,4.3572,81.3167,107.7798,55.1045
24.92,-24.356,-15.4466,4.7525,81.6134,99.1539,45.9594
24.94,-24.3835,-15.4622,4.9715,81.7116,94.2334,40.7273
24.96,-24.4106,-15.4808,5.2017,81.7419,89.0065,35.1169
24.98,-24.4311,-15.4988,5.4488,81.6891,83.4968,29.1739
25,-24.4538,-15.5136,5.7054,81.5902,77.9205,23.1275
25.02,-24.5033,-15.5242,6.2425,81.1328,66.7431,11.0649
25.04,-24.5314,-15.5284,6.5161,80.8036,61.6732,5.6754
25.06,-24.5551,-15.5254,6.7958,80.3683,56.8792,0.6436
25.08,-24.5806,-15.5171,7.0723,79.8691,52.4697,356.0713
25.1,-24.6035,-15.5157,7.3415,79.3138,48.8183,352.2817
25.12,-24.6287,-15.5122,7.8635,78.1033,43.077,346.5066
25.14,-24.65,-15.5156,8.0915,77.5411,40.971,344.6198
25.16,-24.6587,-15.5145,8.3099,76.9711,39.2023,342.9912
25.18,-24.6823,-15.5136,8.4891,76.4839,37.7288,341.5134
25.2,-24.6724,-15.5188,8.6627,75.9922,36.8618,340.5157
25.22,-24.6856,-15.5247,8.8968,75.3332,35.3633,338.9279
25.24,-24.6824,-15.535,8.9668,75.1255,35.0335,338.5764
25.26,-24.6842,-15.5395,8.9981,75.0317,34.7925,338.3866
25.28,-24.689,-15.5543,8.9842,75.086,34.8639,338.539
25.3,-24.6851,-15.5696,8.9449,75.2023,35.1981,338.9852
25.32,-24.7026,-15.6106,8.7056,75.895,36.6388,341.041
25.34,-24.717,-15.6419,8.533,76.3867,37.8458,342.6667
25.36,-24.7318,-15.673,8.3299,76.9563,39.3517,344.6099
25.38,-24.7447,-15.7189,8.0943,77.6027,41.461,347.1339
25.4,-24.7774,-15.7623,7.8159,78.3657,43.9809,350.0955
25.42,-24.8392,-15.85,7.1778,80.0057,51.276,358.1264
25.44,-24.8785,-15.881,6.816,80.8693,56.3413,3.4571
25.46,-24.9193,-15.9033,6.4324,81.6985,62.7936,10.0975
25.48,-24.9636,-15.9238,6.0299,82.4486,71.0687,18.5351
25.5,-25.0086,-15.9318,5.6195,83.0379,81.0379,28.6489
25.52,-25.1009,-15.9192,4.7897,83.4492,104.8431,52.6256
25.54,-25.1464,-15.8964,4.387,83.24,116.3794,64.4558
25.56,-25.1953,-15.8581,3.9947,82.8051,126.6744,75.0457
25.58,-25.2381,-15.8067,3.6252,82.209,134.914,83.4501
25.6,-25.2841,-15.7484,3.2723,81.5012,141.6393,90.2972
25.62,-25.37,-15.6184,2.655,80.0682,150.9331,99.7513
25.64,-25.4138,-15.562,2.3907,79.3908,154.1908,103.2274
25.66,-25.4548,-15.5135,2.1632,78.7809,156.8587,106.2165
25.68,-25.4962,-15.4767,1.9702,78.2553,158.9352,108.565
25.7,-25.5307,-15.4475,1.8168,77.8206,160.4935,110.2684
25.72,-25.5987,-15.4148,1.6153,77.2685,162.5381,112.626
25.74,-25.6277,-15.4139,1.5698,77.1548,163.041,113.3147
25.76,-25.6465,-15.4267,1.5585,77.1272,163.1816,113.607
25.78,-25.6642,-15.4412,1.5742,77.201,163.0989,113.6681
25.8,-25.672,-15.4626,1.6253,77.3709,162.6996,113.4215
25.82,-25.6765,-15.5118,1.8413,78.0438,161.0934,112.2541
25.84,-25.6703,-15.5413,1.9919,78.5004,159.8359,111.1977
25.86,-25.6557,-15.5759,2.1745,79.0259,158.0887,109.4909
25.88,-25.6335,-15.6182,2.3837,79.5959,155.7903,107.0952
25.9,-25.603,-15.6611,2.6247,80.2347,152.8726,104.0076
25.92,-25.5343,-15.7587,3.1837,81.5464,144.2506,95.0608
25.94,-25.4933,-15.8061,3.5078,82.201,138.0943,88.8293
25.96,-25.4527,-15.8446,3.8562,82.8067,130.2236,80.8445
25.98,-25.4031,-15.8831,4.2299,83.2601,120.5351,70.9736
26,-25.356,-15.9193,4.6173,83.4986,109.2101,59.5508
26.02,-25.2518,-15.9611,5.4428,83.1611,84.973,35.2472
26.04,-25.1965,-15.9639,5.8639,82.5575,74.3711,24.5617
26.06,-25.1381,-15.9531,6.2875,81.7404,65.5559,15.6523
26.08,-25.0793,-15.9243,6.7107,80.773,58.386,8.4344
26.1,-25.0253,-15.8816,7.1217,79.7232,52.7442,2.7111
26.12,-24.9204,-15.7704,7.9053,77.4979,44.5677,354.4952
26.14,-24.8694,-15.7177,8.2623,76.4296,41.8082,351.6821
26.16,-24.8257,-15.657,8.592,75.4142,39.5215,349.371
26.18,-24.7837,-15.6035,8.8837,74.5008,37.8149,347.5634
26.2,-24.7453,-15.5397,9.1428,73.6677,36.3606,345.9234
26.22,-24.6858,-15.4396,9.5227,72.4338,34.5584,343.6049
26.24,-24.6561,-15.3974,9.6514,72.0311,34.0078,342.7182
26.26,-24.6547,-15.3638,9.7206,71.8299,33.5102,342.0334
26.28,-24.6478,-15.353,9.7488,71.7681,33.3348,341.6668
26.3,-24.6509,-15.3462,9.7365,71.8426,33.2741,341.3885
26.32,-24.6893,-15.3708,9.5836,72.455,33.5326,341.2793
26.34,-24.7182,-15.4023,9.4557,72.933,33.9,341.59
26.36,-24.7587,-15.4452,9.2982,73.5113,34.4285,342.1493
26.38,-24.8067,-15.4954,9.1097,74.18,35.112,342.9153
26.4,-24.8583,-15.5486,8.8978,74.9213,36.0403,343.9269
26.42,-24.9921,-15.6367,8.4033,76.5795,38.3507,346.4957
26.44,-25.0689,-15.6689,8.1329,77.4673,39.7236,348.0286
26.46,-25.1538,-15.6956,7.8463,78.3951,41.3872,349.7716
26.48,-25.244,-15.7207,7.5522,79.3349,43.377,351.8745
26.5,-25.3337,-15.7391,7.2551,80.2812,45.6239,354.1529
26.52,-25.5212,-15.7972,6.6414,82.1714,52.4299,0.9598
26.54,-25.6078,-15.8317,6.339,83.0437,57.3327,6.0317
26.56,-25.6948,-15.8625,6.0402,83.8398,63.3276,12.4377
26.58,-25.779,-15.8793,5.7437,84.5293,70.6418,20.2009
26.6,-25.8552,-15.8895,5.4478,85.0529,79.8838,29.8921
26.62,-25.9729,-15.873,4.8816,85.4639,102.104,52.993
26.64,-26.014,-15.8584,4.6103,85.3444,113.2344,64.4878
26.66,-26.0497,-15.8479,4.3395,85.0242,123.2651,74.9002
26.68,-26.0763,-15.8529,4.0782,84.5452,131.6551,83.6716
26.7,-26.0953,-15.8579,3.8241,83.9832,138.1709,90.5279
26.72,-26.1046,-15.8616,3.3409,82.721,146.9054,99.5255
26.74,-26.0958,-15.8458,3.1238,82.1141,149.6518,102.4118
26.76,-26.0793,-15.8211,2.9238,81.5351,151.5953,104.6553
26.78,-26.0591,-15.7857,2.7443,81.0016,153.0453,106.5847
26.8,-26.0304,-15.7512,2.5858,80.5133,153.9332,107.9761
26.82,-25.954,-15.6891,2.3304,79.6802,154.5735,109.2031
26.84,-25.9083,-15.6712,2.2318,79.3326,154.4211,109.154
26.86,-25.8542,-15.6603,2.161,79.0506,154.0063,108.7786
26.88,-25.8011,-15.6567,2.1055,78.8043,153.4643,108.251
26.9,-25.747,-15.6597,2.0697,78.6204,152.7,107.4852
26.92,-25.6271,-15.6557,2.0571,78.4305,150.9083,105.5682
26.94,-25.568,-15.6511,2.0648,78.3625,149.9912,104.558
26.96,-25.5062,-15.6378,2.0862,78.3466,149.0295,103.3968
26.98,-25.4481,-15.6268,2.1084,78.3188,148.138,102.3155
27,-25.3933,-15.6167,2.1301,78.3086,147.2445,101.2276
27.02,-25.286,-15.6054,2.172,78.2708,145.545,99.2524
27.04,-25.2357,-15.6023,2.1849,78.2342,144.7491,98.3916
27.06,-25.1843,-15.6035,2.1925,78.162,143.9939,97.5735
27.08,-25.137,-15.5946,2.1945,78.1148,143.3573,96.8525
27.1,-25.0906,-15.5918,2.1836,77.9939,142.8123,96.2232
27.12,-25.0097,-15.572,2.145,77.7464,142.2069,95.5063
27.14,-24.9785,-15.5629,2.1142,77.6039,142.1369,95.4632
27.16,-24.9525,-15.5462,2.085,77.4923,142.2086,95.5725
27.18,-24.9359,-15.5284,2.0506,77.3907,142.4053,95.8142
27.2,-24.921,-15.5166,2.0164,77.2768,142.6708,96.0421
27.22,-24.9126,-15.4958,1.9544,77.1155,143.3808,96.532
27.24,-24.91,-15.4933,1.9381,77.0582,143.7048,96.6868
27.26,-24.9148,-15.4946,1.9329,77.0449,144.0021,96.8835
27.28,-24.9193,-15.4963,1.947,77.0974,144.1055,96.8481
27.3,-24.9223,-15.5055,1.9837,77.1775,143.985,96.4051
27.32,-24.9316,-15.5452,2.1307,77.5016,142.9085,94.5376
27.34,-24.9374,-15.5757,2.2494,77.7887,141.8777,93.191
27.36,-24.943,-15.6149,2.4015,78.1485,140.382,91.5002
27.38,-24.9483,-15.6599,2.5833,78.5645,138.4132,89.3286
27.4,-24.9538,-15.7045,2.7958,79.0361,135.8905,86.5136
27.42,-24.9727,-15.7939,3.3005,80.0751,128.9718,78.4559
27.44,-24.9815,-15.833,3.602,80.6302,124.3048,73.1673
27.46,-25.0011,-15.866,3.9279,81.1825,118.7219,67.0848
27.48,-25.0213,-15.8973,4.2813,81.6894,112.0456,59.9431
27.5,-25.0446,-15.9233,4.6572,82.099,104.2456,51.6706
27.52,-25.0977,-15.9621,5.4509,82.4281,85.6936,31.9915
27.54,-25.1286,-15.9747,5.861,82.2792,76.0082,21.7798
27.56,-25.1563,-15.9864,6.2776,81.9093,66.9335,12.4445
27.58,-25.1928,-15.9834,6.6939,81.3859,58.3259,3.7761
27.6,-25.2238,-15.982,7.1007,80.7021,51.3608,356.5115
27.62,-25.2889,-15.9459,7.8644,79.0524,40.7314,345.2532
27.64,-25.3201,-15.9077,8.2141,78.1857,36.9405,341.0474
27.66,-25.3556,-15.8567,8.5366,77.3559,33.7508,337.6189
27.68,-25.3821,-15.8117,8.8242,76.5925,31.3993,335.0617
27.7,-25.4065,-15.7569,9.0841,75.8711,29.473,332.8388
27.72,-25.445,-15.6593,9.5062,74.6738,26.6328,329.5684
27.74,-25.4587,-15.6308,9.6588,74.2323,25.8034,328.5081
27.76,-25.4684,-15.6019,9.7752,73.8811,25.1653,327.6404
27.78,-25.4725,-15.5721,9.8572,73.6305,24.7153,326.951
27.8,-25.4764,-15.5584,9.8939,73.5126,24.4666,326.5306
27.82,-25.4602,-15.5594,9.8681,73.6033,24.6768,326.5482
27.84,-25.4478,-15.5708,9.805,73.7729,24.9648,326.8336
27.86,-25.4275,-15.6055,9.6938,74.1406,25.6413,327.6277
27.88,-25.4054,-15.6556,9.556,74.5813,26.6056,328.7527
27.9,-25.3821,-15.7024,9.394,75.0786,27.6785,329.9724
27.92,-25.3416,-15.8121,8.9649,76.3541,30.7129,333.2575
27.94,-25.3162,-15.8716,8.7128,77.0937,32.8179,335.3991
27.96,-25.2823,-15.9312,8.4367,77.8568,35.4144,337.8993
27.98,-25.259,-16.0069,8.1212,78.7041,38.83,341.1775
28,-25.2306,-16.079,7.7849,79.5788,42.8775,344.9346
28.02,-25.1653,-16.2381,7.0219,81.3443,55.0042,355.9989
28.04,-25.1389,-16.2968,6.6018,82.1365,63.3818,3.7506
28.06,-25.109,-16.3322,6.1714,82.7698,73.422,13.3255
28.08,-25.0792,-16.3491,5.7279,83.1659,85.3516,24.8983
28.1,-25.0591,-16.3392,5.2727,83.2721,98.156,37.4647
28.12,-25.001,-16.2826,4.3691,82.4827,121.6933,60.5368
28.14,-24.9756,-16.2313,3.9244,81.7534,130.7679,69.3501
28.16,-24.9524,-16.1751,3.4886,80.8578,138.1453,76.4829
28.18,-24.929,-16.1013,3.0763,79.9253,143.7483,81.797
28.2,-24.9066,-16.0257,2.6879,78.9438,148.1978,86.0249
28.22,-24.8846,-15.8639,1.9891,77.0631,154.6877,92.4723
28.24,-24.878,-15.7945,1.6892,76.2056,156.9977,94.8178
28.26,-24.8753,-15.7305,1.4276,75.4452,158.882,96.67
28.28,-24.8773,-15.6756,1.2027,74.7912,160.3594,98.0647
28.3,-24.8842,-15.6287,1.0178,74.2455,161.5444,99.1093
28.32,-24.9038,-15.5731,0.7853,73.5625,163.0414,100.6475
28.34,-24.9147,-15.5613,0.7371,73.4321,163.4453,101.0822
28.36,-24.9237,-15.5639,0.7309,73.422,163.5773,101.1494
28.38,-24.9346,-15.5792,0.7558,73.5079,163.5517,101.0508
28.4,-24.9403,-15.6089,0.8251,73.7347,163.2512,100.5853
28.42,-24.9483,-15.7069,1.0725,74.5108,162.0768,99.0705
28.44,-24.9447,-15.7719,1.2384,75.0146,161.1277,97.8793
28.46,-24.9334,-15.8387,1.4366,75.6178,159.8497,96.3025
28.48,-24.9242,-15.9126,1.6462,76.2147,158.4777,94.6881
28.5,-24.911,-15.9846,1.8832,76.9154,156.6651,92.8024
28.52,-24.8662,-16.1191,2.4196,78.3666,152.0832,88.1465
28.54,-24.8417,-16.1789,2.7142,79.1141,149.0587,85.1821
28.56,-24.8116,-16.2285,3.0354,79.8819,145.2379,81.4292
28.58,-24.787,-16.2712,3.3674,80.622,140.5963,76.9182
28.6,-24.7534,-16.3034,3.7279,81.3339,134.7114,71.111
28.62,-24.685,-16.3542,4.4892,82.4196,118.9958,55.4084
28.64,-24.6552,-16.3671,4.8826,82.7119,109.3473,45.6092
28.66,-24.6274,-16.3753,5.2887,82.8035,98.9776,35.1193
28.68,-24.5993,-16.3708,5.6955,82.678,88.512,24.3528
28.7,-24.5697,-16.3584,6.106,82.3165,78.7026,14.0822
28.72,-24.5371,-16.31,6.9021,81.1685,62.5158,356.996
28.74,-24.5137,-16.2919,7.2996,80.4405,56.1937,350.652
28.76,-24.4921,-16.2525,7.6923,79.588,50.7027,344.9968
28.78,-24.4906,-16.2398,8.041,78.844,46.5903,340.8759
28.8,-24.4854,-16.2147,8.3832,78.0163,42.8323,337.1267
28.82,-24.4602,-16.1934,8.9982,76.4849,37.8242,332.1172
28.84,-24.4368,-16.1921,9.2667,75.792,36.2559,330.5405
28.86,-24.4266,-16.1848,9.4946,75.2078,34.8297,329.0031
28.88,-24.4063,-16.1776,9.6931,74.6765,33.8423,327.6644
28.9,-24.378,-16.1713,9.8602,74.2294,33.1614,326.5471
28.92,-24.3451,-16.1605,10.0737,73.6747,32.3169,325.2117
28.94,-24.3368,-16.1396,10.1296,73.5152,31.9481,324.7
28.96,-24.3207,-16.1292,10.151,73.4578,31.9029,324.4514
28.98,-24.3135,-16.1315,10.1308,73.5436,32.0176,324.4576
29,-24.3122,-16.1314,10.0858,73.6867,32.19,324.5849
29.02,-24.299,-16.1713,9.8821,74.2583,33.397,325.9685
29.04,-24.299,-16.1976,9.7445,74.6468,34.2243,326.925
29.06,-24.3031,-16.2305,9.5776,75.1133,35.2109,328.1141
29.08,-24.3153,-16.2644,9.3851,75.644,36.4429,329.5913
29.1,-24.3215,-16.3079,9.1751,76.2382,37.9974,331.3775
29.12,-24.3719,-16.3765,8.6811,77.6162,41.6731,335.5393
29.14,-24.4096,-16.4109,8.4009,78.3711,44.0339,338.1012
29.16,-24.4308,-16.436,8.1221,79.0715,46.8233,340.9507
29.18,-24.4805,-16.4645,7.8075,79.8847,50.1632,344.4335
29.2,-24.5185,-16.4936,7.495,80.6275,54.1967,348.7622
29.22,-24.5867,-16.5653,6.8516,81.904,64.6443,359.9547
29.24,-24.613,-16.6076,6.5207,82.3896,71.3294,7.0407
29.26,-24.6386,-16.654,6.1819,82.7256,78.9782,15.2606
29.28,-24.6507,-16.6955,5.8494,82.8889,87.0899,24.0229
29.3,-24.6575,-16.7405,5.5132,82.85,95.3685,33.0535
29.32,-24.6543,-16.821,4.8337,82.238,110.5026,49.9316
29.34,-24.6396,-16.8496,4.4957,81.7362,116.5742,56.8763
29.36,-24.6173,-16.8584,4.1652,81.1637,121.6928,62.6579
29.38,-24.5879,-16.8544,3.8372,80.4958,126.1339,67.6524
29.4,-24.5548,-16.8318,3.5162,79.81,130.0442,72.0769
29.42,-24.4766,-16.7297,2.9302,78.4627,136.038,79.2668
29.44,-24.4357,-16.6699,2.6592,77.7915,138.3192,82.0883
29.46,-24.3929,-16.6072,2.4089,77.145,140.2731,84.4325
29.48,-24.34,-16.5483,2.1903,76.5532,141.7656,86.1894
29.5,-24.2962,-16.4941,1.9917,76.0262,142.9124,87.6874
29.52,-24.1951,-16.4139,1.689,75.1394,144.2281,89.4956
29.54,-24.1429,-16.3863,1.5862,74.7985,144.4353,89.8855
29.56,-24.0916,-16.3646,1.519,74.5454,144.3799,90.008
29.58,-24.0464,-16.35,1.4807,74.3638,144.1295,89.9296
29.6,-23.9986,-16.3435,1.4804,74.2679,143.6042,89.5384
29.62,-23.9135,-16.3586,1.5801,74.3204,141.8811,88.0114
29.64,-23.8734,-16.3775,1.6849,74.4795,140.649,86.7734
29.66,-23.839,-16.4085,1.816,74.6931,139.1879,85.2389
29.68,-23.8091,-16.446,1.9763,74.9878,137.5258,83.4603
29.7,-23.784,-16.4949,2.1642,75.3276,135.6192,81.4409
29.72,-23.7447,-16.6008,2.6228,76.1643,130.7641,76.3055
29.74,-23.7333,-16.6544,2.8882,76.6198,127.6328,72.9578
29.76,-23.7345,-16.7168,3.165,77.0598,124.1676,69.4202
29.78,-23.7232,-16.781,3.4776,77.4931,120.377,65.3319
29.8,-23.7285,-16.8415,3.7958,77.9285,116.2316,60.9364
29.82,-23.7522,-16.9427,4.4848,78.6612,106.6851,50.9748
29.84,-23.7745,-16.979,4.8474,78.9262,101.2356,45.4403
29.86,-23.8047,-17.0113,5.2167,79.1147,95.5925,39.756
29.88,-23.8377,-17.0368,5.5897,79.1856,89.6123,33.6604
29.9,-23.8713,-17.0687,5.9617,79.1376,83.7812,27.5306
29.92,-23.9635,-17.1093,6.6885,78.8055,72.5068,15.4157
29.94,-24.0165,-17.1211,7.0399,78.5457,67.2982,9.6882
29.96,-24.0644,-17.12,7.3871,78.2086,62.4618,4.2732
29.98,-24.1371,-17.1138,7.7059,77.9027,57.9965,359.4411
30,-24.2036,-17.0971,8.0146,77.5467,53.9531,355.0119
30.02,-24.3414,-17.057,8.568,76.8005,47.1335,347.4437
30.04,-24.4098,-17.0365,8.8138,76.4229,44.2777,344.2527
30.06,-24.4841,-17.0128,9.0317,76.0857,41.7072,341.4519
30.08,-24.5518,-16.9976,9.2201,75.7491,39.6542,339.2484
30.1,-24.6046,-16.9803,9.391,75.443,37.8781,337.3365
30.12,-24.7145,-16.9547,9.6307,74.9839,35.357,334.6779
30.14,-24.7683,-16.9388,9.7041,74.8616,34.4372,333.8434
30.16,-24.8206,-16.931,9.7424,74.8166,33.7941,333.3758
30.18,-24.8593,-16.9159,9.7644,74.8325,33.3026,333.0085
30.2,-24.8975,-16.9213,9.7476,74.9447,33.1509,333.0387
30.22,-24.9859,-16.9424,9.6265,75.3951,33.1955,333.4205
30.24,-25.0321,-16.9622,9.5232,75.724,33.449,333.8327
30.26,-25.0702,-16.993,9.3941,76.1372,33.961,334.4684
30.28,-25.0895,-17.0359,9.2483,76.5385,34.9723,335.5341
30.3,-25.1305,-17.0764,9.059,77.046,36.0666,336.6993
30.32,-25.1822,-17.1378,8.6237,78.1855,39.2788,339.8051
30.34,-25.2022,-17.1557,8.3727,78.8012,41.4485,342.0174
30.36,-25.2338,-17.1709,8.0895,79.4865,44.1597,344.9882
30.38,-25.2386,-17.1718,7.8125,80.0758,47.3715,348.4995
30.4,-25.2548,-17.182,7.5061,80.7109,51.3628,353.0164
30.42,-25.2692,-17.1976,6.8743,81.8039,61.1833,4.1967
30.44,-25.2725,-17.207,6.5455,82.2242,67.2881,10.9356
30.46,-25.268,-17.2194,6.2075,82.5048,74.3409,18.5157
30.48,-25.2573,-17.2131,5.8724,82.6477,81.4287,26.1578
30.5,-25.238,-17.1998,5.5411,82.633,88.6538,33.9421
30.52,-25.1898,-17.1344,4.8934,82.1809,101.9988,49.0351
30.54,-25.1582,-17.0926,4.5758,81.7753,107.6889,55.5362
30.56,-25.1196,-17.0404,4.2748,81.3094,112.3456,60.9404
30.58,-25.0847,-16.9913,3.9737,80.7894,116.633,65.9987
30.6,-25.0377,-16.9535,3.688,80.1992,120.1996,70.1625
30.62,-24.9517,-16.8645,3.1569,79.0721,125.6919,76.6857
30.64,-24.9047,-16.8174,2.9211,78.5327,127.7174,79.0798
30.66,-24.8594,-16.7674,2.706,78.03,129.3871,81.1564
30.68,-24.8144,-16.7193,2.5177,77.5707,130.6534,82.9022
30.7,-24.77,-16.6746,2.3508,77.1448,131.6717,84.4155
30.72,-24.686,-16.5909,2.0935,76.4263,132.9057,86.4468
30.74,-24.6458,-16.5597,2.004,76.1392,133.1332,86.955
30.76,-24.6103,-16.5391,1.9383,75.8958,133.2969,87.3976
30.78,-24.571,-16.5244,1.9116,75.7652,133.028,87.3018
30.8,-24.5424,-16.5241,1.9033,75.6713,132.7223,87.1755
30.82,-24.4955,-16.5505,1.9645,75.6863,131.5741,86.2106
30.84,-24.4751,-16.5792,2.035,75.7757,130.6715,85.3138
30.86,-24.4527,-16.6161,2.1307,75.9011,129.5165,84.0573
30.88,-24.4414,-16.6522,2.2416,76.0894,128.2776,82.7448
30.9,-24.4255,-16.689,2.3824,76.311,126.6868,81.0451
30.92,-24.402,-16.7702,2.7067,76.7627,122.4413,76.4005
30.94,-24.3937,-16.81,2.8926,77.0235,120.3424,74.0382
30.96,-24.3865,-16.8549,3.0898,77.27,118.0334,71.4825
30.98,-24.3792,-16.9002,3.3027,77.5296,115.482,68.6478
31,-24.3725,-16.9472,3.5262,77.7684,112.7052,65.5337
31.02,-24.3652,-17.0465,3.9906,78.1899,106.58,58.5645
31.04,-24.353,-17.0958,4.2386,78.3512,103.2692,54.7219
31.06,-24.3592,-17.146,4.4761,78.5049,100.0099,51.1714
31.08,-24.3542,-17.1887,4.728,78.6157,96.4719,47.3596
31.1,-24.3412,-17.2325,4.9848,78.6797,92.9881,43.699
31.12,-24.3275,-17.3048,5.4853,78.6489,85.865,36.4572
31.14,-24.3217,-17.3245,5.7355,78.5832,82.1841,32.9116
31.16,-24.3179,-17.3512,5.9691,78.468,78.8742,29.8616
31.18,-24.3044,-17.3602,6.2089,78.2854,75.48,26.6919
31.2,-24.2857,-17.3822,6.4265,78.0605,72.7388,24.1523
31.22,-24.2578,-17.3864,6.8212,77.539,67.6388,19.2372
31.24,-24.237,-17.3922,6.9905,77.2621,65.7653,17.3724
31.26,-24.2127,-17.3881,7.1465,76.995,64.0737,15.6808
31.28,-24.2011,-17.3829,7.2724,76.7756,62.6745,14.3314
31.3,-24.1795,-17.3819,7.3792,76.5675,61.6543,13.3142
31.32,-24.1428,-17.3738,7.5273,76.2784,60.2823,11.9039
31.34,-24.1247,-17.3769,7.5623,76.206,60.1132,11.6713
31.36,-24.1046,-17.3745,7.5797,76.1517,60.0537,11.4977
31.38,-24.1003,-17.3723,7.5641,76.181,60.1914,11.5849
31.4,-24.0863,-17.3727,7.5365,76.2332,60.6065,11.9033
31.42,-24.0675,-17.3842,7.3884,76.4664,62.3563,13.5492
31.44,-24.0664,-17.3834,7.2858,76.6404,63.4625,14.6075
31.46,-24.0645,-17.3898,7.1608,76.8404,64.9295,15.9897
31.48,-24.0637,-17.395,7.0135,77.0656,66.7264,17.6652
31.5,-24.0742,-17.3949,6.8406,77.3097,68.7359,19.5625
31.52,-24.0928,-17.3905,6.4427,77.8331,73.8494,24.3974
31.54,-24.1147,-17.3766,6.2161,78.1075,76.796,27.1899
31.56,-24.1393,-17.3615,5.9698,78.3739,80.1827,30.4407
31.58,-24.1608,-17.3419,5.7174,78.5852,83.7478,33.8564
31.6,-24.1872,-17.3223,5.4488,78.77,87.7212,37.6748
31.62,-24.2552,-17.2682,4.8781,79.009,96.4638,46.1392
31.64,-24.2911,-17.2394,4.5841,79.0218,101.1436,50.783
31.66,-24.3314,-17.2068,4.2838,78.9555,105.9356,55.5744
31.68,-24.3708,-17.1679,3.9938,78.8443,110.4105,59.9954
31.7,-24.4148,-17.1252,3.7044,78.6747,114.7615,64.3568
31.72,-24.4922,-17.0418,3.1539,78.1538,122.6483,72.3942
31.74,-24.5344,-16.9959,2.8914,77.8304,126.0508,75.8927
31.76,-24.5672,-16.9495,2.6499,77.4768,129.0414,78.9919
31.78,-24.6002,-16.8993,2.4238,77.1376,131.6972,81.7629
31.8,-24.6339,-16.8512,2.2128,76.7887,133.9776,84.1944
31.82,-24.6809,-16.7626,1.858,76.131,137.4926,87.9032
31.84,-24.6995,-16.722,1.7154,75.857,138.7984,89.2732
31.86,-24.7196,-16.6917,1.5857,75.5825,139.9364,90.5342
31.88,-24.7284,-16.6599,1.4956,75.4138,140.6228,91.316
31.9,-24.7389,-16.6401,1.4185,75.2548,141.2057,92.0497
31.92,-24.7413,-16.6192,1.3437,75.0859,141.6509,92.6601
31.94,-24.7353,-16.621,1.3385,75.0635,141.5706,92.5777
31.96,-24.7254,-16.6277,1.354,75.0791,141.2871,92.2818
31.98,-24.7125,-16.6373,1.388,75.1476,140.8343,91.8312
32,-24.6911,-16.6587,1.4454,75.2373,140.1084,91.1488
32.02,-24.6345,-16.7034,1.6098,75.4951,138.0897,89.298
32.04,-24.6036,-16.7252,1.7123,75.6559,136.7993,88.0777
32.06,-24.5603,-16.7486,1.8365,75.8224,135.2554,86.4863
32.08,-24.5187,-16.7761,1.9702,75.9873,133.6085,84.8134
32.1,-24.4773,-16.8045,2.1197,76.1829,131.7797,82.9673
32.12,-24.3841,-16.8767,2.4686,76.5966,127.5338,78.5998
32.14,-24.3374,-16.921,2.663,76.7965,125.1326,76.0667
32.16,-24.2909,-16.9628,2.8744,77.0047,122.4227,73.1319
32.18,-24.2459,-17.0054,3.0984,77.1975,119.6301,70.0003
32.2,-24.1969,-17.0452,3.3453,77.3741,116.3899,66.4066
32.22,-24.1126,-17.1273,3.891,77.6788,109.0226,58.8876
32.24,-24.0705,-17.1612,4.196,77.7862,104.734,54.6676
32.26,-24.0382,-17.1948,4.5058,77.8415,100.3582,50.4303
32.28,-24.0061,-17.2221,4.827,77.809,95.6329,45.7468
32.3,-23.9714,-17.2485,5.1571,77.6936,91.0155,41.0434
32.32,-23.9223,-17.2848,5.8249,77.2804,81.9288,31.9868
32.34,-23.9092,-17.2927,6.156,77.0003,77.5853,27.8112
32.36,-23.8968,-17.2969,6.4829,76.6582,73.5412,23.8952
32.38,-23.8935,-17.293,6.7998,76.2877,69.7236,20.1631
32.4,-23.8914,-17.2903,7.1042,75.8798,66.3187,16.9052
32.42,-23.9071,-17.2742,7.6666,75.0452,60.3089,11.1729
32.44,-23.918,-17.281,7.916,74.6442,57.9861,9.074
32.46,-23.9436,-17.2731,8.1441,74.2895,55.6989,7.0799
32.48,-23.9726,-17.2674,8.3446,73.9528,53.7691,5.4081
32.5,-23.9986,-17.2724,8.5161,73.6552,52.2773,4.1915
32.52,-24.0657,-17.266,8.7687,73.2234,49.9608,2.5108
32.54,-24.1015,-17.2613,8.8452,73.1056,49.2001,2.0546
32.56,-24.1356,-17.261,8.8877,73.0588,48.7998,1.8513
32.58,-24.1767,-17.2628,8.8895,73.1048,48.5482,1.7153
32.6,-24.2187,-17.272,8.8617,73.216,48.6161,1.8476
32.62,-24.3158,-17.3107,8.7079,73.6984,49.3017,2.7617
32.64,-24.3602,-17.3402,8.5872,74.0455,49.9981,3.5434
32.66,-24.4088,-17.3771,8.4355,74.4724,50.9982,4.6115
32.68,-24.4646,-17.4147,8.2527,74.9519,52.199,5.8418
32.7,-24.5168,-17.4513,8.0432,75.4857,53.7433,7.366
32.72,-24.6251,-17.5225,7.5419,76.6529,58.1242,11.6296
32.74,-24.6672,-17.5537,7.2622,77.2409,61.0662,14.5035
32.76,-24.7177,-17.5739,6.9611,77.8309,64.3363,17.803
32.78,-24.7653,-17.5917,6.6432,78.3744,68.1939,21.6835
32.8,-24.8163,-17.6083,6.3002,78.861,72.6434,26.222
32.82,-24.8981,-17.6095,5.5915,79.5607,82.8641,36.9575
32.84,-24.9319,-17.5952,5.222,79.7478,88.5856,43.0601
32.86,-24.9598,-17.5732,4.8436,79.7981,94.672,49.5703
32.88,-24.9852,-17.5312,4.4632,79.7314,100.5509,55.8305
32.9,-25.005,-17.4806,4.0814,79.5295,106.4162,62.0885
32.92,-25.0352,-17.3503,3.3335,78.8331,117.0933,73.4994
32.94,-25.0476,-17.2754,2.9731,78.3756,121.7867,78.5343
32.96,-25.0583,-17.202,2.6227,77.8446,126.0395,83.0673
32.98,-25.0677,-17.1252,2.2902,77.2912,129.6929,86.9264
33,-25.0709,-17.0444,1.9841,76.725,132.8305,90.1852
33.02,-25.0795,-16.8854,1.4437,75.6461,137.7161,95.3026
33.04,-25.0823,-16.8131,1.2181,75.1581,139.5521,97.2861
33.06,-25.0839,-16.7499,1.0263,74.7294,141.0238,98.9233
33.08,-25.0868,-16.697,0.8666,74.377,142.1333,100.249
33.1,-25.0842,-16.6604,0.7415,74.0808,142.9528,101.2457
33.12,-25.077,-16.616,0.589,73.7152,143.7347,102.2072
33.14,-25.0699,-16.6129,0.5642,73.6474,143.7309,102.2589
33.16,-25.0599,-16.6174,0.5732,73.6616,143.5151,102.0504
33.18,-25.052,-16.6284,0.6046,73.7306,143.1228,101.6584
33.2,-25.0389,-16.6514,0.6797,73.8923,142.412,100.9764
33.22,-25.0092,-16.7178,0.9104,74.378,140.3709,98.9552
33.24,-24.989,-16.7646,1.0684,74.6888,138.9533,97.5014
33.26,-24.9645,-16.8218,1.2574,75.0475,137.1731,95.7074
33.28,-24.9455,-16.8876,1.4656,75.436,135.2261,93.83
33.3,-24.9205,-16.961,1.7041,75.8568,132.8727,91.5086
33.32,-24.8626,-17.1292,2.2463,76.6935,126.9246,85.5127
33.34,-24.8357,-17.2064,2.5461,77.1145,123.2943,81.7758
33.36,-24.8031,-17.2789,2.8664,77.4945,119.3308,77.7056
33.38,-24.7734,-17.3473,3.1954,77.7975,115.0246,73.343
33.4,-24.7377,-17.3983,3.5453,78.05,110.2402,68.4549
33.42,-24.6807,-17.4754,4.2738,78.3254,99.8679,58.1669
33.44,-24.6468,-17.5052,4.6561,78.3048,94.4018,52.7157
33.46,-24.6237,-17.5299,5.0386,78.2003,88.9517,47.3021
33.48,-24.6038,-17.5517,5.4246,77.9893,83.5161,41.8709
33.5,-24.5845,-17.5641,5.8143,77.6828,78.2358,36.4612
33.52,-24.5558,-17.5856,6.5785,76.8556,68.8965,26.9245
33.54,-24.5539,-17.5781,6.9502,76.3712,64.6049,22.6533
33.56,-24.5506,-17.565,7.3143,75.8368,60.7029,18.7768
33.58,-24.5564,-17.551,7.6533,75.3043,57.3304,15.5089
33.6,-24.5651,-17.5297,7.9746,74.7655,54.2996,12.5109
33.62,-24.5874,-17.4722,8.5491,73.6946,49.2859,7.5577
33.64,-24.599,-17.4391,8.7982,73.1986,47.3332,5.5873
33.66,-24.6216,-17.4046,9.0164,72.7739,45.5809,3.9656
33.68,-24.6432,-17.363,9.2052,72.3703,44.1368,2.6231
33.7,-24.665,-17.3259,9.3611,72.0473,42.9415,1.4376
33.72,-24.7212,-17.2505,9.5791,71.6032,41.1894,359.5794
33.74,-24.7485,-17.229,9.6402,71.5109,40.6805,359.0082
33.76,-24.7753,-17.2153,9.6732,71.4879,40.3386,358.6237
33.78,-24.8081,-17.2064,9.6749,71.5364,40.0793,358.3711
33.8,-24.8383,-17.2009,9.6542,71.6406,40.0096,358.1953
33.82,-24.9127,-17.1888,9.5231,72.0501,40.3336,358.0839
33.84,-24.9487,-17.1868,9.4249,72.3276,40.7191,358.3813
33.86,-24.9868,-17.1855,9.3083,72.6307,41.192,358.8375
33.88,-25.0223,-17.1959,9.1751,73.0175,41.8802,359.5154
33.9,-25.0643,-17.21,9.0214,73.4163,42.6156,0.2713
33.92,-25.1437,-17.2798,8.6555,74.3303,44.8348,2.3685
33.94,-25.19,-17.3231,8.44,74.8597,46.2448,3.738
33.96,-25.2349,-17.3624,8.2089,75.4168,47.7927,5.2386
33.98,-25.2842,-17.4008,7.9552,76.0169,49.707,7.1136
34,-25.3312,-17.4366,7.6819,76.639,51.9972,9.3724
34.02,-25.4373,-17.4895,7.0831,77.9481,57.6101,15.0108
34.04,-25.4881,-17.5102,6.7672,78.592,61.1308,18.6238
34.06,-25.5492,-17.5293,6.4296,79.2287,65.2116,22.8926
34.08,-25.601,-17.5402,6.0935,79.7935,69.6962,27.4645
34.1,-25.6454,-17.5529,5.7433,80.2556,74.9021,32.6904
34.12,-25.7171,-17.5293,5.0068,80.8429,87.2379,44.8959
34.14,-25.7409,-17.4954,4.6259,80.9222,94.1883,51.9044
34.16,-25.7574,-17.4432,4.2398,80.8533,101.2121,58.9919
34.18,-25.7707,-17.3749,3.8517,80.6625,108.0724,66.0374
34.2,-25.7853,-17.2993,3.4606,80.344,114.6462,72.8991
34.22,-25.7981,-17.1367,2.7007,79.3741,126.1378,84.87
34.24,-25.8024,-17.0538,2.3341,78.7675,130.8593,89.7486
34.26,-25.8021,-16.9718,1.9855,78.1096,134.8353,93.8351
34.28,-25.802,-16.8899,1.656,77.4419,138.1462,97.2199
34.3,-25.7978,-16.8089,1.3517,76.7744,140.7982,99.9807
34.32,-25.7845,-16.6536,0.8381,75.5897,144.7036,104.4397
34.34,-25.7782,-16.5892,0.6245,75.0749,146.0761,106.2437
34.36,-25.7714,-16.5317,0.443,74.6298,147.1548,107.7333
34.38,-25.7622,-16.4862,0.2926,74.2494,147.8949,108.8412
34.4,-25.7521,-16.4506,0.173,73.9513,148.4234,109.665
34.42,-25.7327,-16.4167,0.0248,73.5814,148.9483,110.6928
34.44,-25.7223,-16.4196,-0.007,73.4895,148.9372,110.8824
34.46,-25.7097,-16.4297,-0.0055,73.4914,148.7398,110.8338
34.48,-25.6956,-16.4501,0.0221,73.5485,148.3821,110.5604
34.5,-25.6767,-16.4808,0.0874,73.6974,147.785,110.0316
34.52,-25.6343,-16.5697,0.297,74.1582,145.9761,108.3066
34.54,-25.6113,-16.6257,0.4413,74.4794,144.7395,107.1113
34.56,-25.5842,-16.6871,0.613,74.8496,143.2558,105.6345
34.58,-25.5524,-16.755,0.8072,75.2449,141.4665,103.7988
34.6,-25.5178,-16.8257,1.0224,75.6663,139.4129,101.6865
34.62,-25.4369,-16.9719,1.5117,76.5291,134.3651,96.4594
34.64,-25.3922,-17.0483,1.7816,76.9358,131.3035,93.3301
34.66,-25.3442,-17.1244,2.0738,77.3316,127.8305,89.764
34.68,-25.2919,-17.2003,2.3798,77.6889,124.0142,85.877
34.7,-25.2417,-17.2747,2.7042,78.0151,119.6838,81.4482
34.72,-25.1311,-17.4166,3.4086,78.4523,109.7783,71.2741
34.74,-25.0787,-17.4776,3.7835,78.572,104.2672,65.6907
34.76,-25.025,-17.5383,4.1681,78.5701,98.5781,59.9625
34.78,-24.9767,-17.5826,4.5607,78.4979,92.7972,54.1267
34.8,-24.9239,-17.6146,4.9638,78.3088,87.0343,48.2183
34.82,-24.8309,-17.6522,5.7634,77.6294,76.5182,37.4658
34.84,-24.7941,-17.6502,6.1576,77.1793,71.7079,32.5093
34.86,-24.7574,-17.6321,6.5532,76.6562,67.1801,27.8678
34.88,-24.7265,-17.6028,6.9419,76.0668,63.0165,23.6271
34.9,-24.7036,-17.5706,7.3191,75.432,59.2994,19.9345
34.92,-24.6609,-17.4813,8.0415,74.057,52.921,13.5714
34.94,-24.6502,-17.428,8.3755,73.3771,50.2799,10.89
34.96,-24.6488,-17.364,8.6886,72.7191,47.8364,8.4141
34.98,-24.6491,-17.3032,8.9764,72.0912,45.789,6.3322
35,-24.6563,-17.2458,9.2379,71.5359,44.0364,4.5868
35.02,-24.6937,-17.131,9.6812,70.5756,40.9548,1.5965
35.04,-24.7198,-17.0889,9.8562,70.2186,39.7537,0.3745
35.06,-24.7483,-17.0475,10.0046,69.9074,38.7129,359.2148
35.08,-24.7795,-17.0201,10.1194,69.688,37.8631,358.2472
35.1,-24.811,-17.0042,10.2031,69.5326,37.2331,357.5732
35.12,-24.8906,-16.9885,10.2782,69.4946,36.2638,356.6207
35.14,-24.9197,-17.0006,10.2717,69.5755,36.1232,356.4125
35.16,-24.9534,-17.023,10.2341,69.7599,36.1396,356.3192
35.18,-24.9969,-17.05,10.1575,70.0153,36.2306,356.2842
35.2,-25.0357,-17.0966,10.0487,70.4291,36.6151,356.5771
35.22,-25.1022,-17.2012,9.7525,71.3507,37.8585,357.6131
35.24,-25.137,-17.2606,9.5625,71.9167,38.7424,358.3798
35.26,-25.17,-17.3226,9.3433,72.5361,39.8919,359.3421
35.28,-25.2001,-17.39,9.0949,73.2011,41.3958,0.5812
35.3,-25.2314,-17.4484,8.8231,73.8903,43.1159,2.0007
35.32,-25.2876,-17.5529,8.205,75.3919,47.6304,6.1282
35.34,-25.3164,-17.6016,7.8649,76.1568,50.5075,9.005
35.36,-25.3595,-17.6484,7.4937,76.9811,53.8838,12.5297
35.38,-25.3962,-17.6794,7.117,77.7533,57.6234,16.4745
35.4,-25.4307,-17.7159,6.7213,78.4722,62.1949,21.2829
35.42,-25.5056,-17.7499,5.8988,79.6717,73.1969,32.8008
35.44,-25.5416,-17.7575,5.4736,80.0938,79.8441,39.7381
35.46,-25.5719,-17.7466,5.0553,80.3767,86.6597,46.9552
35.48,-25.6033,-17.7283,4.6331,80.4969,93.8157,54.6279
35.5,-25.6318,-17.6908,4.2173,80.4835,100.8463,62.2285
35.52,-25.678,-17.5888,3.3985,80.0013,114.1845,76.6566
35.54,-25.6915,-17.527,3.0053,79.5598,119.9186,82.8318
35.56,-25.7063,-17.4531,2.6256,79.0682,125.0092,88.2837
35.58,-25.7205,-17.3738,2.2617,78.5242,129.524,93.2093
35.6,-25.73,-17.2939,1.9211,77.9582,133.4369,97.6364
35.62,-25.7458,-17.1329,1.301,76.7854,139.7188,104.6897
35.64,-25.7492,-17.0554,1.0265,76.2013,142.1319,107.31
35.66,-25.7494,-16.9783,0.7784,75.646,144.1259,109.3907
35.68,-25.7454,-16.9106,0.5658,75.1296,145.6078,110.9132
35.7,-25.7429,-16.8489,0.3833,74.6786,146.8361,112.2936
35.72,-25.7323,-16.7606,0.1266,74.0414,148.3435,114.3544
35.74,-25.7281,-16.7369,0.0467,73.84,148.7502,115.0454
35.76,-25.7222,-16.7234,0.0038,73.7388,148.9265,115.3589
35.78,-25.7147,-16.7271,-0.0082,73.6955,148.8916,115.3287
35.8,-25.7042,-16.7416,0.014,73.7439,148.653,115.0555
35.82,-25.6809,-16.8129,0.1629,74.0886,147.4615,113.7779
35.84,-25.6652,-16.8623,0.2876,74.3796,146.4655,112.7344
35.86,-25.6432,-16.9246,0.443,74.7207,145.1782,111.409
35.88,-25.6213,-16.9901,0.6266,75.1328,143.5878,109.8415
35.9,-25.5942,-17.0657,0.8358,75.5696,141.6313,107.9232
35.92,-25.5258,-17.2234,1.3255,76.5221,136.5544,102.9047
35.94,-25.4823,-17.3058,1.597,76.9581,133.4771,99.7878
35.96,-25.435,-17.3831,1.884,77.3754,129.9772,96.18
35.98,-25.3818,-17.457,2.1841,77.7402,126.1618,92.1901
36,-25.3269,-17.522,2.4962,78.0643,122.0533,87.8551
36.02,-25.206,-17.6375,3.1495,78.4832,112.9623,78.1223
36.04,-25.1404,-17.6797,3.4923,78.564,107.9901,72.5867
36.06,-25.0772,-17.7068,3.8506,78.5665,102.68,66.7274
36.08,-25.0171,-17.7274,4.2254,78.4897,97.1711,61.0269
36.1,-24.9584,-17.7359,4.6257,78.3425,91.2959,55.2834
36.12,-24.8605,-17.7452,5.4354,77.7189,80.2034,43.9945
36.14,-24.8048,-17.7421,5.8566,77.2424,74.9917,38.3443
36.16,-24.7694,-17.7417,6.2702,76.7215,70.1701,33.3006
36.18,-24.7315,-17.7366,6.6965,76.098,65.5422,28.6496
36.2,-24.7034,-17.7356,7.1116,75.4277,61.4554,24.5109
36.22,-24.6728,-17.7111,7.9184,73.9671,54.2093,17.3003
36.24,-24.6669,-17.6723,8.3094,73.2032,51.0239,14.3038
36.26,-24.6687,-17.6344,8.6729,72.4542,48.3451,11.8786
36.28,-24.6733,-17.5726,9.0241,71.6897,45.8674,9.5439
36.3,-24.6813,-17.5138,9.3433,70.9577,43.7986,7.5286
36.32,-24.7154,-17.3791,9.9005,69.6601,40.3301,4.1194
36.34,-24.7477,-17.3255,10.1189,69.1868,38.982,2.811
36.36,-24.7718,-17.268,10.3213,68.7482,37.7509,1.505
36.38,-24.8036,-17.2367,10.4789,68.4285,36.7996,0.4553
36.4,-24.8358,-17.2145,10.6053,68.1886,35.9694,359.541
36.42,-24.9006,-17.2136,10.7491,68.0248,34.8113,358.3584
36.44,-24.9281,-17.2319,10.7661,68.0755,34.5199,358.0873
36.46,-24.9664,-17.2621,10.7401,68.2332,34.3934,358.0135
36.48,-24.9964,-17.3029,10.6804,68.4836,34.4616,358.0723
36.5,-25.0204,-17.3509,10.5806,68.8012,34.7909,358.3603
36.52,-25.0626,-17.4617,10.2733,69.6887,36.1543,359.7191
36.54,-25.0904,-17.5315,10.0553,70.289,37.2162,0.6426
36.56,-25.119,-17.6014,9.8067,70.9443,38.4811,1.6955
36.58,-25.1514,-17.6795,9.523,71.6792,39.9965,3.0583
36.6,-25.1858,-17.767,9.2109,72.4854,41.7988,4.8678
36.62,-25.285,-17.9541,8.4902,74.282,46.2291,9.6959
36.64,-25.3361,-18.0464,8.091,75.1789,49.1206,12.8061
36.66,-25.3969,-18.1286,7.6515,76.0908,52.6121,16.3758
36.68,-25.453,-18.1894,7.2045,76.9206,56.6683,20.4928
36.7,-25.5088,-18.2294,6.7384,77.6882,61.407,25.4513
36.72,-25.6298,-18.2507,5.7528,79.0107,73.3315,38.1267
36.74,-25.6856,-18.2429,5.2467,79.4636,80.4763,45.5886
36.76,-25.7493,-18.2149,4.7339,79.8006,88.0739,53.5
36.78,-25.8054,-18.1809,4.2219,79.9499,96.1803,61.9237
36.8,-25.8617,-18.136,3.7113,79.9008,104.3396,70.3671
36.82,-25.9478,-17.9958,2.7203,79.2135,119.2874,85.2878
36.84,-25.9811,-17.8979,2.2492,78.6209,125.5387,91.5185
36.86,-26.0116,-17.7806,1.8045,77.9541,130.9654,97.0487
36.88,-26.0332,-17.6584,1.3879,77.2115,135.4955,101.7463
36.9,-26.0464,-17.5287,1.008,76.4644,139.1693,105.5378
36.92,-26.0621,-17.2882,0.34,74.9975,144.7124,111.2493
36.94,-26.0607,-17.1839,0.0661,74.3476,146.6832,113.2717
36.96,-26.0576,-17.0979,-0.1705,73.7607,148.2161,114.898
36.98,-26.0504,-17.0297,-0.3681,73.2532,149.3851,116.1603
37,-26.041,-16.9753,-0.5211,72.8585,150.1783,117.0268
37.02,-26.0077,-16.919,-0.6887,72.4008,150.8351,117.8508
37.04,-25.9864,-16.9171,-0.7035,72.3396,150.7064,117.8262
37.06,-25.9634,-16.9289,-0.6756,72.389,150.3425,117.5482
37.08,-25.9356,-16.9593,-0.6034,72.5391,149.6878,116.9572
37.1,-25.9035,-17.0073,-0.4769,72.8211,148.7196,116.0098
37.12,-25.84,-17.1491,-0.1177,73.6211,145.9998,113.3306
37.14,-25.8076,-17.2414,0.1183,74.1286,144.1622,111.4739
37.16,-25.7686,-17.3427,0.3974,74.7166,141.8398,109.1035
37.18,-25.7303,-17.452,0.7102,75.3365,139.0913,106.3667
37.2,-25.6914,-17.5642,1.0567,75.9889,135.8661,103.2352
37.22,-25.6143,-17.7972,1.8358,77.2678,127.5434,95.2926
37.24,-25.5728,-17.9093,2.2653,77.8301,122.3432,90.2233
37.26,-25.5314,-18.0182,2.711,78.273,116.5052,84.4452
37.28,-25.4913,-18.1195,3.1738,78.6383,110.147,78.2255
37.3,-25.4493,-18.2122,3.649,78.8511,103.2796,71.5029
37.32,-25.3766,-18.3576,4.6165,78.8386,89.1117,57.717
37.34,-25.3395,-18.4054,5.1051,78.5725,82.1321,50.9544
37.36,-25.3043,-18.4375,5.5857,78.1742,75.7067,44.8025
37.38,-25.279,-18.4507,6.0526,77.6516,69.831,39.2105
37.4,-25.2512,-18.4436,6.5166,77.0264,64.4409,34.0879
37.42,-25.2167,-18.4094,7.3815,75.6205,55.7966,26.0679
37.44,-25.2118,-18.3834,7.7735,74.916,52.2735,22.7554
37.46,-25.2096,-18.3549,8.1394,74.205,49.2525,19.8994
37.48,-25.2089,-18.316,8.4776,73.531,46.6348,17.3184
37.5,-25.2068,-18.2787,8.78,72.9078,44.5025,15.1477
37.52,-25.2297,-18.2024,9.2605,71.926,41.208,11.7475
37.54,-25.2422,-18.1624,9.444,71.5501,40.0264,10.4456
37.56,-25.2561,-18.1294,9.5866,71.2723,39.106,9.3324
37.58,-25.2718,-18.0938,9.6917,71.0853,38.3452,8.2955
37.6,-25.281,-18.0895,9.7536,71.0017,38.0092,7.651
37.62,-25.3109,-18.0804,9.7651,71.0953,37.6983,6.8022
37.64,-25.326,-18.0934,9.7187,71.2882,37.8719,6.7996
37.66,-25.3453,-18.1186,9.6142,71.5795,38.2966,7.034
37.68,-25.3595,-18.1493,9.4897,71.9046,38.9349,7.4771
37.7,-25.3752,-18.187,9.324,72.3615,39.902,8.2707
37.72,-25.4015,-18.2596,8.9052,73.395,42.4958,10.3904
37.74,-25.4213,-18.2913,8.6475,73.9857,44.2577,11.8356
37.76,-25.4311,-18.3218,8.3708,74.6042,46.34,13.5133
37.78,-25.444,-18.3422,8.0667,75.2443,48.7101,15.4463
37.8,-25.4639,-18.3629,7.7317,75.921,51.5984,17.8908
37.82,-25.4985,-18.3659,7.0107,77.2233,58.5419,23.9104
37.84,-25.5204,-18.3461,6.6231,77.8331,62.6848,27.6324
37.86,-25.5452,-18.3197,6.2167,78.3913,67.5019,32.0137
37.88,-25.5663,-18.2793,5.8013,78.8784,72.8839,36.9952
37.9,-25.5926,-18.2281,5.3769,79.2758,78.8218,42.6857
37.92,-25.6508,-18.0942,4.5099,79.7466,91.9438,55.3819
37.94,-25.6776,-18.0139,4.0731,79.7641,98.9001,62.0838
37.96,-25.7036,-17.9212,3.641,79.6349,105.7606,68.6537
37.98,-25.7257,-17.8195,3.2188,79.3663,112.2489,74.8466
38,-25.7513,-17.7121,2.8031,78.9844,118.3279,80.7115
38.02,-25.8031,-17.4904,2.0113,77.9492,128.8369,90.9459
38.04,-25.8249,-17.3807,1.6451,77.3533,133.05,95.0599
38.06,-25.8483,-17.2775,1.2949,76.7148,136.7089,98.7063
38.08,-25.8631,-17.1793,0.9772,76.0828,139.7289,101.7302
38.1,-25.8787,-17.0907,0.6793,75.4462,142.2489,104.304
38.12,-25.8927,-16.9275,0.1792,74.316,145.8807,108.1195
38.14,-25.8921,-16.8598,-0.0209,73.8371,147.0959,109.5368
38.16,-25.8903,-16.8042,-0.1912,73.4207,148.0296,110.7348
38.18,-25.8808,-16.7599,-0.3258,73.0765,148.6599,111.5573
38.2,-25.867,-16.724,-0.4247,72.821,149.0313,112.0565
38.22,-25.8283,-16.6957,-0.5261,72.5192,149.1421,112.4931
38.24,-25.8027,-16.6979,-0.5219,72.5107,148.9032,112.3681
38.26,-25.7779,-16.7132,-0.4953,72.5476,148.4762,112.0561
38.28,-25.7424,-16.7418,-0.4242,72.685,147.8168,111.4676
38.3,-25.7093,-16.7845,-0.33,72.8821,146.9124,110.6924
38.32,-25.6325,-16.8979,-0.0479,73.4652,144.4333,108.4456
38.34,-25.5929,-16.9659,0.1337,73.8372,142.7898,106.9586
38.36,-25.5482,-17.0411,0.3405,74.2388,140.9092,105.2148
38.38,-25.5076,-17.1194,0.5656,74.6741,138.7777,103.2531
38.4,-25.4636,-17.205,0.8095,75.0953,136.3682,100.9726
38.42,-25.376,-17.3797,1.3568,75.9552,130.8034,95.5805
38.44,-25.3335,-17.466,1.6604,76.3806,127.5922,92.3619
38.46,-25.299,-17.5566,1.9727,76.7717,124.1832,88.8616
38.48,-25.2645,-17.6442,2.3085,77.1508,120.4324,84.8733
38.5,-25.2334,-17.7266,2.6632,77.519,116.2406,80.3082
38.52,-25.1809,-17.8833,3.4238,78.0507,106.6168,69.8783
38.54,-25.1597,-17.9521,3.8319,78.2251,101.2136,64.2101
38.56,-25.1451,-18.0126,4.2512,78.3068,95.5054,58.3895
38.58,-25.1336,-18.0607,4.6854,78.2881,89.5655,52.378
38.6,-25.1286,-18.0964,5.1258,78.1605,83.606,46.3146
38.62,-25.1291,-18.1332,6.0185,77.5107,72.0588,34.5091
38.64,-25.1383,-18.1321,6.4655,77.0199,66.7342,29.0727
38.66,-25.1577,-18.1243,6.9094,76.4669,61.7749,24.118
38.68,-25.1814,-18.0989,7.3447,75.842,57.154,19.6164
38.7,-25.2109,-18.0707,7.7713,75.1606,52.9932,15.6744
38.72,-25.2688,-17.9858,8.5797,73.6981,46.0394,8.6754
38.74,-25.3083,-17.9309,8.9436,72.9852,43.1635,5.7581
38.76,-25.347,-17.8726,9.2899,72.2744,40.6452,3.3295
38.78,-25.3889,-17.8045,9.6084,71.6115,38.3508,1.129
38.8,-25.4291,-17.737,9.8974,70.9784,36.3676,359.1658
38.82,-25.5023,-17.6238,10.3694,69.9387,33.3784,356.1627
38.84,-25.5326,-17.5738,10.5544,69.5064,32.281,355.024
38.86,-25.5622,-17.5326,10.6988,69.1781,31.3815,354.1176
38.88,-25.5917,-17.4935,10.8074,68.9191,30.6503,353.4228
38.9,-25.6076,-17.4809,10.8788,68.773,30.2724,353.092
38.92,-25.635,-17.48,10.9062,68.7406,29.8997,352.9221
38.94,-25.6447,-17.5044,10.8624,68.8767,30.0261,353.1497
38.96,-25.6347,-17.5532,10.7736,69.1264,30.4973,353.6628
38.98,-25.6309,-17.6017,10.6398,69.4914,31.1454,354.2818
39,-25.6191,-17.6459,10.4702,69.9184,32.0065,354.9501
39.02,-25.5915,-17.7621,9.9897,71.1149,34.7064,357.2785
39.04,-25.57,-17.8137,9.6996,71.8237,36.4891,358.8599
39.06,-25.5603,-17.8686,9.3621,72.6296,38.5425,0.7042
39.08,-25.5361,-17.92,9.0025,73.4479,41.0536,2.932
39.1,-25.525,-17.9656,8.602,74.3327,43.9132,5.4781
39.12,-25.5069,-18.0362,7.7164,76.0908,51.3696,12.3619
39.14,-25.5017,-18.0431,7.2406,76.9356,55.9927,16.71
39.16,-25.4935,-18.0343,6.7488,77.6835,61.4064,21.8971
39.18,-25.4933,-18.0094,6.2339,78.3457,67.6942,28.0258
39.2,-25.4909,-17.9586,5.717,78.8465,74.5633,34.7117
39.22,-25.495,-17.8164,4.6735,79.3489,89.8323,49.9401
39.24,-25.5014,-17.7337,4.1534,79.3088,97.5904,57.7845
39.26,-25.5056,-17.647,3.6426,79.0758,105.1572,65.5363
39.28,-25.5118,-17.5496,3.1485,78.7058,112.1193,72.7681
39.3,-25.5176,-17.4504,2.6678,78.1739,118.3303,79.2164
39.32,-25.5228,-17.2301,1.7752,76.8628,128.369,89.6271
39.34,-25.5234,-17.1162,1.3693,76.1274,132.2855,93.7833
39.36,-25.5246,-16.9986,0.9958,75.41,135.5939,97.3511
39.38,-25.521,-16.8898,0.6549,74.6823,138.3394,100.3084
39.4,-25.5156,-16.7875,0.3472,73.9903,140.6064,102.7096
39.42,-25.4998,-16.6102,-0.1475,72.8023,143.8278,106.14
39.44,-25.4906,-16.5411,-0.3313,72.3465,144.9234,107.351
39.46,-25.4822,-16.4889,-0.4731,71.9729,145.7321,108.3181
39.48,-25.4739,-16.4507,-0.5675,71.7306,146.2676,108.9766
39.5,-25.4636,-16.4365,-0.6172,71.5829,146.4989,109.3097
39.52,-25.4464,-16.4671,-0.5859,71.6391,146.1437,109.1404
39.54,-25.4381,-16.5154,-0.4998,71.8535,145.5166,108.6656
39.56,-25.43,-16.5876,-0.3681,72.1698,144.5909,107.9546
39.58,-25.4192,-16.6715,-0.1915,72.595,143.3431,106.8884
39.6,-25.412,-16.7689,0.0216,73.0919,141.7562,105.4786
39.62,-25.3963,-16.9848,0.5696,74.2886,137.4779,101.4935
39.64,-25.3922,-17.0982,0.8988,74.9601,134.7436,98.9097
39.66,-25.3901,-17.2167,1.2617,75.6343,131.4899,95.6499
39.68,-25.3873,-17.3386,1.6484,76.2703,127.7635,91.7155
39.7,-25.3898,-17.4596,2.0692,76.9069,123.3927,87.0255
39.72,-25.4145,-17.7083,2.9947,78.0758,112.7492,75.8113
39.74,-25.4374,-17.8314,3.4925,78.5483,106.3197,69.1851
39.76,-25.4669,-17.9455,4.0097,78.9047,99.1342,61.8653
39.78,-25.5009,-18.0508,4.5393,79.0809,91.4403,54.1235
39.8,-25.5386,-18.1398,5.0801,79.074,83.4497,46.2788
39.82,-25.6194,-18.2529,6.1664,78.4692,68.1074,31.3208
39.84,-25.6653,-18.279,6.6927,77.8896,61.4119,24.7455
39.86,-25.7144,-18.2747,7.2111,77.1896,55.3586,18.8877
39.88,-25.7599,-18.2522,7.7148,76.3851,50.094,13.7805
39.9,-25.8163,-18.2074,8.1964,75.523,45.4225,9.3531
39.92,-25.9178,-18.0972,9.0782,73.7414,38.1989,2.4171
39.94,-25.971,-18.0304,9.4714,72.8777,35.3314,359.8097
39.96,-26.0307,-17.9461,9.8331,72.0337,32.7283,357.639
39.98,-26.0831,-17.8638,10.1609,71.2433,30.5809,356.0831
40,-26.1374,-17.7942,10.4436,70.5252,28.8292,354.9741
40.02,-26.2124,-17.6485,10.8962,69.2809,26.2584,353.1545
40.04,-26.2446,-17.5924,11.0535,68.8217,25.3781,352.7331
40.06,-26.2707,-17.5642,11.1588,68.5327,24.8299,352.6567
40.08,-26.2926,-17.5493,11.2199,68.3536,24.4555,352.6785
40.1,-26.3045,-17.5471,11.2378,68.3078,24.2768,352.7686
40.12,-26.2988,-17.6161,11.1291,68.6147,24.761,353.3854
40.14,-26.2885,-17.6653,10.9924,68.9948,25.3041,353.9021
40.16,-26.2636,-17.735,10.819,69.5017,26.216,354.6916
40.18,-26.2279,-17.7964,10.6099,70.0726,27.3365,355.5674
40.2,-26.1978,-17.869,10.3471,70.7737,28.7393,356.6956
40.22,-26.1161,-18.0029,9.7136,72.3728,32.4942,359.6502
40.24,-26.0667,-18.0715,9.3471,73.2583,34.9835,1.7507
40.26,-26.021,-18.1362,8.9448,74.1925,37.8996,4.3726
40.28,-25.9785,-18.2002,8.5132,75.1562,41.2533,7.5352
40.3,-25.9352,-18.2586,8.0591,76.0999,45.1996,11.3257
40.32,-25.8554,-18.3604,7.0819,77.8342,55.2719,21.3612
40.34,-25.814,-18.3912,6.5704,78.5627,61.5485,27.7714
40.36,-25.7717,-18.4015,6.0453,79.1164,68.531,34.8727
40.38,-25.7219,-18.3883,5.5136,79.4594,76.2617,42.6289
40.4,-25.667,-18.3475,4.9776,79.5805,84.2913,50.7275
40.42,-25.5539,-18.173,3.9127,79.206,99.9369,66.7048
40.44,-25.4971,-18.0592,3.3865,78.7438,107.1321,74.1543
40.46,-25.4397,-17.9249,2.8713,78.1557,113.5707,80.7329
40.48,-25.3792,-17.7859,2.3666,77.417,119.3053,86.4146
40.5,-25.3165,-17.6417,1.8763,76.5599,124.3388,91.2532
40.52,-25.2074,-17.341,0.9614,74.7314,132.3488,98.9822
40.54,-25.1566,-17.1948,0.5518,73.836,135.3902,101.9994
40.56,-25.1113,-17.058,0.1724,72.9565,137.9449,104.5861
40.58,-25.0668,-16.9253,-0.1673,72.133,139.9513,106.5424
40.6,-25.0265,-16.8026,-0.4668,71.3679,141.5216,108.0685
40.62,-24.9589,-16.5976,-0.9289,70.1224,143.5939,110.3545
40.64,-24.9356,-16.5168,-1.0883,69.6923,144.2531,111.1934
40.66,-24.918,-16.4571,-1.2028,69.3773,144.689,111.7919
40.68,-24.9079,-16.4231,-1.2704,69.1959,144.9259,112.1511
40.7,-24.9056,-16.4153,-1.2964,69.1289,145.0241,112.3797
40.72,-24.9176,-16.4627,-1.2246,69.3708,144.7404,112.2284
40.74,-24.9355,-16.5304,-1.1122,69.7039,144.2459,111.7937
40.76,-24.9543,-16.611,-0.9665,70.1112,143.5685,111.1639
40.78,-24.9752,-16.7071,-0.7771,70.6233,142.6176,110.2572
40.8,-25.0005,-16.815,-0.5479,71.2298,141.4051,109.1459
40.82,-25.0578,-17.0643,0.0225,72.6299,137.9959,105.9256
40.84,-25.0904,-17.1979,0.3601,73.4138,135.7262,103.7186
40.86,-25.1243,-17.3385,0.7313,74.2165,133.0432,101.0992
40.88,-25.1562,-17.4812,1.1383,75.0335,129.8077,97.7987
40.9,-25.1937,-17.6284,1.5675,75.8202,126.0649,93.9484
40.92,-25.2722,-17.9068,2.5231,77.3246,116.4117,84.0073
40.94,-25.3146,-18.0406,3.0379,77.9531,110.4384,78.0133
40.96,-25.3603,-18.1566,3.5761,78.4733,103.5204,71.1319
40.98,-25.4021,-18.2585,4.1363,78.7942,95.8384,63.5408
41,-25.4493,-18.3374,4.7097,78.9211,87.4909,55.4748
41.02,-25.5412,-18.4445,5.8758,78.4215,70.7804,39.596
41.04,-25.5892,-18.4741,6.4529,77.8432,63.344,32.6438
41.06,-25.6315,-18.4783,7.0247,77.0679,56.6728,26.3881
41.08,-25.6837,-18.4669,7.5701,76.1989,50.8941,21.0474
41.1,-25.7357,-18.4225,8.1019,75.2368,45.7319,16.285
41.12,-25.845,-18.3065,9.0593,73.2721,38.0413,9.3075
41.14,-25.8915,-18.2251,9.4919,72.2969,35.1335,6.5745
41.16,-25.9403,-18.1323,9.8814,71.4048,32.632,4.1325
41.18,-25.9901,-18.04,10.227,70.5762,30.5761,2.0666
41.2,-26.0253,-17.9569,10.5382,69.8285,28.9302,0.3669
41.22,-26.1021,-17.8113,11.0136,68.6626,26.3685,357.5788
41.24,-26.1316,-17.7473,11.1872,68.214,25.3948,356.5334
41.26,-26.1564,-17.7188,11.3085,67.9507,24.7762,355.9296
41.28,-26.1637,-17.6985,11.3912,67.7423,24.3993,355.5515
41.3,-26.1692,-17.6953,11.4207,67.6792,24.2084,355.336
41.32,-26.1351,-17.7372,11.3528,67.8778,24.666,355.5192
41.34,-26.12,-17.7825,11.2192,68.2235,25.2821,356.0399
41.36,-26.0766,-17.8252,11.0675,68.6245,26.1631,356.6992
41.38,-26.0408,-17.8869,10.8555,69.1936,27.3088,357.6106
41.4,-26.0034,-17.9476,10.6002,69.8378,28.6535,358.5582
41.42,-25.9052,-18.0913,9.9694,71.43,32.4133,1.3558
41.44,-25.8601,-18.1637,9.5938,72.3369,34.7624,3.2784
41.46,-25.8211,-18.2313,9.1837,73.2863,37.4173,5.6143
41.48,-25.7826,-18.2974,8.7412,74.2627,40.6177,8.5084
41.5,-25.7415,-18.3528,8.2703,75.2294,44.3803,11.9336
41.52,-25.6678,-18.3965,7.2616,76.9704,53.9147,20.7549
41.54,-25.6383,-18.3845,6.7318,77.7244,59.7662,26.378
41.56,-25.6051,-18.3483,6.1987,78.3363,66.2841,32.6835
41.58,-25.5869,-18.2947,5.65,78.8301,73.5282,39.8217
41.6,-25.5722,-18.2259,5.1002,79.1528,81.2842,47.5129
41.62,-25.5514,-18.0492,4.0111,79.2321,97.4641,63.3939
41.64,-25.5519,-17.9417,3.4783,79.015,105.2113,71.0294
41.66,-25.5529,-17.8313,2.9539,78.6112,112.5664,78.3064
41.68,-25.5567,-17.7218,2.453,78.0575,119.1094,84.824
41.7,-25.562,-17.6001,1.974,77.4236,124.8219,90.5771
41.72,-25.5777,-17.3615,1.0796,75.9118,133.9687,100.0938
41.74,-25.5843,-17.2478,0.6763,75.112,137.505,103.8271
41.76,-25.5893,-17.1383,0.3033,74.3141,140.3999,106.7644
41.78,-25.5907,-17.0345,-0.0301,73.5506,142.7187,109.0328
41.8,-25.5955,-16.9364,-0.3258,72.8543,144.6196,110.9276
41.82,-25.6005,-16.7717,-0.7782,71.7381,147.3436,113.7635
41.84,-25.5993,-16.7041,-0.9318,71.3397,148.1986,114.5798
41.86,-25.6002,-16.6488,-1.0405,71.0541,148.7673,115.0968
41.88,-25.6,-16.6093,-1.0995,70.8982,149.0771,115.3582
41.9,-25.6,-16.5947,-1.1138,70.857,149.1412,115.4347
41.92,-25.6037,-16.6287,-1.0176,71.1392,148.6605,115.1989
41.94,-25.6058,-16.6894,-0.8962,71.4672,148.0171,114.7071
41.96,-25.6074,-16.7645,-0.7442,71.8752,147.1379,113.9231
41.98,-25.6048,-16.858,-0.5509,72.3763,145.9393,112.7826
42,-25.601,-16.9692,-0.3233,72.9328,144.4306,111.3598
42.02,-25.5893,-17.2198,0.2492,74.2276,140.3262,107.7124
42.04,-25.5818,-17.357,0.5928,74.94,137.5824,105.2757
42.06,-25.5719,-17.4958,0.976,75.6912,134.224,102.1316
42.08,-25.5632,-17.6321,1.3956,76.4425,130.1695,98.2621
42.1,-25.5535,-17.7655,1.8528,77.1744,125.2834,93.5421
42.12,-25.5477,-18.0133,2.8647,78.4655,112.8258,81.9083
42.14,-25.5455,-18.1261,3.4151,78.918,105.1916,74.8653
42.16,-25.5527,-18.2299,3.9796,79.1932,96.8589,67.1927
42.18,-25.5587,-18.3238,4.5565,79.2201,88.224,59.0893
42.2,-25.5717,-18.3905,5.1395,79.0159,79.4703,50.6671
42.22,-25.5953,-18.4807,6.305,77.9177,64.085,35.8293
42.24,-25.6161,-18.483,6.8846,77.1247,57.4141,29.4648
42.26,-25.6452,-18.4671,7.4421,76.2268,51.6471,23.9921
42.28,-25.6727,-18.4294,7.9855,75.2421,46.6906,19.3058
42.3,-25.7132,-18.3767,8.4995,74.241,42.4494,15.3211
42.32,-25.793,-18.2292,9.4435,72.1984,35.8375,9.0506
42.34,-25.8331,-18.1342,9.8646,71.2209,33.2488,6.4699
42.36,-25.8807,-18.0315,10.243,70.3007,31.0216,4.2911
42.38,-25.9224,-17.9261,10.5905,69.4416,29.1644,2.4728
42.4,-25.9586,-17.8179,10.8961,68.6711,27.5749,0.8275
42.42,-26.0327,-17.6292,11.3681,67.4341,25.2566,358.283
42.44,-26.0658,-17.5411,11.5424,66.9639,24.3878,357.2078
42.46,-26.0839,-17.4741,11.6807,66.5953,23.8125,356.4118
42.48,-26.1137,-17.4094,11.7674,66.3592,23.2656,355.6341
42.5,-26.1322,-17.3535,11.8264,66.1888,22.9049,354.9086
42.52,-26.156,-17.317,11.8212,66.2337,22.8094,354.2944
42.54,-26.1698,-17.3144,11.773,66.3685,22.8848,354.209
42.56,-26.1777,-17.3367,11.6819,66.6324,23.1007,354.2473
42.58,-26.1816,-17.3675,11.5661,66.9755,23.4625,354.4188
42.6,-26.1812,-17.4125,11.4276,67.3941,23.9375,354.6709
42.62,-26.1839,-17.5394,11.0664,68.4603,25.2762,355.8086
42.64,-26.1706,-17.5997,10.8635,69.0718,26.1617,356.4474
42.66,-26.1664,-17.6522,10.636,69.6973,27.0904,357.1562
42.68,-26.1705,-17.7202,10.3801,70.4071,28.2066,358.0019
42.7,-26.1604,-17.7813,10.1186,71.1186,29.5215,359.0389
42.72,-26.1413,-17.8948,9.5585,72.5916,32.5791,1.3585
42.74,-26.1294,-17.9445,9.2607,73.3179,34.4094,2.7222
42.76,-26.1186,-17.9895,8.9482,74.0507,36.4841,4.2516
42.78,-26.1058,-18.0381,8.6116,74.8105,38.9247,6.172
42.8,-26.0963,-18.0738,8.2605,75.5759,41.5916,8.3978
42.82,-26.0803,-18.1517,7.5055,77.085,48.1747,14.8311
42.84,-26.0759,-18.1904,7.1,77.825,52.1733,19.1206
42.86,-26.0678,-18.231,6.6746,78.5102,56.9269,24.1771
42.88,-26.0544,-18.2454,6.2392,79.112,62.1006,29.6065
42.9,-26.0446,-18.2614,5.7795,79.6288,68.3311,36.1573
42.92,-26.0031,-18.233,4.8297,80.2788,82.913,51.4228
42.94,-25.9818,-18.1966,4.3329,80.3484,91.0729,59.8718
42.96,-25.9459,-18.1371,3.8382,80.2125,99.0757,67.922
42.98,-25.904,-18.0665,3.3307,79.8265,107.0825,75.8827
43,-25.8563,-17.9605,2.8347,79.2788,114.1506,82.8529
43.02,-25.7501,-17.7089,1.8736,77.7765,125.7731,94.6643
43.04,-25.6911,-17.5703,1.4222,76.9109,130.3295,99.4586
43.06,-25.6298,-17.4257,0.9936,76.032,134.0022,103.2622
43.08,-25.5674,-17.2908,0.581,75.0589,137.1258,106.4453
43.1,-25.5049,-17.1535,0.2,74.1346,139.5695,108.9025
43.12,-25.3844,-16.9089,-0.4623,72.4188,143.1185,112.7604
43.14,-25.3264,-16.802,-0.7364,71.682,144.3334,114.1944
43.16,-25.2683,-16.7077,-0.9726,70.9998,145.1841,115.1732
43.18,-25.213,-16.6192,-1.1663,70.4344,145.7545,115.7798
43.2,-25.1608,-16.5457,-1.3146,69.9683,146.1422,116.2356
43.22,-25.0753,-16.4566,-1.4821,69.3815,146.3974,116.7177
43.24,-25.0414,-16.4465,-1.5011,69.2679,146.2822,116.6648
43.26,-25.0135,-16.4599,-1.4779,69.2803,145.9929,116.3224
43.28,-24.9934,-16.4939,-1.4188,69.3976,145.5784,115.8371
43.3,-24.9723,-16.5631,-1.2981,69.6699,144.835,115.0243
43.32,-24.9558,-16.7428,-0.9363,70.5683,142.6881,113.0227
43.34,-24.9556,-16.8569,-0.6899,71.168,141.1729,111.7855
43.36,-24.9592,-16.9806,-0.4041,71.8474,139.3416,110.2358
43.38,-24.9648,-17.1152,-0.0823,72.5647,137.1212,108.2352
43.4,-24.9783,-17.2512,0.2708,73.3319,134.5793,105.8949
43.42,-25.0143,-17.5417,1.0641,74.8836,128.2932,99.8806
43.44,-25.0389,-17.6906,1.4987,75.6435,124.4416,96.1158
43.46,-25.0703,-17.8394,1.9513,76.3477,120.0759,91.8567
43.48,-25.0991,-17.9772,2.438,77.0162,114.8333,86.6936
43.5,-25.1323,-18.1109,2.9423,77.5873,109.0055,81.1674
43.52,-25.2001,-18.3347,4.0039,78.2853,95.3508,68.3827
43.54,-25.2454,-18.4045,4.5498,78.3965,87.7857,61.254
43.56,-25.2747,-18.4561,5.1132,78.2631,80.0841,53.9158
43.58,-25.3185,-18.4923,5.6652,77.9635,72.7861,47.0574
43.6,-25.3509,-18.5051,6.2231,77.4439,65.8792,40.4741
43.62,-25.4254,-18.4653,7.305,75.9548,54.0866,28.9945
43.64,-25.4687,-18.3965,7.8331,75.0265,48.9778,23.9624
43.66,-25.5121,-18.3198,8.3404,74.0518,44.7468,19.8409
43.68,-25.561,-18.2232,8.825,73.0157,41.0056,16.2832
43.7,-25.6107,-18.1175,9.2885,71.9876,37.7999,13.1756
43.72,-25.7192,-17.9038,10.118,70.0247,32.6782,7.8851
43.74,-25.7611,-17.8048,10.4863,69.1139,30.7465,5.7408
43.76,-25.8196,-17.6916,10.8096,68.295,28.897,3.6999
43.78,-25.8586,-17.5994,11.1021,67.5429,27.5519,2.1187
43.8,-25.9006,-17.501,11.3497,66.9024,26.309,0.6204
43.82,-25.9697,-17.3367,11.7113,65.9648,24.5953,358.2815
43.84,-25.9911,-17.2585,11.8374,65.66,23.9872,357.3028
43.86,-26.0168,-17.2098,11.9119,65.4777,23.5408,356.4861
43.88,-26.0186,-17.1991,11.9538,65.4483,23.4568,355.9978
43.9,-26.0447,-17.2006,11.9412,65.5301,23.3423,355.6081
43.92,-26.0526,-17.261,11.8331,65.9813,23.5515,355.5106
43.94,-26.0587,-17.3487,11.6818,66.4474,23.9625,355.8272
43.96,-26.0425,-17.4301,11.5141,66.9611,24.6425,356.3261
43.98,-26.0231,-17.5358,11.2962,67.6102,25.6067,357.0329
44,-25.9889,-17.63,11.0429,68.3069,26.873,357.9427
44.02,-25.9272,-17.8271,10.3872,70.0504,30.198,0.4001
44.04,-25.9001,-17.9211,9.9929,71.0374,32.3431,2.1124
44.06,-25.8673,-18.0066,9.5695,72.0661,34.8324,4.1389
44.08,-25.8446,-18.0823,9.1065,73.0908,37.7195,6.715
44.1,-25.8196,-18.1594,8.6114,74.1427,41.158,9.9885
44.12,-25.7738,-18.2531,7.5521,76.1281,49.8599,18.5767
44.14,-25.7591,-18.2695,6.9895,77.008,55.2991,24.0141
44.16,-25.759,-18.2634,6.4047,77.8255,61.4892,30.433
44.18,-25.7459,-18.2492,5.8184,78.4628,68.5824,37.833
44.2,-25.7452,-18.2059,5.2259,78.9775,76.2603,45.8975
44.22,-25.7519,-18.0789,4.0073,79.3441,93.5548,63.8139
44.24,-25.741,-17.9867,3.4119,79.1495,102.2934,72.7172
44.26,-25.7401,-17.8729,2.8168,78.7362,110.5957,81.159
44.28,-25.7379,-17.7327,2.2459,78.1598,117.9912,88.6419
44.3,-25.727,-17.5871,1.689,77.3685,124.4683,95.1473
44.32,-25.7064,-17.2461,0.6651,75.5406,134.6302,105.2931
44.34,-25.6904,-17.0762,0.2016,74.5363,138.4201,109.0533
44.36,-25.676,-16.9025,-0.2188,73.5795,141.5155,112.0612
44.38,-25.6567,-16.7489,-0.5977,72.6318,143.9173,114.3482
44.4,-25.6417,-16.6008,-0.927,71.7935,145.8294,116.0922
44.42,-25.6195,-16.3585,-1.4324,70.4464,148.5639,118.6654
44.44,-25.6108,-16.2739,-1.6055,69.9609,149.4492,119.5275
44.46,-25.6034,-16.215,-1.7215,69.6347,150.0553,120.104
44.48,-25.6008,-16.1872,-1.7917,69.431,150.4174,120.4817
44.5,-25.6025,-16.1858,-1.8085,69.3932,150.5683,120.6631
44.52,-25.6033,-16.2674,-1.6964,69.6956,150.099,120.1163
44.54,-25.6052,-16.3488,-1.5529,70.0906,149.3877,119.2531
44.56,-25.5991,-16.4501,-1.3611,70.5663,148.3319,117.9335
44.58,-25.5956,-16.5646,-1.1232,71.1388,147.0102,116.2052
44.6,-25.5841,-16.6952,-0.8296,71.7923,145.1783,113.8629
44.62,-25.5643,-17.0003,-0.0803,73.4101,140.0894,108.1486
44.64,-25.5593,-17.1707,0.3769,74.3731,136.6746,104.8203
44.66,-25.5473,-17.3564,0.8933,75.3644,132.2947,100.5129
44.68,-25.5417,-17.544,1.4356,76.3003,127.0955,95.4715
44.7,-25.5338,-17.73,2.0291,77.1728,120.6614,89.2505
44.72,-25.5233,-18.0877,3.3102,78.3811,104.2253,73.8098
44.74,-25.5168,-18.2365,4.0018,78.6052,94.4276,64.7071
44.76,-25.5194,-18.3615,4.7018,78.5073,84.3935,55.5874
44.78,-25.5182,-18.4638,5.4159,78.0651,74.6872,46.957
44.8,-25.5275,-18.5257,6.1296,77.3315,65.717,38.8661
44.82,-25.5672,-18.5505,7.5171,75.2274,51.3164,26.3844
44.84,-25.5961,-18.5083,8.1825,73.9857,45.7441,21.7193
44.86,-25.6352,-18.4397,8.8101,72.724,41.1327,17.8238
44.88,-25.67,-18.3494,9.4109,71.3865,37.2561,14.4523
44.9,-25.7166,-18.2203,9.972,70.0834,33.9034,11.471
44.92,-25.8014,-17.931,10.9557,67.6478,28.9442,6.7026
44.94,-25.8402,-17.7625,11.3794,66.5244,27.0327,4.7359
44.96,-25.9022,-17.6136,11.7225,65.6042,25.4319,3.0815
44.98,-25.9115,-17.4343,12.0764,64.5826,24.1893,1.6273
45,-25.9422,-17.2966,12.3414,63.8143,23.1944,0.5287
45.02,-25.9622,-17.0573,12.7554,62.5724,21.8317,358.9309
45.04,-25.969,-16.9977,12.8751,62.1984,21.4751,358.5952
45.06,-25.9601,-16.9495,12.9576,61.9446,21.2556,358.3903
45.08,-25.9298,-16.94,12.9941,61.8169,21.2964,358.4848
45.1,-25.9137,-16.9543,12.9712,61.8377,21.4655,358.7327
45.12,-25.8307,-17.0543,12.7711,62.3733,22.4293,359.6569
45.14,-25.7683,-17.1541,12.5876,62.9029,23.3546,0.4069
45.16,-25.7027,-17.2531,12.3583,63.5461,24.3999,1.1344
45.18,-25.651,-17.3742,12.0624,64.3551,25.6873,2.0515
45.2,-25.5746,-17.5158,11.7274,65.3046,27.3703,3.1674
45.22,-25.4584,-17.783,10.9046,67.4613,31.3256,5.8914
45.24,-25.4099,-17.9364,10.4162,68.7068,33.885,7.8472
45.26,-25.3681,-18.0821,9.8915,69.9868,36.8093,10.2824
45.28,-25.34,-18.2081,9.3388,71.2911,40.016,13.1245
45.3,-25.3191,-18.3242,8.7542,72.5614,43.7714,16.516
45.32,-25.3087,-18.5143,7.4917,74.9437,53.5094,25.5098
45.34,-25.3301,-18.5644,6.8297,76.0091,59.3924,31.3423
45.36,-25.3641,-18.591,6.1555,76.9597,66.1217,38.225
45.38,-25.3986,-18.6007,5.4771,77.7234,73.9661,46.2916
45.4,-25.4456,-18.5813,4.7931,78.2872,82.5711,55.1279
45.42,-25.5552,-18.4497,3.4532,78.5909,100.7674,73.69
45.44,-25.6125,-18.352,2.8048,78.3279,109.5456,82.7682
45.46,-25.6691,-18.2285,2.1841,77.8519,117.3684,90.7668
45.48,-25.732,-18.0884,1.5799,77.1963,124.6369,98.1424
45.5,-25.7829,-17.9419,1.0091,76.3713,130.8047,104.2423
45.52,-25.8839,-17.6172,-0.0296,74.5098,140.4866,113.553
45.54,-25.9268,-17.4487,-0.4864,73.5398,144.135,116.8691
45.56,-25.9651,-17.2804,-0.8931,72.606,147.1129,119.4283
45.58,-26.0019,-17.1213,-1.2525,71.7315,149.5535,121.5081
45.6,-26.0314,-16.9831,-1.557,70.948,151.4743,123.1859
45.62,-26.0855,-16.7653,-1.9987,69.8033,154.0939,125.5585
45.64,-26.1039,-16.7008,-2.1363,69.4362,154.8712,126.3022
45.66,-26.1221,-16.6637,-2.2229,69.2156,155.4089,126.8937
45.68,-26.1317,-16.6617,-2.2492,69.1513,155.5988,127.1646
45.7,-26.1394,-16.6807,-2.2246,69.2395,155.5722,127.2124
45.72,-26.1411,-16.8025,-2.0047,69.8694,154.6776,126.4251
45.74,-26.1395,-16.8969,-1.8175,70.3954,153.8615,125.7181
45.76,-26.1324,-17.0108,-1.5746,71.0561,152.695,124.6857
45.78,-26.1225,-17.147,-1.2868,71.7991,151.23,123.3799
45.8,-26.1086,-17.2945,-0.9487,72.6512,149.3616,121.6669
45.82,-26.0695,-17.6251,-0.1386,74.5295,144.0451,116.6028
45.84,-26.0523,-17.799,0.3234,75.5115,140.4813,113.179
45.86,-26.0295,-17.9717,0.8314,76.5085,136.0856,108.9218
45.88,-26.0093,-18.1454,1.3682,77.4441,130.7897,103.803
45.9,-25.9866,-18.3106,1.9402,78.3096,124.3439,97.5143
45.92,-25.9399,-18.5954,3.1667,79.5581,107.6136,81.2725
45.94,-25.9174,-18.7106,3.8091,79.7991,97.669,71.8227
45.96,-25.8986,-18.7951,4.4617,79.757,87.4139,62.1255
45.98,-25.879,-18.8467,5.1232,79.378,77.4293,52.5735
46,-25.8599,-18.8732,5.7836,78.7483,68.5552,44.4021
46.02,-25.8473,-18.848,7.0683,76.9498,54.0162,30.9096
46.04,-25.8455,-18.8054,7.6879,75.8298,48.2829,25.3967
46.06,-25.8559,-18.7617,8.2742,74.6945,43.6403,21.0007
46.08,-25.8735,-18.6697,8.8572,73.462,39.2867,17.0156
46.1,-25.9037,-18.5843,9.3938,72.2916,35.7832,14.3092
46.12,-25.9701,-18.3725,10.3711,70.0328,30.2299,10.5005
46.14,-26.0238,-18.2295,10.7903,68.9464,27.9776,8.594
46.16,-26.0987,-18.1057,11.1441,68.0775,26.0388,6.9094
46.18,-26.117,-17.9863,11.499,67.1404,24.6872,5.4842
46.2,-26.1775,-17.8828,11.7732,66.4478,23.3233,4.1612
46.22,-26.2537,-17.714,12.2125,65.4021,21.3447,1.8118
46.24,-26.3105,-17.6552,12.3423,65.0952,20.5224,0.654
46.26,-26.3452,-17.6135,12.4365,64.9413,19.9473,359.6454
46.28,-26.3612,-17.6043,12.4894,64.8865,19.6989,358.9998
46.3,-26.3903,-17.596,12.4943,64.9268,19.4168,358.3916
46.32,-26.427,-17.661,12.3694,65.4815,19.4203,357.8424
46.34,-26.4142,-17.7411,12.2385,65.9243,19.8644,357.9773
46.36,-26.415,-17.8225,12.0558,66.4998,20.3623,358.1815
46.38,-26.4066,-17.9206,11.8258,67.1632,21.2038,358.6084
46.4,-26.3692,-18.0318,11.56,67.96,22.3754,359.1172
46.42,-26.3141,-18.267,10.8633,69.9765,25.4932,1.1623
46.44,-26.2828,-18.377,10.4545,71.1442,27.3692,2.5642
46.46,-26.2662,-18.5028,9.9885,72.4292,29.6727,4.5535
46.48,-26.2552,-18.6307,9.4724,73.8318,32.3924,7.1222
46.5,-26.2543,-18.7352,8.9214,75.2434,35.5771,10.3025
46.52,-26.2402,-18.9114,7.7142,78.0669,45.0126,19.5446
46.54,-26.2366,-18.9559,7.0638,79.3157,51.7706,25.9719
46.56,-26.2398,-18.9669,6.3846,80.411,60.3805,34.3038
46.58,-26.2402,-18.9545,5.6871,81.255,71.3319,45.0799
46.6,-26.2363,-18.902,4.9812,81.7182,83.9365,57.3864
46.62,-26.2119,-18.6941,3.5417,81.2457,110.3823,82.5654
46.64,-26.1915,-18.5436,2.8181,80.366,121.6562,93.1631
46.66,-26.1728,-18.3596,2.0983,79.1979,130.847,101.92
46.68,-26.1498,-18.1624,1.4149,77.8783,137.9994,108.8797
46.7,-26.1234,-17.9505,0.7518,76.4407,143.5744,114.3685
46.72,-26.0591,-17.4952,-0.4832,73.439,151.0112,121.5112
46.74,-26.0182,-17.2724,-1.0361,71.9575,153.4233,123.9459
46.76,-25.9759,-17.0545,-1.5398,70.5684,155.2543,125.9151
46.78,-25.9341,-16.8466,-1.9961,69.2848,156.6241,127.5049
46.8,-25.891,-16.6486,-2.3987,68.1161,157.6485,128.6777
46.82,-25.7931,-16.3075,-3.0303,66.1358,158.8504,129.7914
46.84,-25.7485,-16.1665,-3.2562,65.3982,159.2184,130.0906
46.86,-25.7075,-16.0566,-3.4238,64.8299,159.4554,130.3094
46.88,-25.671,-15.9796,-3.5324,64.4444,159.5512,130.4654
46.9,-25.6394,-15.9417,-3.5858,64.2326,159.5098,130.4731
46.92,-25.588,-15.9731,-3.5204,64.3849,159.0311,129.9923
46.94,-25.5681,-16.0532,-3.394,64.7772,158.5177,129.6
46.96,-25.5557,-16.1665,-3.2147,65.3348,157.8515,129.148
46.98,-25.5481,-16.306,-2.9815,66.069,157.0125,128.561
47,-25.5412,-16.471,-2.6905,66.9556,155.9477,127.7464
47.02,-25.5356,-16.8552,-1.967,69.0471,152.9362,125.1454
47.04,-25.5327,-17.0587,-1.5291,70.2587,150.9206,123.3257
47.06,-25.5323,-17.2713,-1.0597,71.4635,148.5345,121.2235
47.08,-25.5279,-17.4775,-0.549,72.7293,145.5686,118.4276
47.1,-25.5199,-17.6808,-0.0064,73.9675,141.9621,114.9795
47.12,-25.5073,-18.0695,1.1598,76.2647,132.561,105.9329
47.14,-25.5017,-18.2476,1.7828,77.2767,126.4455,99.9065
47.16,-25.4961,-18.4077,2.4393,78.1788,118.9971,92.5733
47.18,-25.5027,-18.5588,3.0988,78.8669,110.7284,84.452
47.2,-25.5111,-18.6877,3.7858,79.3205,100.9955,74.9511
47.22,-25.5468,-18.8996,5.1851,79.3033,80.3279,55.4332
47.24,-25.5698,-18.9515,5.8961,78.8061,70.3302,45.8944
47.26,-25.5886,-18.9817,6.6069,77.9695,61.5225,37.4912
47.28,-25.636,-18.9675,7.293,77.0059,53.8269,30.2785
47.3,-25.6907,-18.926,7.9694,75.8824,47.2506,24.3322
47.32,-25.8254,-18.7669,9.2616,73.3088,36.8585,15.7868
47.34,-25.9034,-18.6541,9.87,71.9487,32.8069,12.8893
47.36,-25.991,-18.5205,10.4397,70.5941,29.3312,10.4691
47.38,-26.0805,-18.3684,10.9688,69.2789,26.4009,8.3171
47.4,-26.1584,-18.2223,11.4442,68.0659,24.0878,6.5585
47.42,-26.3221,-17.9167,12.2299,65.9754,20.4115,3.5547
47.44,-26.3984,-17.7836,12.5322,65.1562,19.0779,2.3282
47.46,-26.451,-17.6468,12.7968,64.4221,17.986,1.0452
47.48,-26.5064,-17.5214,12.9946,63.832,17.1048,359.8379
47.5,-26.5555,-17.441,13.1333,63.4459,16.4899,358.8312
47.52,-26.617,-17.3673,13.2438,63.2417,15.8206,357.2892
47.54,-26.6461,-17.3715,13.2176,63.3753,15.6708,356.7748
47.56,-26.6488,-17.4058,13.1607,63.6134,15.8147,356.5429
47.58,-26.6457,-17.5042,13.0178,64.1816,16.0938,356.5127
47.6,-26.6503,-17.6186,12.8173,64.8275,16.5669,356.6898
47.62,-26.5891,-17.9054,12.2777,66.5031,18.4338,357.7393
47.64,-26.5534,-18.0548,11.9233,67.5479,19.7545,358.6419
47.66,-26.4923,-18.1965,11.5291,68.6339,21.4798,359.9087
47.68,-26.455,-18.3673,11.0499,70.0205,23.5455,1.7247
47.7,-26.4184,-18.5073,10.5332,71.3828,25.8916,3.8851
47.72,-26.3228,-18.762,9.3694,74.2565,32.5216,10.0266
47.74,-26.2702,-18.8733,8.723,75.7218,37.1785,14.4489
47.76,-26.2351,-18.9469,8.0297,77.1539,42.7916,19.8251
47.78,-26.183,-18.9974,7.3252,78.4032,49.9284,26.7888
47.8,-26.139,-19.02,6.581,79.4998,58.7517,35.6012
47.82,-26.0394,-18.9322,5.0411,80.6621,81.4777,58.0311
47.84,-25.9805,-18.82,4.2523,80.5844,94.3428,70.6312
47.86,-25.9157,-18.6636,3.4592,80.0384,106.4703,82.3731
47.88,-25.8458,-18.4741,2.6687,79.0704,117.2429,92.6455
47.9,-25.7763,-18.2452,1.8973,77.8359,125.954,100.734
47.92,-25.636,-17.7312,0.4243,74.7995,138.537,111.9338
47.94,-25.5647,-17.459,-0.2588,73.1553,142.8738,115.5634
47.96,-25.4991,-17.1884,-0.9023,71.481,146.3065,118.3756
47.98,-25.4291,-16.9198,-1.4834,69.8897,148.949,120.4024
48,-25.3664,-16.6612,-2.0108,68.3819,150.9902,121.9522
48.02,-25.2506,-16.1945,-2.8712,65.7827,153.6368,124.0544
48.04,-25.1985,-15.9996,-3.203,64.7153,154.4149,124.6929
48.06,-25.1504,-15.8336,-3.4611,63.8838,154.9329,125.1393
48.08,-25.1117,-15.7082,-3.6597,63.2087,155.2719,125.5369
48.1,-25.0796,-15.6237,-3.7915,62.7522,155.4388,125.7881
48.12,-25.0375,-15.5825,-3.8583,62.4954,155.3884,125.8097
48.14,-25.0284,-15.6244,-3.8015,62.6634,155.1977,125.6113
48.16,-25.0249,-15.7143,-3.6713,63.0791,154.8107,125.205
48.18,-25.029,-15.8483,-3.4786,63.6805,154.2317,124.6735
48.2,-25.0399,-16.0134,-3.2252,64.4769,153.4585,124.0355
48.22,-25.0729,-16.4377,-2.5272,66.5809,151.0408,122.1855
48.24,-25.0966,-16.6819,-2.087,67.8456,149.3215,120.8313
48.26,-25.1239,-16.9419,-1.5894,69.2097,147.159,119.0372
48.28,-25.155,-17.2176,-1.0374,70.6341,144.4347,116.7206
48.3,-25.1901,-17.4982,-0.4281,72.1268,141.0441,113.8262
48.32,-25.2664,-18.0599,0.9496,75.1051,131.3027,105.4184
48.34,-25.3105,-18.3228,1.7072,76.4806,124.3391,99.2928
48.36,-25.3566,-18.5641,2.5062,77.6711,115.6498,91.6794
48.38,-25.4078,-18.7777,3.3284,78.5214,105.1788,82.5085
48.4,-25.4585,-18.9626,4.1664,78.9393,93.4449,72.1299
48.42,-25.5758,-19.2045,5.8552,78.359,69.6517,51.0999
48.44,-25.6445,-19.2507,6.6905,77.4661,59.3624,42.1406
48.46,-25.7181,-19.2593,7.5005,76.3079,50.8791,34.8408
48.48,-25.8058,-19.208,8.2854,74.9126,43.639,28.797
48.5,-25.8936,-19.1254,9.0293,73.4533,37.9589,24.0987
48.52,-26.0968,-18.8414,10.3842,70.4296,29.3247,16.9051
48.54,-26.225,-18.6521,10.9818,68.9468,25.8929,14.1958
48.56,-26.3342,-18.4541,11.5379,67.5299,23.1301,12.0828
48.58,-26.444,-18.2747,12.0259,66.2431,20.8588,10.4278
48.6,-26.5694,-18.0824,12.4495,65.0656,18.8283,9.0161
48.62,-26.76,-17.7418,13.1314,63.0776,15.9751,6.7938
48.64,-26.8393,-17.6033,13.3772,62.3439,15.0334,6.015
48.66,-26.916,-17.4898,13.5521,61.8132,14.1774,5.2534
48.68,-26.9599,-17.4171,13.6726,61.4849,13.7165,4.6182
48.7,-27.0116,-17.3569,13.7285,61.3084,13.3309,3.9354
48.72,-27.0497,-17.3578,13.6835,61.577,13.2055,2.9123
48.74,-27.0644,-17.4268,13.5599,62.0467,13.3517,2.6966
48.76,-27.0609,-17.5296,13.3846,62.6707,13.6528,2.6334
48.78,-27.0518,-17.6642,13.1593,63.4403,14.126,2.7581
48.8,-27.0325,-17.8427,12.8676,64.4279,14.8695,2.9592
48.82,-26.9436,-18.2125,12.1471,66.6562,17.2867,3.9476
48.84,-26.887,-18.4253,11.6905,68.064,19.0829,5.16
48.86,-26.8053,-18.589,11.2236,69.3761,21.1541,6.8094
48.88,-26.7655,-18.782,10.6444,70.9855,23.6375,8.9962
48.9,-26.7003,-18.922,10.0536,72.478,26.6179,11.3047
48.92,-26.556,-19.1398,8.7305,75.5092,35.4157,18.2622
48.94,-26.4942,-19.1929,8.015,76.9476,41.3255,23.2347
48.96,-26.4437,-19.2174,7.2587,78.3213,48.7634,29.8985
48.98,-26.3856,-19.1966,6.4966,79.4113,57.6625,38.0819
49,-26.3395,-19.1356,5.7143,80.2782,68.4115,48.198
49.02,-26.2312,-18.921,4.1307,80.7048,93.9256,72.42
49.04,-26.1808,-18.7563,3.3402,80.2461,106.2829,84.1427
49.06,-26.1283,-18.5659,2.5588,79.3827,117.197,94.5041
49.08,-26.0745,-18.3407,1.8096,78.2608,125.9358,102.755
49.1,-26.025,-18.1053,1.0657,76.8922,133.1098,109.515
49.12,-25.9147,-17.5837,-0.3183,73.8107,143.2662,118.5269
49.14,-25.8537,-17.3128,-0.9491,72.1884,146.7478,121.316
49.16,-25.7978,-17.0367,-1.5346,70.5906,149.5283,123.4516
49.18,-25.7404,-16.766,-2.0618,69.0668,151.6567,124.947
49.2,-25.6861,-16.5081,-2.5306,67.6515,153.3174,126.0884
49.22,-25.5977,-16.0738,-3.2812,65.1992,156.201,129.0344
49.24,-25.5627,-15.9025,-3.5622,64.1263,156.8273,129.7929
49.26,-25.538,-15.7649,-3.7796,63.4003,157.471,130.5249
49.28,-25.519,-15.6712,-3.9378,62.8443,157.8138,130.9479
49.3,-25.5045,-15.6194,-4.0308,62.5441,158.03,131.1954
49.32,-25.4995,-15.6342,-4.0381,62.5531,158.0708,131.445
49.34,-25.5064,-15.6925,-3.961,62.8271,157.889,131.3907
49.36,-25.518,-15.803,-3.8019,63.3702,157.5289,131.1494
49.38,-25.5367,-15.9414,-3.6069,64.0001,157.0656,130.8401
49.4,-25.56,-16.1106,-3.3568,64.8133,156.4584,130.4457
49.42,-25.6142,-16.5228,-2.7005,66.8656,154.6322,129.2017
49.44,-25.6434,-16.759,-2.3062,68.0267,153.3135,128.1902
49.46,-25.6691,-17.0085,-1.8632,69.2608,151.6599,126.8316
49.48,-25.6905,-17.2707,-1.3779,70.5281,149.5465,124.8935
49.5,-25.7198,-17.5295,-0.8498,71.8841,146.9429,122.3879
49.52,-25.7759,-18.0695,0.3479,74.6727,139.6281,115.7595
49.54,-25.8111,-18.3373,1.0085,76.0713,134.3621,111.195
49.56,-25.846,-18.5887,1.7135,77.4171,127.6954,105.4315
49.58,-25.8813,-18.817,2.4551,78.5986,119.2064,98.0918
49.6,-25.916,-19.026,3.2122,79.4593,108.9549,89.042
49.62,-25.9767,-19.3229,4.7793,79.9441,84.865,67.0009
49.64,-26.0043,-19.4044,5.5692,79.5156,72.9908,55.9825
49.66,-26.0205,-19.4392,6.3746,78.6308,62.2566,45.8608
49.68,-26.0696,-19.419,7.1281,77.5931,53.5169,37.7935
49.7,-26.0992,-19.369,7.879,76.2759,46.3894,31.1854
49.72,-26.1833,-19.1363,9.3031,73.3286,35.6007,21.352
49.74,-26.2456,-18.9644,9.9651,71.7785,31.4436,17.7069
49.76,-26.3035,-18.7798,10.5856,70.2536,28.0459,14.7717
49.78,-26.3761,-18.5874,11.1504,68.8271,25.2026,12.2828
49.8,-26.4395,-18.3907,11.6714,67.4642,22.889,10.1421
49.82,-26.5694,-17.9835,12.545,65.0328,19.3193,6.5377
49.84,-26.6365,-17.776,12.9015,63.9751,17.9458,4.9847
49.86,-26.7077,-17.5901,13.1891,63.1146,16.7721,3.5775
49.88,-26.7545,-17.4267,13.4369,62.3569,15.9433,2.3842
49.9,-26.8063,-17.2631,13.6424,61.7142,15.1191,1.1298
49.92,-26.9129,-17.0642,13.8854,61.0072,13.9678,358.9356
49.94,-26.9742,-17.0147,13.9287,60.9185,13.4783,357.8204
49.96,-27.0176,-16.988,13.9437,60.9212,13.1731,356.7884
49.98,-27.0665,-17.0027,13.9119,61.1355,12.91,355.8492
50,-27.1272,-17.0359,13.8386,61.4599,12.6772,354.9951
50.02,-27.2272,-17.1835,13.5894,62.4414,12.4723,353.7002
50.04,-27.2816,-17.2878,13.4163,63.1239,12.4338,353.2035
50.06,-27.3273,-17.4385,13.1896,63.9699,12.6287,352.9507
50.08,-27.3557,-17.5748,12.9558,64.8511,12.8917,352.5789
50.1,-27.3953,-17.7206,12.659,65.8356,13.2951,352.1872
50.12,-27.4217,-18.0394,11.9238,68.2391,14.9922,351.9814
50.14,-27.431,-18.196,11.4782,69.6251,16.2225,352.453
50.16,-27.4197,-18.3428,11.001,71.0673,17.7856,353.2972
50.18,-27.4061,-18.5001,10.4671,72.6381,19.7986,354.7213
50.2,-27.3972,-18.6467,9.8961,74.2471,22.1731,356.6514
50.22,-27.3456,-18.9271,8.6592,77.5081,29.4056,3.3081
50.24,-27.3123,-19.0447,8.0028,79.0624,34.6919,8.6015
50.26,-27.2799,-19.1275,7.3267,80.515,41.5453,15.6097
50.28,-27.2212,-19.1942,6.6424,81.702,51.089,25.4537
50.3,-27.1784,-19.2053,5.9313,82.6422,63.0501,37.9746
50.32,-27.0481,-19.1291,4.5096,83.1174,92.9254,69.2482
50.34,-26.9669,-19.0419,3.7893,82.5867,107.4795,84.5259
50.36,-26.8691,-18.9153,3.0782,81.6597,119.2752,96.7457
50.38,-26.7702,-18.7619,2.3634,80.4208,128.5047,106.1389
50.4,-26.6599,-18.581,1.6628,78.9989,135.5288,113.1711
50.42,-26.4084,-18.1724,0.3327,75.8352,144.7264,122.0998
50.44,-26.2778,-17.9406,-0.2865,74.2299,147.7098,124.7964
50.46,-26.1356,-17.7001,-0.855,72.6628,149.9083,126.6073
50.48,-26.0018,-17.4618,-1.3951,71.0942,151.6259,128.0839
50.5,-25.8612,-17.2259,-1.8781,69.6306,152.8175,128.9952
50.52,-25.5897,-16.7837,-2.6756,67.0481,154.1636,129.9456
50.54,-25.4607,-16.5912,-2.9854,65.958,154.4507,130.0292
50.56,-25.3385,-16.4226,-3.2326,65.039,154.573,129.876
50.58,-25.23,-16.2839,-3.4201,64.3014,154.5359,129.6203
50.6,-25.1345,-16.18,-3.5476,63.7542,154.3965,129.2701
50.62,-24.9888,-16.0839,-3.6128,63.2999,153.8781,128.4986
50.64,-24.9423,-16.0963,-3.5581,63.378,153.4826,128.0298
50.66,-24.9112,-16.1471,-3.446,63.6536,152.9951,127.5273
50.68,-24.8954,-16.244,-3.2624,64.179,152.3171,126.8374
50.7,-24.8962,-16.3771,-3.0301,64.8589,151.549,126.1488
50.72,-24.9531,-16.7386,-2.4109,66.7284,149.5523,124.5407
50.74,-25.0027,-16.9615,-2.0246,67.876,148.2197,123.5591
50.76,-25.0677,-17.1983,-1.5918,69.1519,146.6178,122.4015
50.78,-25.1407,-17.4436,-1.1169,70.4958,144.6637,120.8684
50.8,-25.2182,-17.6942,-0.6041,71.8568,142.2664,118.874
50.82,-25.3861,-18.1757,0.5114,74.5384,135.8627,112.9338
50.84,-25.4639,-18.3954,1.1084,75.7717,131.5039,108.4088
50.86,-25.5411,-18.599,1.723,76.8901,126.2589,102.7985
50.88,-25.6048,-18.7812,2.3775,77.8855,119.4258,95.6754
50.9,-25.6689,-18.9477,3.0543,78.7051,111.3634,87.7995
50.92,-25.8013,-19.1817,4.4781,79.6278,91.0288,69.0025
50.94,-25.8463,-19.265,5.2076,79.4915,80.1355,58.7678
50.96,-25.8928,-19.3042,5.9393,78.9825,69.6551,48.8
50.98,-25.9374,-19.3168,6.6606,78.1511,60.4487,40.1683
51,-25.9691,-19.2881,7.3867,77.0645,52.5217,32.8407
51.02,-26.0506,-19.121,8.7727,74.4085,40.3334,22.2305
51.04,-26.0909,-18.9996,9.4235,72.9597,35.8669,18.4729
51.06,-26.1257,-18.8407,10.052,71.438,32.0973,15.2754
51.08,-26.1704,-18.6704,10.627,69.9817,29.0084,12.6968
51.1,-26.2065,-18.4936,11.159,68.5602,26.541,10.7015
51.12,-26.2579,-18.1026,12.0995,65.9367,22.891,7.5568
51.14,-26.3047,-17.8983,12.4789,64.7952,21.4119,6.2281
51.16,-26.3253,-17.6998,12.8211,63.7755,20.276,4.9254
51.18,-26.3517,-17.5379,13.0951,62.9496,19.3821,3.7637
51.2,-26.3625,-17.3691,13.3326,62.2143,18.6802,2.5612
51.22,-26.4,-17.1422,13.6256,61.3081,17.7056,0.5085
51.24,-26.3863,-17.0661,13.7124,61.0697,17.5199,359.6547
51.26,-26.397,-17.0165,13.7423,60.999,17.3293,358.8858
51.28,-26.3984,-17.0282,13.7195,61.1265,17.3695,358.5249
51.3,-26.3911,-17.0393,13.6752,61.3117,17.4537,358.3133
51.32,-26.3501,-17.2237,13.3911,62.2746,18.2915,358.6722
51.34,-26.3159,-17.3406,13.189,62.9191,18.9971,358.9959
51.36,-26.3001,-17.4943,12.9081,63.7738,19.9121,359.5492
51.38,-26.2262,-17.6496,12.6189,64.676,21.2203,0.2174
51.4,-26.1786,-17.7911,12.2637,65.679,22.622,0.9992
51.42,-26.0718,-18.118,11.391,68.093,26.5376,3.4945
51.44,-26.0116,-18.2722,10.894,69.4138,29.0411,5.3447
51.46,-25.957,-18.4214,10.3555,70.75,31.9025,7.6794
51.48,-25.9315,-18.5721,9.7532,72.221,35.2881,10.6313
51.5,-25.9023,-18.6996,9.1287,73.6423,39.28,14.2108
51.52,-25.8559,-18.912,7.7999,76.306,49.8755,24.5133
51.54,-25.8513,-18.9702,7.1062,77.4618,56.5953,31.3146
51.56,-25.8588,-19.0151,6.3793,78.477,64.8735,39.7512
51.58,-25.8646,-19.0123,5.6651,79.1861,73.942,48.9948
51.6,-25.8671,-18.993,4.9422,79.5887,84.2793,59.4977
51.62,-25.8858,-18.833,3.5008,79.4008,105.5467,80.7634
51.64,-25.8987,-18.7001,2.7931,78.8234,115.2853,90.2565
51.66,-25.9001,-18.5453,2.1093,77.9486,123.7204,98.3531
51.68,-25.9184,-18.3643,1.4475,76.9494,131.0453,105.3263
51.7,-25.9271,-18.1689,0.8156,75.7813,136.9175,110.5977
51.72,-25.9305,-17.7439,-0.3089,73.295,145.1316,117.606
51.74,-25.9437,-17.5152,-0.7931,72.155,148.0718,120.2708
51.76,-25.9483,-17.3083,-1.2192,71.0548,150.3548,122.4369
51.78,-25.9558,-17.1138,-1.5889,70.0882,152.182,124.1093
51.8,-25.9636,-16.941,-1.9031,69.2317,153.5919,125.2706
51.82,-25.993,-16.6868,-2.3666,67.9321,155.6501,127.0146
51.84,-26.0115,-16.611,-2.5063,67.5462,156.3588,127.6551
51.86,-26.0321,-16.5709,-2.5871,67.3355,156.8787,128.1152
51.88,-26.0557,-16.5657,-2.6111,67.3003,157.1792,128.3921
51.9,-26.0793,-16.5929,-2.5799,67.4283,157.2677,128.4946
51.92,-26.1239,-16.7462,-2.322,68.2592,156.7017,128.0339
51.94,-26.1422,-16.8658,-2.1053,68.9112,156.0333,127.5961
51.96,-26.1585,-17.0097,-1.832,69.7125,155.0814,126.9357
51.98,-26.1746,-17.1776,-1.5123,70.6186,153.8003,126.0331
52,-26.1861,-17.3599,-1.1343,71.6662,152.1873,124.8321
52.02,-26.2015,-17.7746,-0.2613,73.8889,147.415,121.0193
52.04,-26.2042,-17.9873,0.2431,75.0705,144.1132,118.2371
52.06,-26.1983,-18.2072,0.7867,76.2405,139.8309,114.4705
52.08,-26.1942,-18.4255,1.3628,77.3635,134.6834,109.9483
52.1,-26.1814,-18.6364,1.9772,78.3998,128.0718,104.0464
52.12,-26.1429,-19.0129,3.2948,79.9522,110.2062,87.9165
52.14,-26.1235,-19.169,3.9789,80.2887,99.1618,77.931
52.16,-26.1048,-19.2977,4.672,80.2811,87.6636,67.68
52.18,-26.0828,-19.4022,5.3651,79.8878,76.7533,58.1284
52.2,-26.0616,-19.4658,6.0569,79.1953,66.8268,49.4865
52.22,-26.0232,-19.5026,7.3834,77.1021,51.6064,36.908
52.24,-26.0109,-19.4714,8.0022,75.9001,46.0203,32.6118
52.26,-25.9946,-19.4105,8.5931,74.6308,41.5464,29.2849
52.28,-25.9902,-19.3175,9.1354,73.3917,37.8827,26.6338
52.3,-25.9789,-19.2187,9.636,72.1927,34.9824,24.5466
52.32,-25.9764,-18.9788,10.4921,70.0252,30.5926,21.4896
52.34,-25.9764,-18.8572,10.8467,69.1129,28.984,20.3276
52.36,-25.9966,-18.7463,11.1305,68.3906,27.6195,19.3032
52.38,-25.9887,-18.6612,11.3734,67.693,26.7714,18.6073
52.4,-25.9811,-18.5797,11.5648,67.1797,26.1155,17.9224
52.42,-25.979,-18.4653,11.7687,66.6045,25.3492,16.8545
52.44,-25.976,-18.4475,11.7871,66.5837,25.2967,16.5618
52.46,-25.9556,-18.4585,11.7634,66.6839,25.5296,16.4414
52.48,-25.9539,-18.4754,11.6945,66.9298,25.8143,16.2844
52.5,-25.9201,-18.5396,11.5509,67.3253,26.5151,16.4654
52.52,-25.8928,-18.6881,11.1289,68.5053,28.3144,17.2533
52.54,-25.8708,-18.7884,10.8449,69.283,29.7022,18.0882
52.56,-25.8532,-18.8731,10.5245,70.1026,31.2364,18.973
52.58,-25.8433,-18.9761,10.1425,71.0702,33.2416,20.3371
52.6,-25.8306,-19.0731,9.7236,72.087,35.5933,21.9667
52.62,-25.8088,-19.2421,8.7881,74.1894,41.6793,26.832
52.64,-25.8064,-19.3179,8.2635,75.2879,45.607,30.3379
52.66,-25.8143,-19.3803,7.6981,76.3936,50.4052,34.693
52.68,-25.8154,-19.4099,7.1377,77.3263,55.7147,39.3988
52.7,-25.821,-19.428,6.539,78.2058,62.2807,45.3449
52.72,-25.848,-19.3903,5.293,79.4951,78.564,60.7678
52.74,-25.8634,-19.3327,4.6592,79.8055,87.8748,69.6989
52.76,-25.8862,-19.2483,4.014,79.853,97.6212,79.0391
52.78,-25.9023,-19.1419,3.3701,79.6004,107.3336,88.3319
52.8,-25.9153,-19.0121,2.7364,79.0715,116.286,96.8747
52.82,-25.9358,-18.6948,1.5071,77.388,130.8688,110.5652
52.84,-25.9401,-18.5185,0.9259,76.3185,136.4213,115.7026
52.86,-25.9432,-18.3256,0.3825,75.2011,140.9322,119.7278
52.88,-25.949,-18.129,-0.1307,74.0423,144.5544,122.8079
52.9,-25.9546,-17.9298,-0.5923,72.9302,147.4857,125.1822
52.92,-25.9787,-17.5712,-1.3668,70.9567,151.8941,128.9772
52.94,-26.0009,-17.4197,-1.6769,70.1655,153.5228,130.4118
52.96,-26.022,-17.2965,-1.9301,69.5155,154.7773,131.4678
52.98,-26.0447,-17.2026,-2.1299,68.9886,155.7469,132.2962
53,-26.073,-17.1387,-2.2771,68.616,156.4864,133.0107
53.02,-26.1296,-17.0994,-2.3948,68.3813,157.3196,133.9861
53.04,-26.1585,-17.1245,-2.3741,68.4902,157.4142,134.2542
53.06,-26.1832,-17.1724,-2.2989,68.78,157.3262,134.3338
53.08,-26.2129,-17.2639,-2.1565,69.2172,156.9801,134.2922
53.1,-26.2401,-17.3661,-1.9674,69.8036,156.4517,134.1121
53.12,-26.2859,-17.635,-1.4393,71.3446,154.5764,133.0342
53.14,-26.3013,-17.7975,-1.1055,72.252,153.1083,131.974
53.16,-26.3187,-17.9673,-0.7312,73.2409,151.3283,130.7174
53.18,-26.3315,-18.1532,-0.315,74.2712,149.0762,129.1162
53.2,-26.3437,-18.3465,0.1397,75.3504,146.2733,126.991
53.22,-26.3528,-18.7504,1.1683,77.5822,138.1923,120.2892
53.24,-26.358,-18.9452,1.7335,78.6817,132.5051,115.4115
53.26,-26.3593,-19.1365,2.3214,79.652,125.4988,109.3131
53.28,-26.354,-19.311,2.9398,80.4634,116.7061,101.6263
53.3,-26.3536,-19.4647,3.5726,81.0423,106.553,92.7374
53.32,-26.335,-19.692,4.8704,81.1932,83.6672,72.3581
53.34,-26.312,-19.7739,5.5149,80.7249,73.1779,62.9333
53.36,-26.2907,-19.8097,6.1636,79.9703,63.6124,54.3455
53.38,-26.2916,-19.8138,6.7762,79.1324,55.7542,47.5436
53.4,-26.2739,-19.8071,7.3784,78.1002,49.4687,42.185
53.42,-26.2662,-19.6794,8.5058,75.8528,39.564,33.6076
53.44,-26.26,-19.6087,9.0075,74.7383,36.2403,30.7269
53.46,-26.2444,-19.5073,9.4899,73.5991,33.4652,28.3308
53.48,-26.2665,-19.3886,9.9119,72.6034,30.9307,26.2324
53.5,-26.2614,-19.2839,10.297,71.6449,29.0887,24.6016
53.52,-26.2611,-19.0677,10.924,70.043,26.3678,21.9693
53.54,-26.2668,-18.9665,11.1638,69.3969,25.3561,20.9023
53.56,-26.2609,-18.8792,11.3604,68.8605,24.6715,20.0298
53.58,-26.2723,-18.8106,11.4937,68.5091,24.0774,19.2332
53.6,-26.2727,-18.7608,11.5817,68.2587,23.7902,18.6547
53.62,-26.2613,-18.7096,11.6238,68.1619,23.7314,17.7886
53.64,-26.2555,-18.715,11.5775,68.3303,23.9762,17.578
53.66,-26.2427,-18.7344,11.4824,68.6102,24.4045,17.4128
53.68,-26.23,-18.7836,11.3262,69.048,25.0493,17.5337
53.7,-26.221,-18.8459,11.1332,69.5901,25.8778,17.8136
53.72,-26.2039,-18.9954,10.6338,70.932,28.1452,18.9893
53.74,-26.185,-19.0957,10.325,71.7545,29.8332,20.0613
53.76,-26.1737,-19.1813,9.9783,72.6389,31.6679,21.2095
53.78,-26.1529,-19.2638,9.6046,73.51,34.0416,22.7293
53.8,-26.1366,-19.3342,9.1966,74.4429,36.7994,24.6033
53.82,-26.1222,-19.4407,8.2838,76.3532,43.7776,29.8349
53.84,-26.1238,-19.476,7.7922,77.3005,48.1175,33.4515
53.86,-26.1398,-19.508,7.2735,78.2347,53.0607,38.0295
53.88,-26.1602,-19.5423,6.7367,79.1306,59.0786,43.9929
53.9,-26.1799,-19.5606,6.1897,79.9014,65.8847,50.7819
53.92,-26.2266,-19.5581,5.0528,80.9227,82.6555,67.5191
53.94,-26.2425,-19.5214,4.4756,81.0663,92.1656,77.0084
53.96,-26.2539,-19.4533,3.8981,80.9504,101.6324,86.4291
53.98,-26.2654,-19.3558,3.3174,80.5945,110.9518,95.6595
54,-26.2748,-19.2322,2.7404,80.0195,119.3032,103.8962
54.02,-26.2809,-18.9418,1.6152,78.3857,132.9364,117.194
54.04,-26.273,-18.7961,1.0721,77.3681,138.2121,122.2499
54.06,-26.2628,-18.635,0.5531,76.3385,142.5775,126.3004
54.08,-26.2483,-18.4782,0.0511,75.239,146.1022,129.4537
54.1,-26.2177,-18.3249,-0.4154,74.1208,148.814,131.8037
54.12,-26.1413,-18.0168,-1.2315,72.0294,152.6281,135.1352
54.14,-26.0988,-17.8635,-1.5764,71.1039,153.8661,136.2318
54.16,-26.0496,-17.7236,-1.879,70.2409,154.7893,137.0216
54.18,-25.9918,-17.5959,-2.129,69.502,155.3478,137.3977
54.2,-25.9319,-17.4875,-2.3334,68.8566,155.6923,137.6057
54.22,-25.8169,-17.3276,-2.5993,67.9697,155.9246,137.6627
54.24,-25.755,-17.2827,-2.6571,67.717,155.7496,137.271
54.26,-25.6948,-17.2632,-2.67,67.5836,155.4174,136.6996
54.28,-25.6399,-17.265,-2.6339,67.613,154.921,136.0133
54.3,-25.5835,-17.295,-2.5481,67.7599,154.2686,135.3585
54.32,-25.4913,-17.4261,-2.2246,68.5251,152.3714,133.8995
54.34,-25.4533,-17.5235,-1.996,69.0716,151.1435,132.9332
54.36,-25.4236,-17.6384,-1.7257,69.72,149.7493,131.809
54.38,-25.3949,-17.7696,-1.4106,70.4655,148.0452,130.2498
54.4,-25.3777,-17.9107,-1.0609,71.2793,146.1054,128.4173
54.42,-25.3709,-18.2179,-0.2497,73.0975,141.3704,124.1298
54.44,-25.3813,-18.3875,0.2034,74.0483,138.4454,121.5447
54.46,-25.4003,-18.5577,0.6902,75.0305,135.0347,118.4287
54.48,-25.4284,-18.7276,1.2023,76.0086,131.0702,114.6901
54.5,-25.4643,-18.8961,1.7401,76.9557,126.2939,110.1396
54.52,-25.556,-19.2158,2.8844,78.6319,113.9012,98.572
54.54,-25.6087,-19.3639,3.477,79.2525,106.3604,91.6868
54.56,-25.6761,-19.4864,4.0705,79.7176,98.0747,84.0618
54.58,-25.7131,-19.6023,4.6838,79.811,89.0387,75.4845
54.6,-25.7731,-19.6643,5.3007,79.7426,79.656,66.6622
54.62,-25.8923,-19.7368,6.4998,78.9014,62.9631,51.3782
54.64,-25.9538,-19.7254,7.087,78.21,55.7268,44.7162
54.66,-26.008,-19.6975,7.6618,77.3725,49.4553,38.8457
54.68,-26.0658,-19.6621,8.1891,76.4882,44.4677,34.2055
54.7,-26.1158,-19.5999,8.7101,75.5207,40.0481,30.0971
54.72,-26.2275,-19.4249,9.6381,73.6153,33.0596,23.9143
54.74,-26.285,-19.3237,10.0378,72.683,30.5032,21.6958
54.76,-26.3379,-19.2104,10.4026,71.8743,28.4091,19.8906
54.78,-26.3703,-19.0902,10.7456,70.9857,26.6117,18.382
54.8,-26.4009,-18.9942,11.0302,70.2363,25.2533,17.3885
54.82,-26.4625,-18.7955,11.468,68.9801,23.1719,15.6768
54.84,-26.4542,-18.7323,11.6237,68.5371,22.741,15.19
54.86,-26.4574,-18.6681,11.7259,68.2215,22.3714,14.5906
54.88,-26.4594,-18.6372,11.7716,68.0726,22.3018,14.2851
54.9,-26.452,-18.6139,11.7743,68.0576,22.3297,13.9851
54.92,-26.3992,-18.6445,11.6672,68.4398,23.2173,13.9209
54.94,-26.3749,-18.6761,11.5285,68.7615,23.6998,13.8691
54.96,-26.3695,-18.7277,11.3342,69.3111,24.3892,14.0585
54.98,-26.3051,-18.7896,11.1427,69.797,25.6133,14.6976
55,-26.2701,-18.8641,10.8838,70.4635,26.9409,15.5201
55.02,-26.1726,-19.0277,10.2634,71.9981,30.6293,17.8928
55.04,-26.1312,-19.1029,9.8881,72.8625,32.9399,19.3809
55.06,-26.0932,-19.1825,9.4706,73.8012,35.7597,21.3912
55.08,-26.0585,-19.2529,9.021,74.8021,39.0741,23.8967
55.1,-26.0278,-19.2992,8.554,75.7786,42.7213,26.846
55.12,-26.0154,-19.3782,7.5039,77.8181,52.1348,35.1138
55.14,-26.0197,-19.3954,6.9414,78.7282,58.1831,40.5294
55.16,-26.0177,-19.399,6.3679,79.481,65.3529,47.0864
55.18,-26.0355,-19.3927,5.7563,80.1275,73.9684,55.1481
55.2,-26.0533,-19.3403,5.1529,80.5248,83.1623,63.7568
55.22,-26.0833,-19.1982,3.9174,80.4758,103.0971,82.7179
55.24,-26.1042,-19.0777,3.3061,80.099,112.3541,91.4876
55.26,-26.1314,-18.9429,2.6874,79.4654,120.8672,99.5652
55.28,-26.1419,-18.7958,2.0941,78.6196,128.1239,106.3627
55.3,-26.162,-18.6307,1.5057,77.6538,134.4096,112.2973
55.32,-26.1928,-18.2788,0.3889,75.442,144.0271,121.0977
55.34,-26.1975,-18.0976,-0.125,74.2718,147.4992,124.0179
55.36,-26.1972,-17.9081,-0.5982,73.1399,150.2716,126.2267
55.38,-26.1985,-17.7243,-1.0409,72.0166,152.58,128.1088
55.4,-26.1956,-17.5507,-1.4357,70.9677,154.3832,129.6525
55.42,-26.1795,-17.2401,-2.0761,69.1999,156.8904,131.7843
55.44,-26.1707,-17.1169,-2.3253,68.4804,157.6857,132.4953
55.46,-26.1562,-17.0144,-2.5077,67.9523,158.2608,133.0175
55.48,-26.1521,-16.9402,-2.6541,67.4968,158.7158,133.5216
55.5,-26.1443,-16.8935,-2.7388,67.2193,158.9696,133.7223
55.52,-26.133,-16.8841,-2.7398,67.1706,158.9613,133.5126
55.54,-26.13,-16.9235,-2.6644,67.3693,158.7361,133.2778
55.56,-26.1312,-17.0046,-2.5126,67.8168,158.2544,132.9431
55.58,-26.1361,-17.1065,-2.3157,68.407,157.6504,132.5902
55.6,-26.1404,-17.2404,-2.0703,69.1066,156.7958,132.0458
55.62,-26.1551,-17.5718,-1.4237,70.9081,154.3089,130.3013
55.64,-26.1636,-17.7704,-1.0314,71.9319,152.5393,128.9908
55.66,-26.1751,-17.9798,-0.5827,73.0736,150.3723,127.3806
55.68,-26.1867,-18.1964,-0.0948,74.2778,147.626,125.328
55.7,-26.1997,-18.4206,0.4412,75.5366,144.1675,122.6267
55.72,-26.2133,-18.8703,1.6353,78.0111,133.9802,114.1074
55.74,-26.2245,-19.0761,2.2814,79.1457,126.7934,107.9476
55.76,-26.2341,-19.2701,2.9474,80.0737,118.0084,100.4135
55.78,-26.2375,-19.433,3.6444,80.762,107.2501,90.9211
55.8,-26.2364,-19.5784,4.3391,81.041,95.5426,80.4316
55.82,-26.2461,-19.7524,5.7238,80.5296,72.2928,59.3341
55.84,-26.2589,-19.7877,6.3952,79.8025,62.5354,50.6241
55.86,-26.2562,-19.7662,7.074,78.7908,53.9213,42.8169
55.88,-26.2872,-19.7238,7.6897,77.7635,47.3126,36.9478
55.9,-26.3064,-19.6532,8.286,76.6034,41.977,32.1276
55.92,-26.361,-19.4474,9.3745,74.2293,33.9795,24.775
55.94,-26.3862,-19.3306,9.8622,73.1009,31.064,22.1254
55.96,-26.4017,-19.182,10.336,71.9068,28.4425,19.6908
55.98,-26.4676,-19.0712,10.7,71.0552,26.3316,17.9923
56,-26.5019,-18.9702,11.0389,70.2193,24.7117,16.6094
56.02,-26.5804,-18.7638,11.5734,68.8058,22.1578,14.194
56.04,-26.6144,-18.6706,11.7672,68.2794,21.2633,13.3068
56.06,-26.636,-18.5962,11.9136,67.8641,20.6089,12.5647
56.08,-26.6816,-18.542,11.9922,67.6794,20.0064,11.9226
56.1,-26.6874,-18.5458,12.0233,67.654,19.9521,11.7072
56.12,-26.7204,-18.5678,11.9591,67.9359,19.8242,11.2583
56.14,-26.7301,-18.6505,11.8228,68.3686,20.1685,11.4713
56.16,-26.7129,-18.7242,11.674,68.8249,20.7117,11.7357
56.18,-26.7237,-18.8328,11.4394,69.5173,21.4923,12.2084
56.2,-26.6906,-18.9296,11.1873,70.241,22.6742,12.834
56.22,-26.6681,-19.1047,10.5025,72.0822,25.6667,14.319
56.24,-26.6343,-19.1881,10.1036,73.1459,27.8876,15.5267
56.26,-26.611,-19.2595,9.6578,74.2752,30.3483,16.9719
56.28,-26.5937,-19.3452,9.163,75.5196,33.6427,19.1959
56.3,-26.5804,-19.4006,8.6453,76.7499,37.3201,21.7032
56.32,-26.5633,-19.4847,7.5162,79.114,47.6157,29.9828
56.34,-26.5596,-19.4938,6.921,80.1849,54.6279,36.2344
56.36,-26.5534,-19.4768,6.3152,81.0603,63.0667,44.0817
56.38,-26.5545,-19.4504,5.679,81.7236,73.7231,54.2997
56.4,-26.5572,-19.3943,5.04,82.0831,85.6192,65.9149
56.42,-26.5559,-19.232,3.7534,81.7229,109.6385,89.5701
56.44,-26.5599,-19.1271,3.1122,81.0865,120.0132,100.0177
56.46,-26.5505,-19.0042,2.4889,80.2291,128.515,108.6973
56.48,-26.5539,-18.8666,1.8512,79.15,136.0047,116.4077
56.5,-26.5452,-18.7033,1.2341,77.9386,141.7861,122.0183
56.52,-26.4867,-18.3231,0.0778,75.2576,149.7818,128.8815
56.54,-26.4545,-18.1082,-0.4567,73.8906,152.6626,131.087
56.56,-26.4153,-17.8925,-0.9536,72.5498,154.8661,132.6227
56.58,-26.3715,-17.6808,-1.4043,71.2611,156.6288,133.7033
56.6,-26.3262,-17.4774,-1.8083,70.075,157.9454,134.3962
56.62,-26.2353,-17.12,-2.4619,68.0871,159.5635,134.9394
56.64,-26.191,-16.9787,-2.7011,67.3245,160.0476,135.2252
56.66,-26.1533,-16.866,-2.8906,66.7169,160.3563,135.5391
56.68,-26.1162,-16.7843,-3.0131,66.3275,160.4729,135.6509
56.7,-26.0845,-16.7402,-3.0919,66.0588,160.4585,135.6926
56.72,-26.0347,-16.7491,-3.0849,66.0554,160.107,135.4934
56.74,-26.0177,-16.798,-3.0086,66.2822,159.8039,135.3541
56.76,-26.0013,-16.8867,-2.8597,66.7176,159.3244,135.0746
56.78,-25.9899,-16.9976,-2.6719,67.2478,158.731,134.689
56.8,-25.9843,-17.1284,-2.4317,67.9431,157.9532,134.1677
56.82,-25.98,-17.4578,-1.8023,69.6971,155.7148,132.6087
56.84,-25.9827,-17.6474,-1.4141,70.7451,154.1754,131.4735
56.86,-25.9919,-17.8509,-0.9837,71.877,152.2726,130.0091
56.88,-26.0055,-18.0614,-0.5067,73.0868,149.9829,128.216
56.9,-26.0196,-18.2841,0.0116,74.3384,147.0859,125.9091
56.92,-26.0645,-18.728,1.1687,76.9455,139.1128,119.4446
56.94,-26.0955,-18.937,1.7937,78.2025,133.5639,114.661
56.96,-26.1172,-19.1394,2.4504,79.3291,126.4269,108.2711
56.98,-26.151,-19.3172,3.1223,80.3056,117.8164,100.5301
57,-26.1911,-19.4641,3.8067,81.0555,107.4603,91.0894
57.02,-26.2648,-19.6806,5.1852,81.4875,83.7199,68.7624
57.04,-26.3162,-19.7212,5.8595,81.1894,71.9621,57.3007
57.06,-26.3738,-19.7394,6.5138,80.62,61.8762,47.5181
57.08,-26.4227,-19.7256,7.1623,79.8174,53.0496,38.8616
57.1,-26.4812,-19.6846,7.7895,78.8756,45.6784,31.4966
57.12,-26.624,-19.5381,8.9434,76.7459,34.4466,19.9557
57.14,-26.6812,-19.4456,9.4791,75.6018,30.5027,15.8232
57.16,-26.7443,-19.3314,9.9786,74.4583,27.1673,12.4471
57.18,-26.8189,-19.19,10.4371,73.2954,24.2012,9.5759
57.2,-26.8745,-19.0597,10.8547,72.2125,22.0152,7.5917
57.22,-26.9627,-18.7873,11.5623,70.2585,18.8402,4.7678
57.24,-27.0077,-18.6492,11.8446,69.4375,17.6569,3.6258
57.26,-27.0621,-18.5161,12.0623,68.7692,16.5421,2.4896
57.28,-27.0642,-18.4318,12.2521,68.2349,16.1023,1.8481
57.3,-27.0779,-18.3407,12.3888,67.8144,15.6178,1.0289
57.32,-27.0899,-18.2339,12.507,67.4361,15.1789,359.5639
57.34,-27.0897,-18.2156,12.5004,67.4882,15.1713,359.0093
57.36,-27.0792,-18.2114,12.4643,67.6314,15.3283,358.7036
57.38,-27.0422,-18.2579,12.3729,67.9857,15.7992,358.8604
57.4,-27.0329,-18.3101,12.2238,68.4071,16.145,359.0366
57.42,-26.9622,-18.4974,11.8297,69.5661,17.7393,0.0975
57.44,-26.9192,-18.6205,11.5589,70.3254,18.9977,0.9786
57.46,-26.8407,-18.7362,11.2719,71.0778,20.7103,2.165
57.48,-26.8167,-18.8396,10.8934,72.0752,22.3337,3.4947
57.5,-26.7616,-18.9636,10.4834,73.1294,24.6645,5.5513
57.52,-26.6453,-19.1704,9.5597,75.3688,30.6542,11.0195
57.54,-26.5914,-19.2613,9.0392,76.5394,34.54,14.5062
57.56,-26.5401,-19.3376,8.4758,77.7261,39.3337,18.6058
57.58,-26.4793,-19.3877,7.8943,78.8086,45.3721,23.5876
57.6,-26.4266,-19.4014,7.2861,79.8134,52.7049,29.9476
57.62,-26.3513,-19.3692,6.0071,81.3515,72.0313,48.3633
57.64,-26.3212,-19.3225,5.3563,81.7254,83.6238,59.8689
57.66,-26.2806,-19.2501,4.7089,81.7116,95.2596,71.3525
57.68,-26.2564,-19.1716,4.0463,81.3512,107.0158,82.8713
57.7,-26.2254,-19.0604,3.3968,80.6717,116.9121,92.5386
57.72,-26.1697,-18.7877,2.142,78.7271,132.0684,108.0362
57.74,-26.1531,-18.6246,1.5441,77.6364,137.6325,114.0279
57.76,-26.1325,-18.4563,0.9698,76.4609,142.0943,118.647
57.78,-26.1143,-18.283,0.4165,75.2469,145.7793,122.3197
57.8,-26.0929,-18.111,-0.1025,74.0358,148.7965,125.2826
57.82,-26.0576,-17.7712,-1.0329,71.7469,153.3916,129.7562
57.84,-26.0414,-17.6058,-1.4381,70.6853,155.0678,131.2923
57.86,-26.0214,-17.4448,-1.7934,69.7064,156.3755,132.2632
57.88,-26.0025,-17.2908,-2.1012,68.8305,157.363,132.839
57.9,-25.9886,-17.1518,-2.356,68.0853,158.1351,133.3329
57.92,-25.9727,-16.9439,-2.6981,67.0638,159.1866,134.4212
57.94,-25.9744,-16.88,-2.7918,66.7904,159.4948,134.7753
57.96,-25.9787,-16.844,-2.8347,66.6797,159.6713,134.9093
57.98,-25.9873,-16.8453,-2.8301,66.691,159.7046,134.8702
58,-26.0008,-16.8738,-2.7825,66.85,159.6368,134.775
58.02,-26.0464,-17.0235,-2.5165,67.6921,159.1103,134.3633
58.04,-26.0692,-17.135,-2.3107,68.3003,158.5886,133.9057
58.06,-26.0958,-17.2624,-2.0551,69.0596,157.8635,133.2189
58.08,-26.1226,-17.408,-1.7547,69.9102,156.9188,132.2938
58.1,-26.1514,-17.5687,-1.4073,70.8749,155.7296,131.2474
58.12,-26.216,-17.9412,-0.5818,73.0783,152.3982,128.5471
58.14,-26.2507,-18.1396,-0.1051,74.301,150.119,126.6792
58.16,-26.2774,-18.3486,0.414,75.5579,147.1647,124.114
58.18,-26.3087,-18.5609,0.9602,76.8101,143.4952,120.8913
58.2,-26.3376,-18.7678,1.5436,78.0846,138.7348,116.687
58.22,-26.3838,-19.1532,2.7927,80.3215,124.8608,104.2899
58.24,-26.3993,-19.311,3.4482,81.1703,115.2665,95.3605
58.26,-26.4061,-19.4367,4.1219,81.7221,103.591,84.2315
58.28,-26.4109,-19.5439,4.7923,81.868,91.3104,72.4546
58.3,-26.4141,-19.6212,5.4653,81.633,78.8528,60.538
58.32,-26.4174,-19.6871,6.7934,80.1725,57.8796,41.2922
58.34,-26.429,-19.6614,7.4376,79.1047,49.7967,34.3149
58.36,-26.4382,-19.6232,8.0494,77.925,43.5929,29.0719
58.38,-26.441,-19.5504,8.6437,76.612,38.5804,24.8218
58.4,-26.4457,-19.4591,9.2027,75.3047,34.6771,21.5508
58.42,-26.4782,-19.2106,10.1936,72.8361,28.7879,16.6906
58.44,-26.488,-19.081,10.6206,71.7246,26.7337,14.8781
58.46,-26.5031,-18.9311,11.0099,70.6729,24.9567,13.2322
58.48,-26.5211,-18.8065,11.3375,69.79,23.603,11.8635
58.5,-26.5419,-18.6719,11.6228,68.9837,22.3594,10.551
58.52,-26.5669,-18.4791,12.0399,67.867,20.8322,8.5548
58.54,-26.5765,-18.4103,12.1796,67.5057,20.3638,7.8459
58.56,-26.5753,-18.3533,12.2819,67.2107,20.1229,7.2382
58.58,-26.5922,-18.3395,12.3061,67.1881,20.0449,6.8399
58.6,-26.5963,-18.3302,12.3062,67.2225,20.0692,6.5044
58.62,-26.5978,-18.3703,12.1942,67.6466,20.428,6.1974
58.64,-26.5995,-18.4292,12.0573,68.0639,20.8164,6.2157
58.66,-26.6009,-18.5191,11.8818,68.6385,21.4107,6.4965
58.68,-26.5973,-18.5995,11.6752,69.2309,22.0645,6.6249
58.7,-26.5931,-18.6992,11.4234,70.0104,23.0148,7.2191
58.72,-26.5697,-18.8998,10.8176,71.717,25.6763,8.8422
58.74,-26.5548,-19.0152,10.4542,72.7224,27.5723,10.1154
58.76,-26.54,-19.1174,10.0572,73.7229,29.7023,11.5851
58.78,-26.5218,-19.2146,9.6351,74.7564,32.2906,13.6824
58.8,-26.5001,-19.32,9.1782,75.8159,35.4365,16.6589
58.82,-26.4906,-19.5143,8.178,78.0045,43.2024,25.3463
58.84,-26.4962,-19.6072,7.6371,79.0536,48.1638,31.2222
58.86,-26.4825,-19.6893,7.0866,79.9494,54.2518,38.1612
58.88,-26.4794,-19.7476,6.4926,80.7501,61.9485,46.5335
58.9,-26.4599,-19.7672,5.8944,81.3052,70.8747,56.0763
58.92,-26.4299,-19.6996,4.6401,81.6872,92.0448,78.6241
58.94,-26.4085,-19.6209,3.9981,81.4479,102.9355,90.1221
58.96,-26.3785,-19.5195,3.3558,80.9036,112.9975,100.5917
58.98,-26.351,-19.392,2.7055,80.1228,122.0564,109.7816
59,-26.3186,-19.2451,2.0601,79.1188,129.6284,117.2459
59.02,-26.2458,-18.892,0.8239,76.7615,141.0324,128.1161
59.04,-26.207,-18.6966,0.2358,75.4564,145.1605,131.7625
59.06,-26.1684,-18.4817,-0.3184,74.1442,148.4566,134.445
59.08,-26.1238,-18.2653,-0.8334,72.8244,151.0234,136.3153
59.1,-26.0837,-18.047,-1.306,71.5661,153.0453,137.7143
59.12,-26.0095,-17.6402,-2.0981,69.3363,155.8835,139.6468
59.14,-25.9803,-17.4651,-2.4187,68.3868,156.85,140.3222
59.16,-25.9569,-17.3115,-2.6824,67.5944,157.6087,140.7881
59.18,-25.9399,-17.1865,-2.8932,66.9588,158.1911,141.0631
59.2,-25.9276,-17.0976,-3.0488,66.4743,158.6037,141.192
59.22,-25.9337,-17.021,-3.1915,66.0803,159.1482,141.5959
59.24,-25.943,-17.0389,-3.1793,66.1426,159.2178,141.6528
59.26,-25.958,-17.0852,-3.12,66.3634,159.1645,141.6481
59.28,-25.9781,-17.1774,-2.9891,66.7929,158.9203,141.5145
59.3,-25.9998,-17.2893,-2.8102,67.3501,158.5132,141.2915
59.32,-26.0547,-17.5747,-2.2936,68.9148,157.2082,140.6898
59.34,-26.0838,-17.7439,-1.9609,69.8846,156.2046,140.0567
59.36,-26.1119,-17.9269,-1.5866,70.9322,154.8863,139.0388
59.38,-26.1337,-18.1203,-1.1664,72.0447,153.1787,137.5328
59.4,-26.1579,-18.3172,-0.7112,73.1978,151.1026,135.7006
59.42,-26.2053,-18.7168,0.3212,75.6169,145.5069,131.2138
59.44,-26.2278,-18.9133,0.8951,76.8708,141.5636,127.9174
59.46,-26.2416,-19.11,1.5037,78.0654,136.4711,123.4397
59.48,-26.2557,-19.2879,2.1485,79.2278,129.7801,117.4693
59.5,-26.2618,-19.4618,2.8214,80.2105,121.2721,109.8456
59.52,-26.2767,-19.7527,4.2165,81.3935,99.1313,89.9282
59.54,-26.2812,-19.8649,4.9277,81.4111,86.5434,78.5351
59.56,-26.286,-19.9381,5.6439,81.0499,74.1721,67.3665
59.58,-26.2909,-19.9911,6.3493,80.2988,63.4364,57.8689
59.6,-26.3029,-19.9991,7.0412,79.3246,54.4074,50.1353
59.62,-26.3258,-19.9216,8.3634,76.8747,41.389,39.4396
59.64,-26.3481,-19.8293,8.9796,75.5257,36.6239,35.5782
59.66,-26.3746,-19.7174,9.5586,74.1943,32.7516,32.4263
59.68,-26.4073,-19.5892,10.0821,72.9481,29.7355,29.949
59.7,-26.4452,-19.4411,10.5706,71.7351,27.1264,27.7483
59.72,-26.5123,-19.1374,11.408,69.6005,23.2532,24.2231
59.74,-26.5476,-18.9958,11.747,68.7088,21.8084,22.6556
59.76,-26.5954,-18.8483,12.0311,67.9402,20.4899,21.039
59.78,-26.6334,-18.7251,12.2676,67.3023,19.4931,19.6248
59.8,-26.6587,-18.6178,12.4574,66.8012,18.7038,18.2885
59.82,-26.7328,-18.4807,12.6659,66.2707,17.6375,16.1603
59.84,-26.7688,-18.4491,12.6938,66.2278,17.2866,15.249
59.86,-26.7743,-18.4387,12.695,66.2828,17.2301,14.5649
59.88,-26.793,-18.4515,12.6466,66.4914,17.2653,14.0337
59.9,-26.8135,-18.5133,12.5276,66.8929,17.4902,13.8793
59.92,-26.8262,-18.6725,12.1885,67.9842,18.2741,13.8858
59.94,-26.8126,-18.7849,11.9535,68.709,19.0846,14.0986
59.96,-26.7896,-18.9094,11.6681,69.5607,20.1973,14.3884
59.98,-26.7678,-19.0216,11.3389,70.4654,21.5451,14.7143
60,-26.7318,-19.1426,10.9628,71.4899,23.4114,15.544
60.02,-26.6658,-19.3519,10.0823,73.7599,28.0673,18.1323
60.04,-26.6375,-19.4629,9.5745,75.0206,31.1848,20.3782
60.06,-26.6154,-19.5532,9.039,76.2679,34.777,23.2181
60.08,-26.5931,-19.6403,8.4744,77.5312,39.2372,27.0019
60.1,-26.5799,-19.7184,7.8769,78.7357,44.7393,31.9067
60.12,-26.5512,-19.81,6.632,80.7462,59.8031,46.5025
60.14,-26.5412,-19.812,5.992,81.4398,69.6114,56.3505
60.16,-26.5341,-19.7867,5.346,81.8608,80.5776,67.4875
60.18,-26.5283,-19.7422,4.6943,81.9692,92.3507,79.4999
60.2,-26.5202,-19.6776,4.044,81.7421,103.9896,91.3835
60.22,-26.5042,-19.4761,2.7633,80.4863,123.7275,111.3837
60.24,-26.4958,-19.3504,2.1397,79.557,131.4589,119.1396
60.26,-26.4826,-19.2089,1.5327,78.4902,137.8048,125.251
60.28,-26.4591,-19.0477,0.9536,77.3297,142.7367,129.6158
60.3,-26.4299,-18.8684,0.4064,76.1318,146.6013,132.8249
60.32,-26.3568,-18.4796,-0.5728,73.7457,151.923,136.9189
60.34,-26.3171,-18.2906,-1.0001,72.6258,153.7583,138.4012
60.36,-26.2774,-18.1112,-1.3789,71.6087,155.2069,139.6116
60.38,-26.2365,-17.9488,-1.7115,70.6946,156.3205,140.5121
60.4,-26.198,-17.8098,-2.0004,69.875,157.1277,141.1415
60.42,-26.1198,-17.5934,-2.417,68.6415,158.0629,141.6751
60.44,-26.0836,-17.5195,-2.5434,68.2335,158.2178,141.6198
60.46,-26.051,-17.4714,-2.6126,67.9839,158.2205,141.4567
60.48,-26.0262,-17.4507,-2.6272,67.9008,158.108,141.3056
60.5,-26.0072,-17.4591,-2.5887,67.9765,157.8642,141.0786
60.52,-25.9836,-17.5653,-2.3403,68.6321,156.9086,140.2122
60.54,-25.9802,-17.6601,-2.1398,69.1829,156.1976,139.5895
60.56,-25.9838,-17.7816,-1.8927,69.8533,155.3177,138.8626
60.58,-25.9922,-17.9254,-1.5965,70.65,154.2269,138.0426
60.6,-26.0071,-18.0856,-1.2566,71.5515,152.9059,137.1053
60.62,-26.0482,-18.44,-0.4528,73.5987,149.2036,134.3413
60.64,-26.0716,-18.6261,0.0065,74.713,146.6733,132.3247
60.66,-26.0975,-18.8156,0.5004,75.8564,143.574,129.7727
60.68,-26.1241,-19.0024,1.0094,76.9433,139.8948,126.6025
60.7,-26.1501,-19.1826,1.5512,78.02,135.3186,122.4653
60.72,-26.2012,-19.5094,2.6979,79.9184,122.9137,110.9031
60.74,-26.2254,-19.6533,3.2992,80.649,114.6699,103.2544
60.76,-26.2479,-19.7749,3.9203,81.1831,104.9587,94.2652
60.78,-26.2705,-19.8787,4.5475,81.4412,94.0851,84.2786
60.8,-26.2947,-19.9629,5.1775,81.3877,82.8761,74.1162
60.82,-26.3426,-20.0562,6.4222,80.3773,62.4968,56.081
60.84,-26.367,-20.0736,7.0183,79.5386,54.537,49.4157
60.86,-26.3865,-20.0598,7.6024,78.5429,47.9271,44.0967
60.88,-26.4121,-20.0138,8.1566,77.4564,42.4571,39.8104
60.9,-26.4262,-19.9481,8.6821,76.3265,38.1816,36.4705
60.92,-26.4481,-19.7657,9.6253,74.095,32.0646,31.8487
60.94,-26.4694,-19.6587,10.0229,73.125,29.7838,30.1702
60.96,-26.4818,-19.5406,10.3868,72.1805,27.8703,28.6514
60.98,-26.4889,-19.4298,10.7042,71.3245,26.437,27.3813
61,-26.4963,-19.3185,10.9702,70.593,25.2628,26.2256
61.02,-26.4889,-19.1333,11.375,69.4739,23.752,24.5906
61.04,-26.48,-19.0641,11.5112,69.1148,23.2917,24.0619
61.06,-26.477,-19.0146,11.5932,68.87,22.9866,23.7245
61.08,-26.4532,-19.011,11.6347,68.7583,23.0889,23.7415
61.1,-26.4381,-19.0096,11.6252,68.7818,23.1374,23.7088
61.12,-26.3813,-19.0684,11.4837,69.112,24.0086,24.3
61.14,-26.357,-19.1359,11.3077,69.5756,24.8832,24.9074
61.16,-26.3062,-19.2027,11.1176,70.0673,26.0089,25.5955
61.18,-26.2852,-19.2657,10.8614,70.6802,27.2236,26.2764
61.2,-26.2308,-19.3417,10.5792,71.3758,28.9002,27.2676
61.22,-26.1614,-19.5069,9.8674,73.07,33.0824,30.0212
61.24,-26.1262,-19.5923,9.4576,73.9861,35.8287,31.9932
61.26,-26.0987,-19.6709,9.015,74.9371,38.931,34.3133
61.28,-26.0849,-19.7436,8.5356,75.9301,42.5853,37.2654
61.3,-26.0667,-19.8118,8.0334,76.8855,46.87,40.9514
61.32,-26.0637,-19.9115,6.9624,78.6608,57.6408,50.8409
61.34,-26.0796,-19.9354,6.3992,79.4489,64.2812,57.3075
61.36,-26.0981,-19.9442,5.8305,80.0979,71.8086,64.8308
61.38,-26.1258,-19.93,5.2587,80.5893,79.8957,73.0283
61.4,-26.1683,-19.9093,4.6639,80.9213,89.3764,82.8005
61.42,-26.2382,-19.8062,3.4991,80.8455,108.4603,102.3813
61.44,-26.2826,-19.7358,2.9104,80.456,117.589,111.8365
61.46,-26.3293,-19.6332,2.3429,79.925,125.6083,120.2494
61.48,-26.3747,-19.5224,1.7814,79.1874,132.6024,127.5923
61.5,-26.4008,-19.3871,1.2548,78.3326,138.0698,133.0528
61.52,-26.4416,-19.0704,0.2608,76.3593,146.3052,140.5012
61.54,-26.4591,-18.8915,-0.1842,75.3977,149.3797,143.1298
61.56,-26.4758,-18.7258,-0.6041,74.4192,151.9459,145.312
61.58,-26.4879,-18.5652,-0.9772,73.5264,154.0141,147.0307
61.6,-26.5028,-18.4137,-1.3132,72.7185,155.7497,148.4884
61.62,-26.5259,-18.1698,-1.8593,71.3617,158.2114,150.6722
61.64,-26.5321,-18.0774,-2.0629,70.8347,159.0253,151.4239
61.66,-26.5335,-18.0055,-2.2202,70.4267,159.5874,151.9276
61.68,-26.5381,-17.9556,-2.334,70.131,159.9856,152.3326
61.7,-26.5401,-17.9264,-2.3983,69.958,160.1921,152.5195
61.72,-26.5328,-17.936,-2.3794,69.9853,160.083,152.3312
61.74,-26.5233,-17.9737,-2.2963,70.1937,159.7324,151.9158
61.76,-26.5188,-18.0314,-2.1546,70.5826,159.2007,151.378
61.78,-26.5093,-18.1144,-1.9724,71.0558,158.4747,150.7398
61.8,-26.5015,-18.2175,-1.7485,71.6172,157.5988,150.0176
61.82,-26.4753,-18.473,-1.1675,73.0576,154.9426,147.4701
61.84,-26.4639,-18.6105,-0.8199,73.8883,153.241,145.759
61.86,-26.4464,-18.7643,-0.4374,74.7387,151.0047,143.492
61.88,-26.4218,-18.9165,-0.0059,75.6531,148.1955,140.6137
61.9,-26.4108,-19.0584,0.4523,76.6169,145.0581,137.5793
61.92,-26.3688,-19.3484,1.478,78.5225,136.1794,128.8545
61.94,-26.3666,-19.4813,2.0169,79.4085,130.6502,123.5025
61.96,-26.3455,-19.6187,2.59,80.1815,123.6267,116.6502
61.98,-26.3355,-19.7458,3.1696,80.7978,115.5484,108.8309
62,-26.3229,-19.8302,3.7871,81.2554,105.2603,98.6829
62.02,-26.2996,-19.9586,5.0283,81.1421,83.5123,77.5524
62.04,-26.3023,-19.9767,5.6574,80.688,73.0466,67.842
62.06,-26.3084,-19.9824,6.2854,79.9771,63.8405,59.622
62.08,-26.3376,-19.979,6.8819,79.1523,56.1853,53.0351
62.1,-26.3557,-19.9644,7.4725,78.1905,49.7545,47.4488
62.12,-26.4502,-19.8654,8.5665,76.1141,39.39,38.2233
62.14,-26.4994,-19.8026,9.0626,75.0894,35.5987,34.852
62.16,-26.5614,-19.7221,9.5203,74.0979,32.294,32.0474
62.18,-26.6161,-19.6376,9.9391,73.1811,29.6563,29.8469
62.2,-26.6793,-19.5229,10.3238,72.2636,27.2659,27.763
62.22,-26.7983,-19.31,10.9457,70.7654,23.7506,24.2188
62.24,-26.8729,-19.2067,11.1742,70.189,22.284,22.6335
62.26,-26.9155,-19.1507,11.3629,69.7891,21.3126,21.3989
62.28,-26.9687,-19.0942,11.5045,69.4476,20.4347,20.3017
62.3,-27.0214,-19.0789,11.5871,69.3499,19.7253,19.4035
62.32,-27.1081,-19.0929,11.6108,69.4488,18.994,18.2823
62.34,-27.124,-19.1207,11.573,69.6101,18.9261,17.9882
62.36,-27.1337,-19.1808,11.4697,69.961,19.1653,17.936
62.38,-27.152,-19.2584,11.2964,70.4845,19.6085,18.0985
62.4,-27.1367,-19.3278,11.1059,71.026,20.3826,18.4662
62.42,-27.1295,-19.5086,10.5339,72.599,22.6882,19.7024
62.44,-27.0899,-19.5843,10.2148,73.3907,24.4027,20.6794
62.46,-27.0446,-19.6928,9.8347,74.3872,26.6945,22.3012
62.48,-27.0093,-19.7641,9.4249,75.3635,29.1192,23.9387
62.5,-26.9664,-19.8542,8.9521,76.5193,32.5402,26.4492
62.52,-26.9012,-19.9374,7.9105,78.7563,41.2905,32.8241
62.54,-26.8524,-19.9435,7.3639,79.7268,47.3522,37.5896
62.56,-26.8082,-19.9161,6.7941,80.6171,54.7879,43.7258
62.58,-26.7752,-19.8665,6.1921,81.3828,63.9027,51.5751
62.6,-26.7365,-19.7864,5.593,81.9363,74.9141,61.5811
62.62,-26.6873,-19.5668,4.3487,82.0653,98.0975,82.8563
62.64,-26.6608,-19.4301,3.738,81.673,108.9662,92.8033
62.66,-26.6394,-19.2868,3.1128,80.997,118.9626,101.9281
62.68,-26.6097,-19.1251,2.5338,80.1745,126.7017,108.7905
62.7,-26.5955,-18.9541,1.9386,79.1778,133.7543,115.092
62.72,-26.5623,-18.5871,0.8264,76.9409,143.6037,123.4917
62.74,-26.5483,-18.3986,0.3109,75.7665,147.2226,126.555
62.76,-26.5303,-18.2088,-0.1598,74.6417,150.0677,128.8673
62.78,-26.5156,-18.0249,-0.5977,73.5441,152.3673,130.6823
62.8,-26.4993,-17.8507,-0.9841,72.5486,154.1846,132.1103
62.82,-26.4714,-17.5574,-1.6283,70.8092,156.8028,134.2518
62.84,-26.4671,-17.4369,-1.881,70.1307,157.7616,135.1897
62.86,-26.4563,-17.346,-2.0761,69.5906,158.437,135.8323
62.88,-26.4532,-17.2867,-2.2352,69.1178,158.9425,136.4015
62.9,-26.4467,-17.2436,-2.3235,68.9131,159.2341,136.7225
62.92,-26.435,-17.2551,-2.3652,68.801,159.2367,136.9018
62.94,-26.4302,-17.2926,-2.3074,68.9827,158.9955,136.8028
62.96,-26.4283,-17.3648,-2.187,69.3475,158.5357,136.6535
62.98,-26.4287,-17.4568,-2.0232,69.8087,157.9482,136.4364
63,-26.4276,-17.5726,-1.8089,70.4089,157.1545,136.0009
63.02,-26.4256,-17.8676,-1.2497,71.8896,154.7943,134.3117
63.04,-26.4197,-18.0375,-0.8984,72.7851,153.121,132.9339
63.06,-26.4241,-18.2146,-0.5101,73.7492,151.1357,131.4079
63.08,-26.4301,-18.3993,-0.077,74.7865,148.7654,129.6759
63.1,-26.4325,-18.5954,0.401,75.8763,145.6799,127.3254
63.12,-26.4474,-18.9988,1.4515,78.0638,137.2544,120.5637
63.14,-26.4437,-19.2025,2.0357,79.0956,131.2732,115.5067
63.16,-26.4553,-19.3859,2.6397,80.0631,123.9471,109.2179
63.18,-26.465,-19.564,3.2595,80.8146,115.1446,101.537
63.2,-26.4779,-19.7095,3.9041,81.3827,104.5063,92.0397
63.22,-26.5083,-19.942,5.1809,81.5219,81.8836,71.8334
63.24,-26.5151,-20.0054,5.8344,81.0618,70.7288,61.7468
63.26,-26.5351,-20.0289,6.4727,80.3873,61.0178,53.0157
63.28,-26.5571,-20.0214,7.09,79.5159,52.9387,45.8191
63.3,-26.5851,-19.996,7.6782,78.5278,46.4663,40.0986
63.32,-26.6665,-19.8617,8.7593,76.4038,36.5829,31.414
63.34,-26.7036,-19.7652,9.2621,75.2996,32.911,28.155
63.36,-26.7432,-19.672,9.7159,74.261,29.926,25.5222
63.38,-26.7849,-19.5764,10.1275,73.304,27.4744,23.4163
63.4,-26.8184,-19.477,10.5052,72.3955,25.4318,21.6714
63.42,-26.9023,-19.2641,11.1136,70.8192,22.1116,18.678
63.44,-26.9248,-19.192,11.3447,70.2437,21.1656,17.746
63.46,-26.9544,-19.1178,11.5196,69.7821,20.3359,16.8286
63.48,-26.9775,-19.048,11.6501,69.4172,19.7147,15.9696
63.5,-26.9982,-19.0186,11.7152,69.2773,19.4529,15.3939
63.52,-26.9993,-18.9833,11.734,69.2918,19.4282,14.4649
63.54,-27.0046,-18.9881,11.6785,69.5151,19.4911,14.1461
63.56,-26.9955,-19.0442,11.5551,69.9031,19.925,14.1874
63.58,-26.9816,-19.1071,11.4001,70.3457,20.484,14.334
63.6,-26.979,-19.195,11.1809,71.0005,21.2182,14.6721
63.62,-26.9206,-19.4018,10.6381,72.4995,23.739,16.3249
63.64,-26.9016,-19.5327,10.2775,73.466,25.5135,17.8376
63.66,-26.8662,-19.6429,9.8915,74.4529,27.6427,19.8334
63.68,-26.8218,-19.744,9.4819,75.4301,30.1535,22.3001
63.7,-26.8074,-19.8525,8.9962,76.58,33.3067,25.6121
63.72,-26.7416,-20.0117,7.9537,78.7462,41.9639,34.55
63.74,-26.7109,-20.0699,7.3738,79.8242,48.1326,40.653
63.76,-26.6802,-20.0995,6.7695,80.7516,55.7261,47.9755
63.78,-26.6402,-20.101,6.1441,81.4573,65.0775,56.7597
63.8,-26.612,-20.0621,5.4903,81.9892,76.2558,67.3226
63.82,-26.5493,-19.8993,4.1586,81.994,101.0645,90.8923
63.84,-26.5317,-19.7785,3.4738,81.5084,112.8975,102.1097
63.86,-26.5029,-19.6338,2.8056,80.7037,122.9126,111.3595
63.88,-26.4737,-19.4699,2.1436,79.6745,131.1871,118.7949
63.9,-26.4369,-19.2944,1.5069,78.4784,137.5994,124.3407
63.92,-26.3818,-18.9162,0.3015,75.9253,146.8508,132.6647
63.94,-26.3596,-18.7238,-0.2506,74.6717,150.0919,135.7754
63.96,-26.3249,-18.5386,-0.7559,73.4429,152.5599,138.0019
63.98,-26.288,-18.3547,-1.2162,72.2655,154.4522,139.542
64,-26.2518,-18.1767,-1.6305,71.1584,155.8687,140.56
64.02,-26.1802,-17.848,-2.2862,69.2909,157.8283,141.8304
64.04,-26.148,-17.7095,-2.5269,68.5642,158.4753,142.1969
64.06,-26.1212,-17.5948,-2.713,67.9923,158.9033,142.3347
64.08,-26.096,-17.5097,-2.8397,67.5616,159.1448,142.2382
64.1,-26.0757,-17.4557,-2.9083,67.3251,159.1985,141.9719
64.12,-26.0529,-17.4532,-2.8717,67.3551,158.9527,141.407
64.14,-26.0518,-17.5004,-2.7672,67.6382,158.6658,141.1242
64.16,-26.0581,-17.5948,-2.5974,68.1337,158.1289,140.7141
64.18,-26.0694,-17.7147,-2.3779,68.7703,157.4764,140.2997
64.2,-26.0851,-17.8605,-2.1007,69.5814,156.5596,139.7599
64.22,-26.1324,-18.215,-1.3944,71.5409,153.946,138.2502
64.24,-26.1601,-18.4093,-0.9663,72.693,152.1228,136.99
64.26,-26.1898,-18.6118,-0.4982,73.8751,149.8445,135.2447
64.28,-26.2219,-18.8095,0.0135,75.1118,147.048,132.9008
64.3,-26.2543,-19.0104,0.5584,76.3031,143.6612,129.9732
64.32,-26.3261,-19.3804,1.7427,78.6624,134.299,121.2923
64.34,-26.358,-19.5542,2.3812,79.7598,127.5672,114.9627
64.36,-26.3935,-19.7187,3.0352,80.7072,119.2945,107.3412
64.38,-26.4311,-19.8684,3.707,81.4514,109.0903,98.0227
64.4,-26.4729,-19.9999,4.3827,81.9069,97.2386,87.2863
64.42,-26.5476,-20.1979,5.7227,81.6438,72.3168,64.7723
64.43999,-26.5863,-20.2379,6.3796,80.9652,61.3367,55.0081
64.46,-26.6195,-20.2519,7.0132,80.035,52.5231,47.4786
64.48,-26.6542,-20.229,7.6212,78.9821,45.5173,41.6983
64.5,-26.6915,-20.1807,8.1941,77.8726,39.8898,37.0463
64.52,-26.7641,-20.0128,9.2278,75.6099,31.7937,30.1592
64.54,-26.808,-19.923,9.6697,74.5801,28.9521,27.7806
64.56,-26.8504,-19.8175,10.0711,73.6408,26.5347,25.7161
64.58,-26.8795,-19.717,10.4344,72.749,24.5861,23.9424
64.6,-26.9167,-19.6155,10.7381,71.9621,22.9723,22.5026
64.62,-26.9672,-19.4544,11.1922,70.8132,20.7774,20.4181
64.64,-26.9778,-19.3903,11.3448,70.4079,20.1389,19.7147
64.66,-26.9919,-19.3541,11.4345,70.1874,19.7061,19.1459
64.68,-26.9897,-19.335,11.4758,70.1119,19.6464,18.8975
64.7,-26.9938,-19.3349,11.4564,70.1754,19.6413,18.6249
64.72,-26.9679,-19.3963,11.2689,70.7715,20.4967,18.5424
64.74,-26.9411,-19.4513,11.0947,71.2384,21.2473,18.7456
64.76,-26.9122,-19.5306,10.8709,71.886,22.3299,19.244
64.78,-26.8849,-19.6123,10.5967,72.6219,23.6201,19.8756
64.8,-26.8434,-19.7054,10.2789,73.4588,25.3851,20.8763
64.82,-26.7568,-19.8832,9.5087,75.3749,30.1845,24.0535
64.84,-26.7227,-19.9542,9.0563,76.4012,33.2684,26.3337
64.86,-26.6769,-20.0242,8.5691,77.4305,37.2845,29.5124
64.88,-26.6369,-20.0584,8.0584,78.4224,41.8156,33.2346
64.9,-26.5939,-20.0932,7.5126,79.3818,47.7213,38.4035
64.92,-26.5379,-20.0921,6.3464,81.0051,62.8876,52.2786
64.93999,-26.5087,-20.0766,5.7366,81.5475,72.6775,61.4993
64.96,-26.4794,-20.0336,5.1227,81.8451,83.2945,71.5457
64.98,-26.4535,-19.9731,4.4963,81.8452,94.4967,82.1762
65,-26.4219,-19.8781,3.8766,81.5569,105.2034,92.2663
65.02,-26.3634,-19.6187,2.6364,80.1833,123.7354,109.4946
65.04,-26.3266,-19.4528,2.038,79.211,130.5686,115.4973
65.06,-26.2888,-19.2735,1.4529,78.108,136.288,120.3711
65.08,-26.2464,-19.0807,0.8943,76.9279,140.8699,124.0005
65.1,-26.2021,-18.8881,0.3611,75.703,144.6558,126.9069
65.12,-26.1119,-18.5021,-0.5936,73.2701,150.1829,130.5642
65.14,-26.0668,-18.3175,-1.0033,72.1912,151.9219,131.4718
65.16,-26.0246,-18.1495,-1.3626,71.2003,153.2454,132.1887
65.18,-25.9829,-18.0025,-1.6659,70.3214,154.323,132.9284
65.2,-25.9464,-17.8758,-1.9139,69.579,155.2328,133.6936
65.22,-25.8824,-17.6995,-2.239,68.6177,155.9441,134.0584
65.24,-25.8589,-17.6542,-2.3201,68.3736,156.0194,133.9918
65.26,-25.8383,-17.6413,-2.3435,68.2801,155.9519,133.83
65.28,-25.8241,-17.6545,-2.3091,68.3738,155.7327,133.6113
65.3,-25.8154,-17.699,-2.2267,68.5788,155.3628,133.3545
65.32,-25.8134,-17.8837,-1.8614,69.5818,153.9075,132.3921
65.34,-25.8239,-18.011,-1.6081,70.2693,152.8785,131.7346
65.36,-25.8387,-18.1574,-1.303,71.0839,151.5813,130.8538
65.38,-25.8576,-18.3212,-0.9482,71.9978,149.9746,129.7102
65.4,-25.8831,-18.4976,-0.5472,73.029,147.8904,128.1861
65.42,-25.9461,-18.8835,0.3782,75.2684,142.1463,123.7942
65.43999,-25.9873,-19.0837,0.8953,76.4029,138.5208,121.1042
65.46,-26.0282,-19.2811,1.4461,77.5285,133.8039,117.3753
65.48,-26.0738,-19.4726,2.0199,78.6013,128.198,112.8065
65.5,-26.1158,-19.6582,2.6176,79.5518,121.3782,107.1176
65.52,-26.2104,-19.9785,3.8462,80.9389,103.9412,92.1362
65.54,-26.2579,-20.1108,4.4673,81.2555,93.7059,83.1541
65.56,-26.3059,-20.2116,5.087,81.2907,82.9136,73.579
65.58,-26.3534,-20.2868,5.6959,81.0488,72.581,64.4256
65.6,-26.4023,-20.341,6.2831,80.5672,63.601,56.5548
65.62,-26.4879,-20.3594,7.4041,79.0843,48.9463,43.5932
65.64,-26.535,-20.3256,7.9181,78.2013,43.4084,38.6647
65.66,-26.5792,-20.2805,8.3971,77.2942,38.9444,34.8162
65.68,-26.6285,-20.2089,8.8329,76.412,35.2252,31.7295
65.7,-26.658,-20.1366,9.2367,75.5329,32.3698,29.4258
65.72,-26.7441,-19.9927,9.8803,74.1053,27.9971,25.9603
65.74,-26.7744,-19.9275,10.1322,73.5215,26.4765,24.7241
65.76,-26.8,-19.8719,10.334,73.0163,25.376,23.7447
65.78,-26.8228,-19.8239,10.4806,72.6595,24.5055,22.9142
65.8,-26.8286,-19.7977,10.5778,72.4277,24.0956,22.4906
65.82,-26.8394,-19.7662,10.6138,72.3574,23.8134,21.88
65.84,-26.8286,-19.7782,10.5628,72.5017,24.2051,21.8867
65.86,-26.8152,-19.8057,10.447,72.8083,24.8303,22.0917
65.88,-26.7894,-19.8461,10.2877,73.1932,25.7536,22.5542
65.9,-26.7693,-19.8905,10.0775,73.7187,26.8637,23.2138
65.92,-26.6937,-20.015,9.5313,75.0177,30.5418,25.767
65.93999,-26.6664,-20.078,9.1826,75.8013,32.9708,27.5519
65.96,-26.6128,-20.1243,8.8164,76.5304,35.9241,29.7336
65.98,-26.5735,-20.1572,8.4051,77.3391,39.2979,32.4297
66,-26.5286,-20.1846,7.9618,78.1335,43.402,35.8668
66.02,-26.4475,-20.1988,6.9737,79.6768,54.3637,45.2812
66.04,-26.401,-20.1837,6.4449,80.2962,61.4524,51.4355
66.06,-26.3562,-20.1497,5.8913,80.7703,69.7078,58.6657
66.08,-26.3168,-20.0958,5.3188,81.0598,78.8895,66.8544
66.1,-26.2774,-20.0118,4.7444,81.1595,88.4556,75.4417
66.12,-26.1991,-19.8044,3.5812,80.641,107.8806,93.0181
66.14,-26.1571,-19.6787,3.0071,80.0309,116.0804,100.1461
66.16,-26.1217,-19.5448,2.4336,79.2361,123.3272,106.4031
66.18,-26.0805,-19.391,1.8918,78.3646,129.1976,111.2642
66.2,-26.0385,-19.2331,1.3675,77.3817,134.0436,115.1197
66.22,-25.9503,-18.8914,0.4229,75.3958,140.9996,120.3495
66.24,-25.9122,-18.7197,0.0047,74.4416,143.5463,122.2882
66.26,-25.8756,-18.559,-0.3776,73.521,145.6672,123.9048
66.28,-25.8396,-18.4122,-0.7163,72.6732,147.3483,125.1172
66.3,-25.8079,-18.2802,-1.0073,71.9019,149.0975,126.6346
66.32,-25.7557,-18.0768,-1.4618,70.6798,150.8697,127.495
66.34,-25.7397,-18.0115,-1.6141,70.2809,151.4683,127.9373
66.36,-25.7283,-17.9725,-1.7161,70.0149,151.8433,128.2761
66.38,-25.7191,-17.9593,-1.7667,69.888,152.0189,128.4702
66.4,-25.7127,-17.9679,-1.7648,69.906,151.9553,128.4584
66.42,-25.7128,-18.0573,-1.6134,70.3114,151.2016,128.0892
66.43999,-25.7228,-18.1321,-1.4574,70.7334,150.534,127.8184
66.46,-25.7357,-18.2277,-1.2564,71.2602,149.642,127.3597
66.48,-25.7518,-18.3416,-1.0097,71.9023,148.497,126.6542
66.5,-25.7737,-18.4712,-0.7205,72.6441,147.0596,125.672
66.52,-25.8269,-18.7733,-0.0271,74.3328,143.1939,122.9186
66.54,-25.8615,-18.9334,0.3731,75.2565,140.595,120.9857
66.56,-25.8968,-19.097,0.8059,76.1771,137.4581,118.546
66.58,-25.9353,-19.2638,1.2704,77.0993,133.7088,115.6502
66.6,-25.975,-19.4297,1.7609,77.9909,129.2782,112.083
66.62,-26.0663,-19.7401,2.8063,79.6359,117.5293,102.2466
66.64,-26.1212,-19.8838,3.3443,80.2907,110.2921,96.1159
66.66,-26.1696,-20.017,3.9016,80.7743,101.9213,88.8129
66.68,-26.2157,-20.1296,4.4539,81.0276,92.9874,80.856
66.7,-26.277,-20.2238,4.9938,81.1056,84.017,72.9198
66.72,-26.3738,-20.3427,6.0773,80.5692,66.5322,57.383
66.74,-26.4345,-20.3684,6.5828,80.0922,59.1818,50.9053
66.76,-26.4686,-20.3782,7.0879,79.4165,52.8708,45.2222
66.78,-26.5206,-20.3553,7.5574,78.7165,47.3391,40.2059
66.8,-26.5577,-20.3319,7.9996,77.949,43.0668,36.3728
66.82,-26.6515,-20.2212,8.7845,76.4849,35.9831,29.9502
66.84,-26.6841,-20.1478,9.1359,75.7319,33.2965,27.4164
66.86,-26.715,-20.0938,9.4369,75.0903,31.3266,25.6106
66.88,-26.7482,-20.0344,9.7062,74.5568,29.7507,24.1578
66.9,-26.769,-19.969,9.9474,73.9894,28.2859,22.817
66.92,-26.8155,-19.8665,10.2911,73.1794,26.1475,21.0933
66.93999,-26.8253,-19.8302,10.4051,72.8856,25.5789,20.6366
66.96,-26.8324,-19.7888,10.476,72.7113,25.1274,20.1025
66.98,-26.8237,-19.7739,10.5053,72.6411,25.147,19.8824
67,-26.8112,-19.7469,10.5049,72.6074,25.2734,19.5529
67.02,-26.7674,-19.7379,10.3773,72.9265,26.455,19.7716
67.04,-26.732,-19.7336,10.2697,73.1421,27.1979,20.0074
67.06,-26.7179,-19.7596,10.1053,73.5567,28.2016,20.7415
67.08,-26.6846,-19.7971,9.9234,74.0062,29.4545,21.6178
67.1,-26.6392,-19.84,9.7209,74.475,31.0038,22.7279
67.12,-26.5593,-19.9139,9.2263,75.4867,34.7595,25.6207
67.14,-26.5141,-19.9356,8.9451,76.0074,37.0204,27.264
67.16,-26.4593,-19.9727,8.6313,76.5415,39.9921,29.3867
67.18,-26.4143,-19.9835,8.3009,77.0849,42.9966,31.5834
67.2,-26.3719,-19.99,7.9464,77.6288,46.4211,34.3065
67.22,-26.316,-19.9873,7.1477,78.8868,54.9424,41.5667
67.24,-26.289,-19.986,6.7189,79.4396,60.2461,46.0936
67.26,-26.2729,-19.9676,6.2753,79.944,65.9355,51.0043
67.28,-26.2722,-19.9403,5.8129,80.3889,72.2885,56.704
67.3,-26.2717,-19.9088,5.3402,80.7354,79.4275,63.3215
67.32,-26.2795,-19.8314,4.3759,80.9757,95.0364,78.2996
67.34,-26.2902,-19.7744,3.8924,80.8709,102.7028,85.6797
67.36,-26.3072,-19.7109,3.3947,80.608,110.5826,93.2162
67.38,-26.3178,-19.6249,2.9113,80.1754,117.5445,99.6621
67.4,-26.3278,-19.5275,2.4303,79.6024,123.9968,105.5553
67.42,-26.3457,-19.2774,1.5249,78.206,134.3314,114.6616
67.43999,-26.3459,-19.1417,1.1007,77.4024,138.3443,117.8708
67.46,-26.3489,-18.9981,0.7019,76.5872,141.7492,120.4097
67.48,-26.3523,-18.852,0.3377,75.8099,144.5499,122.4293
67.5,-26.3516,-18.7189,0.0074,75.0678,146.822,124.0856
67.52,-26.3584,-18.4936,-0.5488,73.7576,150.7288,127.514
67.54,-26.3557,-18.4041,-0.7604,73.2524,151.8101,128.3205
67.56,-26.3628,-18.3311,-0.943,72.815,152.7566,129.2287
67.58,-26.364,-18.2808,-1.0787,72.4849,153.3852,129.9083
67.6,-26.3677,-18.2475,-1.178,72.245,153.7626,130.3526
67.62,-26.3622,-18.2179,-1.2325,72.1513,153.8586,130.4053
67.64,-26.3621,-18.2276,-1.2066,72.2255,153.7183,130.3785
67.66,-26.3619,-18.2543,-1.1409,72.4379,153.3429,130.281
67.68,-26.3635,-18.2972,-1.0271,72.7576,152.8291,130.128
67.7,-26.3676,-18.3561,-0.8987,73.1066,152.1298,129.8166
67.72,-26.3642,-18.5093,-0.5391,74.099,149.956,128.43
67.74,-26.3602,-18.5984,-0.3273,74.6864,148.4865,127.4846
67.76,-26.3584,-18.6864,-0.0993,75.2811,146.8201,126.3945
67.78,-26.3493,-18.7807,0.1329,75.8227,144.9622,125.0947
67.8,-26.3345,-18.8677,0.3798,76.3529,142.9119,123.4731
67.82,-26.3035,-19.0383,0.8762,77.3045,138.4312,119.787
67.84,-26.2809,-19.1205,1.1388,77.7629,135.8642,117.6807
67.86,-26.2673,-19.1934,1.389,78.1823,133.3199,115.5557
67.88,-26.2447,-19.2612,1.6442,78.5341,130.5005,112.9016
67.9,-26.2236,-19.3174,1.9021,78.8707,127.3645,109.8165
67.92,-26.18,-19.4272,2.4202,79.3674,121.1495,103.1636
67.93999,-26.166,-19.4876,2.6889,79.5852,117.8708,99.815
67.96,-26.1612,-19.5457,2.9706,79.8367,114.3219,96.446
67.98,-26.1677,-19.6057,3.263,80.0764,110.453,92.897
68,-26.1752,-19.658,3.575,80.3,106.0611,88.7425
68.02,-26.1873,-19.7582,4.253,80.5137,95.6528,78.7709
68.04,-26.2095,-19.7987,4.6037,80.5449,90.1253,73.5414
68.06,-26.2146,-19.8358,4.991,80.4133,83.9045,67.5764
68.08,-26.2296,-19.8697,5.3828,80.207,77.784,61.915
68.1,-26.2534,-19.9048,5.7785,79.9181,71.8676,56.7031
68.12,-26.3124,-19.9458,6.5986,79.1156,60.6282,47.1042
68.14,-26.3286,-19.9627,7.0247,78.5167,55.5701,42.9854
68.16,-26.3742,-19.9714,7.4237,77.9786,50.9714,39.4459
68.18,-26.414,-19.9781,7.8239,77.3434,46.7515,36.3278
68.2,-26.4582,-19.9887,8.1962,76.7072,43.1829,33.9545
68.22,-26.5189,-19.9777,8.9112,75.3008,37.0821,30.22
68.24,-26.5509,-19.9517,9.2223,74.6726,34.6403,28.8577
68.26,-26.5751,-19.9297,9.4894,74.0752,32.7862,27.92
68.28,-26.5831,-19.9039,9.7245,73.5495,31.4004,27.1315
68.3,-26.5891,-19.8728,9.9084,73.1059,30.3443,26.4016
68.32,-26.6047,-19.7952,10.1292,72.5295,28.947,25.0878
68.34,-26.5987,-19.7747,10.1625,72.4312,28.7758,24.7317
68.36,-26.5938,-19.7732,10.1445,72.4958,28.8846,24.6302
68.38,-26.5805,-19.7806,10.0852,72.6858,29.3145,24.7288
68.4,-26.5519,-19.8001,9.9621,72.9821,30.0631,25.0201
68.42,-26.5307,-19.8914,9.535,74.0347,32.4188,26.3211
68.43999,-26.4944,-19.9519,9.2684,74.6322,34.3632,27.5341
68.46,-26.4777,-20.0162,8.9258,75.4125,36.7124,29.175
68.48,-26.4525,-20.0639,8.5557,76.1872,39.5741,31.2282
68.5,-26.4363,-20.0947,8.1351,77.0068,42.9366,33.7181
68.52,-26.3708,-20.1484,7.1941,78.607,52.643,41.4499
68.54,-26.359,-20.1425,6.6653,79.3882,58.731,46.5554
68.56,-26.3293,-20.1268,6.1252,80.0063,66.0261,52.7459
68.58,-26.3154,-20.0854,5.5604,80.5111,74.2844,59.8551
68.6,-26.3062,-20.024,4.9768,80.8318,83.5564,67.9514
68.62,-26.2867,-19.8477,3.7963,80.7176,102.9534,85.284
68.64,-26.2745,-19.7433,3.2033,80.2458,112.0145,93.4212
68.66,-26.2724,-19.6012,2.6201,79.6544,120.0149,100.5177
68.68,-26.26,-19.4601,2.0674,78.8694,126.7948,106.4915
68.7,-26.2513,-19.3057,1.5305,77.9971,132.4388,111.4956
68.72,-26.2354,-18.9924,0.5324,76.0999,141.1283,119.0651
68.74,-26.2163,-18.8358,0.0954,75.1573,144.1423,121.493
68.76,-26.2074,-18.6834,-0.3193,74.2151,146.7724,123.6431
68.78,-26.1957,-18.5344,-0.6816,73.3662,148.8305,125.3517
68.8,-26.1835,-18.3995,-0.9973,72.5974,150.5319,126.8661
68.82,-26.1541,-18.1778,-1.483,71.3566,152.7127,128.7838
68.84,-26.1413,-18.0901,-1.6549,70.9218,153.3116,129.2341
68.86,-26.1231,-18.0244,-1.7725,70.5947,153.6753,129.5187
68.88,-26.1114,-17.9763,-1.8426,70.4156,153.8696,129.7659
68.9,-26.0958,-17.9548,-1.864,70.3606,153.7971,129.7522
68.92,-26.0712,-17.978,-1.7909,70.5626,153.2088,129.4065
68.93999,-26.0606,-18.0307,-1.6815,70.8396,152.6154,129.068
68.96,-26.0497,-18.0968,-1.5342,71.2236,151.877,128.5476
68.98,-26.04,-18.1815,-1.3531,71.6793,150.9061,127.7624
69,-26.0293,-18.28,-1.1288,72.2197,149.6822,126.7661
69.02,-26.0158,-18.5079,-0.5723,73.5305,146.3933,124.155
69.04,-26.0156,-18.6348,-0.2469,74.2619,144.3559,122.607
69.06,-26.0149,-18.7711,0.1099,75.0266,141.9032,120.6763
69.08,-26.0161,-18.9108,0.4935,75.8086,139.0511,118.2428
69.1,-26.0231,-19.0578,0.8917,76.5616,135.8667,115.5273
69.12,-26.0383,-19.3333,1.7721,78.0951,127.3559,108.0473
69.14,-26.0553,-19.4658,2.2279,78.7568,122.3115,103.665
69.16,-26.0666,-19.592,2.7058,79.327,116.3655,98.3169
69.18,-26.0875,-19.7029,3.1907,79.8025,109.8482,92.4248
69.2,-26.113,-19.8053,3.6816,80.1584,102.8452,86.0826
69.22,-26.168,-19.9825,4.671,80.407,87.9618,72.411
69.24,-26.2051,-20.0427,5.1681,80.324,80.2424,65.2617
69.26,-26.2408,-20.0971,5.6591,80.0764,73.0272,58.6374
69.28,-26.2778,-20.136,6.1449,79.6883,66.2236,52.4604
69.3,-26.3234,-20.1509,6.6176,79.1811,59.9064,46.759
69.32,-26.4226,-20.1337,7.5173,77.9503,49.5344,37.5109
69.34,-26.4612,-20.1182,7.9466,77.2391,45.4631,34.0089
69.36,-26.5198,-20.0844,8.3415,76.5674,41.6319,30.876
69.38,-26.5786,-20.0474,8.7157,75.8697,38.3303,28.2502
69.4,-26.6466,-20.0087,9.0536,75.2257,35.3792,26.0428
69.42,-26.7493,-19.9532,9.647,74.0245,30.8727,23.0423
69.43999,-26.8271,-19.9381,9.8578,73.6563,29.0545,22.1236
69.46,-26.84,-19.9113,10.0834,73.1077,27.7139,21.3878
69.48,-26.8673,-19.8939,10.2446,72.7402,26.6623,20.838
69.5,-26.8966,-19.8832,10.3556,72.4808,25.9408,20.5639
69.52,-26.9184,-19.8706,10.436,72.3194,25.3547,20.325
69.54,-26.9083,-19.872,10.4261,72.3323,25.4828,20.3503
69.56,-26.9043,-19.888,10.3616,72.5108,25.8369,20.5375
69.58,-26.8911,-19.9206,10.222,72.8616,26.5723,20.9234
69.6,-26.878,-19.959,10.0518,73.3118,27.5041,21.4881
69.62,-26.7973,-20.035,9.6351,74.2566,30.3418,23.1771
69.64,-26.7684,-20.0869,9.344,74.9414,32.3222,24.558
69.66,-26.7148,-20.1186,9.0504,75.5287,34.6547,26.1134
69.68,-26.6632,-20.161,8.7164,76.1966,37.4465,28.1788
69.7,-26.6334,-20.1954,8.3362,76.9626,40.5203,30.6329
69.72,-26.5397,-20.2622,7.5295,78.306,48.4309,37.4516
69.74,-26.5085,-20.2834,7.0836,78.9919,53.1565,41.7761
69.76,-26.4742,-20.3042,6.6239,79.5936,58.7748,47.1053
69.78,-26.4446,-20.3105,6.147,80.1266,65.0083,53.1574
69.8,-26.4133,-20.2926,5.6689,80.5492,71.6807,59.6329
69.82,-26.3672,-20.239,4.6651,80.9967,87.4518,75.2065
69.84,-26.3422,-20.1851,4.1648,80.9822,95.5546,83.1707
69.86,-26.3174,-20.117,3.6635,80.796,103.5058,90.9342
69.88,-26.2938,-20.0294,3.1637,80.4394,110.9595,98.0724
69.9,-26.2677,-19.9301,2.6771,79.9349,117.5346,104.2501
69.92,-26.2127,-19.6966,1.7319,78.5763,128.5325,114.2116
69.93999,-26.1772,-19.5566,1.3049,77.8441,132.5574,117.6185
69.96,-26.1456,-19.4232,0.8863,77.0089,136.2866,120.7554
69.98,-26.112,-19.2849,0.5018,76.2185,139.1832,123.0171
70,-26.0836,-19.1535,0.1412,75.4225,141.6983,124.9547
70.02,-26.0188,-18.9206,-0.4595,74.0193,145.1902,127.3577
70.04,-25.9862,-18.8249,-0.6978,73.4344,146.4235,128.1462
70.06,-25.9616,-18.7454,-0.9043,72.9159,147.393,128.7896
70.08,-25.9381,-18.6767,-1.0618,72.515,148.0744,129.1859
70.1,-25.9126,-18.6269,-1.1721,72.2087,148.4562,129.312
70.12,-25.8722,-18.5783,-1.2544,71.9256,148.4803,129.0302
70.14,-25.8578,-18.5803,-1.2247,71.9643,148.1887,128.6881
70.16,-25.8517,-18.5963,-1.158,72.1119,147.8371,128.3599
70.18,-25.8454,-18.6496,-1.0325,72.3792,147.1163,127.747
70.2,-25.8454,-18.7181,-0.8694,72.7665,146.2192,127.0111
70.22,-25.8617,-18.9097,-0.4268,73.8044,143.7119,125.1178
70.24,-25.8738,-19.028,-0.141,74.4809,141.9354,123.8557
70.26,-25.8978,-19.1537,0.1676,75.2007,139.8928,122.5293
70.28,-25.9166,-19.2875,0.514,75.9486,137.4195,120.8489
70.3,-25.9432,-19.4264,0.8737,76.6746,134.6016,118.88
70.32,-25.9886,-19.679,1.6721,78.1494,127.0634,112.8046
70.34,-26.0193,-19.7999,2.0742,78.763,122.7315,109.1921
70.36,-26.0364,-19.9111,2.4996,79.3084,117.6567,104.6846
70.38,-26.0586,-20.0013,2.9311,79.7835,112.0759,99.5783
70.4,-26.0896,-20.0924,3.3423,80.1341,106.6468,94.5599
70.42,-26.1265,-20.2386,4.1964,80.4718,94.1187,82.241
70.43999,-26.1359,-20.2986,4.6294,80.4367,87.6348,75.831
70.46,-26.1715,-20.3492,5.0313,80.3884,81.8077,70.3386
70.48,-26.2045,-20.3756,5.4474,80.2181,75.585,64.4839
70.5,-26.2305,-20.4025,5.857,79.9313,69.8522,59.1867
70.52,-26.3072,-20.4217,6.6364,79.2073,59.5055,50.0156
70.54,-26.3479,-20.4084,7.0088,78.7303,54.7992,45.9001
70.56,-26.3742,-20.4116,7.3662,78.2237,51.0985,42.8165
70.58,-26.4147,-20.3961,7.7025,77.7011,47.5086,39.8917
70.6,-26.4486,-20.3809,8.0206,77.1689,44.3985,37.4486
70.62,-26.5258,-20.3543,8.5608,76.2372,39.3544,33.6873
70.64,-26.5799,-20.3538,8.7612,75.9329,37.3985,32.4722
70.66,-26.5915,-20.3404,8.9759,75.4598,35.724,31.3866
70.68,-26.6229,-20.3296,9.1273,75.1524,34.4147,30.6659
70.7,-26.6448,-20.3246,9.243,74.9269,33.4698,30.1295
70.72,-26.6772,-20.3274,9.3475,74.6967,32.4373,29.7111
70.74,-26.6747,-20.3335,9.3487,74.6893,32.391,29.8999
70.76,-26.6774,-20.3552,9.3028,74.8226,32.6713,30.3997
70.78,-26.6684,-20.3765,9.205,75.0156,33.2102,31.0597
70.8,-26.6716,-20.4061,9.0489,75.3709,34.0881,31.9614
70.82,-26.6275,-20.4669,8.6594,76.172,37.1143,34.3478
70.84,-26.6005,-20.492,8.4081,76.6579,39.1345,35.9186
70.86,-26.5821,-20.5158,8.1169,77.2217,41.5427,37.8653
70.88,-26.5561,-20.5514,7.7912,77.8177,44.5926,40.4196
70.9,-26.5318,-20.5724,7.4407,78.4427,48.0126,43.3616
70.92,-26.4976,-20.6017,6.6471,79.6516,56.7473,51.3121
70.93999,-26.4595,-20.6048,6.2371,80.1311,62.0774,56.1938
70.96,-26.452,-20.5972,5.7791,80.6388,68.493,62.3164
70.98,-26.4317,-20.5678,5.3201,80.9923,75.3698,68.7975
71,-26.4126,-20.5189,4.8501,81.1999,82.7619,75.7256
71.02,-26.368,-20.3761,3.8749,81.1757,99.0512,90.8019
71.04,-26.3412,-20.2799,3.3858,80.8917,106.7772,97.6805
71.06,-26.309,-20.1734,2.8997,80.4312,113.9674,103.9011
71.08,-26.2709,-20.0562,2.4221,79.8211,120.3288,109.2591
71.1,-26.2468,-19.929,1.9341,79.0812,126.2549,114.2282
71.12,-26.1554,-19.6397,1.0746,77.4957,134.2008,120.0261
71.14,-26.114,-19.4891,0.6814,76.7134,137.2383,122.2006
71.16,-26.0798,-19.3521,0.3023,75.886,140.054,124.3689
71.18,-26.0438,-19.2244,-0.041,75.1221,142.268,126.0762
71.2,-26.0109,-19.1049,-0.3569,74.3872,144.1337,127.4538
71.22,-25.9347,-18.8979,-0.8553,73.1737,146.5062,128.8537
71.24,-25.902,-18.8134,-1.0495,72.669,147.3585,129.379
71.26,-25.8705,-18.7407,-1.1965,72.2911,147.8701,129.6236
71.28,-25.8389,-18.6882,-1.3032,71.9868,148.1612,129.7264
71.3,-25.8126,-18.6534,-1.3721,71.7632,148.3378,129.7656
71.32,-25.7626,-18.6387,-1.364,71.6905,147.8781,129.0861
71.34,-25.7494,-18.6588,-1.308,71.7817,147.4673,128.7209
71.36,-25.7295,-18.7058,-1.1786,72.0492,146.6161,127.9565
71.38,-25.7219,-18.7631,-1.019,72.3993,145.6783,127.1484
71.4,-25.7214,-18.8408,-0.823,72.8093,144.5485,126.2229
71.42,-25.7285,-19.0393,-0.2916,73.9189,141.3549,123.581
71.43999,-25.741,-19.1533,0.0355,74.5888,139.2779,121.8102
71.46,-25.7569,-19.279,0.3991,75.3031,136.7912,119.6661
71.48,-25.7803,-19.4068,0.8045,76.0757,133.7549,117.1137
71.5,-25.8037,-19.5441,1.245,76.8636,130.0718,114.0847
71.52,-25.8768,-19.8272,2.1999,78.3787,120.6881,106.3782
71.54,-25.9054,-19.9671,2.7304,79.0473,114.4401,101.0736
71.56,-25.9585,-20.0971,3.2523,79.6256,107.7156,95.5176
71.58,-26.0052,-20.2154,3.8002,80.0441,99.9842,89.015
71.6,-26.0547,-20.316,4.3521,80.2696,91.5739,81.767
71.62,-26.1555,-20.4708,5.4418,80.1201,75.3543,67.5677
71.64,-26.192,-20.5118,5.9981,79.7218,67.463,60.4596
71.66,-26.267,-20.5428,6.5015,79.3113,60.6401,54.6001
71.68,-26.3352,-20.5463,6.9983,78.7586,54.361,49.2158
71.7,-26.4072,-20.5522,7.4611,78.1759,49.1212,44.9293
71.72,-26.5337,-20.497,8.3394,76.6982,40.2551,37.6345
71.74,-26.6137,-20.4581,8.704,76.0494,36.9745,35.117
71.76,-26.6549,-20.4108,9.0649,75.3404,34.3511,32.9305
71.78,-26.7153,-20.3621,9.3654,74.7387,32.1185,31.1369
71.8,-26.77,-20.3129,9.6298,74.1757,30.3178,29.6306
71.82,-26.8962,-20.1986,10.0166,73.3974,27.2957,26.7687
71.84,-26.918,-20.1507,10.1774,73.1123,26.604,25.7944
71.86,-26.9799,-20.1165,10.2519,73.0341,25.8386,24.7268
71.88,-27.0136,-20.0926,10.3076,72.9557,25.3333,23.795
71.9,-27.0594,-20.0844,10.3085,73.0228,24.997,23.1539
71.92,-27.0972,-20.0831,10.2553,73.2203,25.0382,22.4782
71.93999,-27.1249,-20.1093,10.1428,73.5273,25.3772,22.4436
71.96,-27.1246,-20.1406,10.0174,73.8252,26.0142,22.5329
71.98,-27.1214,-20.1826,9.8544,74.246,26.952,22.8452
72,-27.0966,-20.2285,9.6601,74.7306,28.2931,23.3925
72.02,-27.0908,-20.3086,9.127,75.9969,31.4352,25.0172
72.04,-27.0604,-20.3586,8.8211,76.6752,33.8041,26.5324
72.06,-27.0501,-20.3824,8.4757,77.4149,36.3142,28.2351
72.08,-27.018,-20.4213,8.1009,78.1893,39.7742,30.8065
72.1,-26.9738,-20.4375,7.7189,78.8666,43.7201,33.7564
72.12,-26.9211,-20.4486,6.8415,80.359,54.3456,42.6266
72.14,-26.8921,-20.4282,6.3814,80.9335,60.9214,48.2455
72.16,-26.8686,-20.3728,5.9236,81.3791,67.6714,54.0516
72.18,-26.8229,-20.3326,5.4571,81.647,75.8333,61.2345
72.2,-26.7947,-20.2613,4.9869,81.8099,83.9577,68.465
72.22,-26.7321,-20.1033,4.0505,81.6449,100.6896,83.57
72.24,-26.6951,-20.0142,3.5989,81.3364,108.6093,90.9053
72.26,-26.668,-19.9078,3.1519,80.8982,115.3609,96.9528
72.28,-26.6351,-19.8041,2.7248,80.3415,121.2609,102.2932
72.3,-26.6004,-19.6972,2.3185,79.7163,126.2981,106.8184
72.32,-26.5255,-19.4644,1.5862,78.4117,133.6499,113.0837
72.34,-26.4867,-19.3499,1.2626,77.7381,136.4027,115.313
72.36,-26.4466,-19.2416,0.9779,77.11,139.293,118.1981
72.38,-26.4042,-19.1377,0.7313,76.5311,141.0128,119.5331
72.4,-26.3618,-19.0454,0.5295,76.0177,142.2069,120.4322
72.42,-26.3015,-18.9049,0.235,75.2531,143.9669,121.8139
72.43999,-26.2733,-18.8661,0.1591,75.0192,144.2626,122.062
72.46,-26.2477,-18.8481,0.134,74.9297,144.2263,122.046
72.48,-26.2241,-18.8573,0.1547,74.9402,143.8587,121.8499
72.5,-26.203,-18.8831,0.2193,75.0846,143.115,121.3688
72.52,-26.179,-19.0105,0.4853,75.6448,140.8479,119.9645
72.54,-26.1734,-19.096,0.6761,76.0636,139.1808,118.8342
72.56,-26.1765,-19.1964,0.8972,76.5473,137.2194,117.5044
72.58,-26.1699,-19.3086,1.1564,77.0686,134.8121,115.6952
72.6,-26.181,-19.4211,1.4253,77.6069,132.1398,113.7049
72.62,-26.1825,-19.6388,2.0523,78.7007,125.0959,108.1187
72.64,-26.1855,-19.7465,2.3697,79.1461,121.1263,104.911
72.66,-26.1907,-19.8393,2.6967,79.5728,116.8627,101.3932
72.68,-26.1925,-19.9238,3.0167,79.9135,112.2871,97.5862
72.7,-26.1904,-20.0089,3.3302,80.1454,107.6642,93.7212
72.72,-26.2001,-20.1268,3.9212,80.5021,98.1838,85.6381
72.74,-26.2032,-20.1794,4.1813,80.555,93.9623,82.1281
72.76,-26.1954,-20.2159,4.4346,80.5505,89.7332,78.5512
72.78,-26.1953,-20.2429,4.6513,80.5258,86.0819,75.5361
72.8,-26.1938,-20.2641,4.8331,80.4573,83.0247,73.0868
72.82,-26.1683,-20.2831,5.11,80.2736,78.6446,69.6167
72.84,-26.1682,-20.2827,5.1735,80.2275,77.4949,68.8102
72.86,-26.1364,-20.2779,5.2287,80.1256,76.7299,68.1792
72.88,-26.1251,-20.2642,5.2245,80.0921,76.6325,68.2024
72.9,-26.1054,-20.247,5.1887,80.0801,77.1567,68.6502
72.92,-26.0388,-20.1989,4.9858,80.0348,80.2506,70.9103
72.93999,-26.0071,-20.1663,4.8263,80.0309,82.7716,72.8387
72.96,-25.9797,-20.1247,4.6302,80.0121,85.7091,75.1318
72.98,-25.9427,-20.0873,4.407,79.977,89.3322,78.0628
73,-25.9083,-20.0409,4.1575,79.9005,93.153,81.1866
73.02,-25.8521,-19.9204,3.5815,79.6138,101.6653,87.9768
73.04,-25.8279,-19.8526,3.2621,79.3552,106.4962,91.9188
73.06,-25.8064,-19.7689,2.9472,79.0552,110.851,95.4902
73.08,-25.7934,-19.6735,2.6342,78.7049,115.1352,99.1693
73.1,-25.7803,-19.5787,2.3362,78.3175,118.9294,102.4952
73.12,-25.7709,-19.4111,1.8231,77.5449,124.832,108.1342
73.14,-25.7707,-19.3414,1.6223,77.2155,126.9537,110.2167
73.16,-25.7624,-19.2918,1.481,76.9469,128.2852,111.506
73.18,-25.7631,-19.2608,1.3888,76.7681,129.2317,112.5433
73.2,-25.7671,-19.2536,1.3508,76.6709,129.7255,113.212
73.22,-25.7635,-19.2925,1.4725,76.7944,128.8943,112.7601
73.24,-25.7599,-19.3393,1.6627,77.0697,127.0062,111.0778
73.26,-25.7635,-19.3965,1.9007,77.4114,124.5641,109.0182
73.28,-25.7668,-19.4763,2.1995,77.7889,121.2648,106.2125
73.3,-25.7721,-19.5632,2.563,78.2176,117.0364,102.5022
73.32,-25.7766,-19.7749,3.4497,78.954,105.7338,92.2066
73.34,-25.7826,-19.8818,3.961,79.1824,98.6043,85.5474
73.36,-25.793,-19.9864,4.5061,79.2611,91.0554,78.6423
73.38,-25.8083,-20.0793,5.0796,79.1522,82.9866,71.2876
73.4,-25.8218,-20.1539,5.6795,78.8148,74.7833,63.8149
73.42,-25.8698,-20.2359,6.8957,77.5789,60.0122,50.5541
73.43999,-25.9113,-20.2462,7.4903,76.74,53.732,45.1394
73.46,-25.9529,-20.2317,8.0798,75.8202,48.1948,40.5586
73.48,-26.0237,-20.198,8.6306,74.8577,43.2952,36.6742
73.5,-26.0732,-20.1402,9.1696,73.8005,39.1654,33.413
73.52,-26.2279,-19.9746,10.0914,71.909,32.6343,28.274
73.54,-26.3028,-19.88,10.4829,71.0428,30.1765,26.3803
73.56,-26.3746,-19.7761,10.834,70.2288,28.109,24.8118
73.58,-26.4559,-19.6881,11.1238,69.5583,26.3927,23.6651
73.6,-26.519,-19.6022,11.3766,68.9377,24.9546,22.6033
73.62,-26.6704,-19.5205,11.6611,68.3394,22.9324,21.1964
73.64,-26.7418,-19.4995,11.7264,68.2373,22.1477,20.6471
73.66,-26.8012,-19.5308,11.7177,68.3404,21.7941,20.5363
73.68,-26.8457,-19.5648,11.6727,68.5659,21.6194,20.501
73.7,-26.88,-19.6421,11.5606,68.9379,21.7325,20.6257
73.72,-26.9634,-19.85,11.1124,70.3179,22.5537,21.1603
73.74,-26.9642,-19.971,10.8237,71.125,23.6435,21.8289
73.76,-26.9972,-20.0985,10.4308,72.2232,24.9048,22.6
73.78,-26.9888,-20.2246,10.0003,73.3375,27.0037,23.8117
73.8,-26.9718,-20.3312,9.5192,74.5174,29.6147,25.2779
73.82,-26.9462,-20.4936,8.3725,77.1142,37.4197,30.3395
73.84,-26.9381,-20.5354,7.7244,78.4637,42.977,34.4487
73.86,-26.9104,-20.5588,7.0526,79.685,50.2489,40.0983
73.88,-26.8942,-20.5498,6.3444,80.7905,59.4197,47.7082
73.9,-26.8796,-20.5262,5.5946,81.6295,71.504,58.2805
73.92,-26.8404,-20.3413,4.0924,82.0037,98.6637,82.3905
73.93999,-26.8132,-20.1967,3.3457,81.4909,111.4972,93.8762
73.96,-26.7928,-20.0152,2.6015,80.6471,122.5452,103.8048
73.98,-26.7721,-19.8088,1.8758,79.5331,131.3337,111.638
74,-26.7432,-19.5872,1.1811,78.261,138.1209,117.6475
74.02,-26.6832,-19.1165,-0.1007,75.5371,147.5852,125.9929
74.04,-26.6447,-18.8847,-0.6749,74.1709,150.812,128.8243
74.06,-26.6041,-18.659,-1.2023,72.8478,153.2627,130.8833
74.08,-26.5565,-18.4418,-1.6685,71.6126,155.0845,132.285
74.1,-26.5086,-18.2352,-2.0765,70.4935,156.4462,133.2803
74.12,-26.4059,-17.8947,-2.6995,68.6002,158.5857,135.3854
74.14,-26.3525,-17.757,-2.9083,67.955,158.852,135.2964
74.16,-26.3045,-17.6578,-3.0573,67.4337,159.0113,135.2854
74.18,-26.2576,-17.5934,-3.1359,67.1097,159.002,135.1019
74.2,-26.2151,-17.5659,-3.1462,67.0341,158.7561,134.7
74.22,-26.1492,-17.628,-2.9862,67.3945,157.7459,133.6693
74.24,-26.1213,-17.7242,-2.7907,67.915,156.8752,132.8972
74.26,-26.103,-17.8483,-2.5446,68.575,155.8186,131.9989
74.28,-26.0914,-18.0042,-2.2365,69.3858,154.4988,130.9564
74.3,-26.0854,-18.1866,-1.8644,70.3479,152.8694,129.7413
74.32,-26.0942,-18.6123,-0.9498,72.6185,148.3843,126.3142
74.34,-26.1058,-18.8481,-0.4124,73.87,145.3515,123.9841
74.36,-26.1239,-19.0976,0.1681,75.1533,141.5542,121.0518
74.38,-26.1452,-19.3433,0.7973,76.4465,136.651,117.1009
74.4,-26.1678,-19.5828,1.466,77.7055,130.4169,111.9477
74.42,-26.2287,-20.0248,2.88,79.6983,113.7855,98.2412
74.43999,-26.2662,-20.2064,3.6121,80.3213,103.1,89.1621
74.46,-26.3045,-20.3675,4.3503,80.5882,91.5351,79.3009
74.48,-26.3506,-20.4929,5.0837,80.5033,79.7837,69.3216
74.5,-26.3949,-20.5873,5.8056,80.0684,68.8896,60.2191
74.52,-26.5099,-20.6391,7.1951,78.4439,50.8957,45.6699
74.54,-26.5638,-20.6141,7.8499,77.3435,44.2073,40.4077
74.56,-26.6358,-20.5674,8.4475,76.2774,38.9069,36.4271
74.58,-26.7037,-20.4863,9.0165,75.125,34.4816,33.1217
74.6,-26.77,-20.3936,9.5392,73.9857,30.9267,30.6077
74.62,-26.9021,-20.1725,10.446,71.9136,25.5329,27.0693
74.64,-26.9897,-20.0605,10.799,71.0722,23.3941,25.7049
74.66,-27.0365,-19.964,11.1263,70.2555,21.8937,24.6613
74.68,-27.093,-19.8662,11.3875,69.5996,20.5928,23.5729
74.7,-27.1365,-19.7969,11.5866,69.1104,19.6758,22.746
74.72,-27.2299,-19.7116,11.8074,68.612,18.3353,21.3049
74.74,-27.2573,-19.6979,11.8425,68.5445,18.038,20.7491
74.76,-27.2741,-19.7244,11.8172,68.7052,17.9646,20.3907
74.78,-27.2932,-19.7606,11.7432,68.9791,18.0559,20.1478
74.8,-27.3155,-19.8306,11.5828,69.4479,18.2631,20.0664
74.82,-27.2753,-20.0295,11.1565,70.6987,19.9492,20.7993
74.84,-27.2533,-20.1388,10.8536,71.5498,21.1875,21.3559
74.86,-27.2122,-20.2346,10.5161,72.4123,22.818,22.1403
74.88,-27.1787,-20.3405,10.1143,73.4605,24.8803,23.2852
74.9,-27.1326,-20.4334,9.6748,74.5302,27.4659,24.7735
74.92,-27.0409,-20.5892,8.643,76.9101,34.8414,29.4502
74.93999,-26.9973,-20.6233,8.0761,78.0794,39.7665,32.6852
74.96,-26.956,-20.6346,7.4714,79.2082,45.9812,37.0898
74.98,-26.9047,-20.6237,6.8524,80.1962,53.6965,43.0673
75,-26.8712,-20.5798,6.2028,81.0525,62.9595,50.7516
75.02,-26.8119,-20.4148,4.87,81.9446,85.8473,70.8557
75.04,-26.7846,-20.2925,4.1965,81.8698,98.0922,81.7246
75.06,-26.7637,-20.14,3.5278,81.4884,109.5139,91.8859
75.08,-26.7476,-19.9835,2.8563,80.7799,119.8112,101.131
75.1,-26.7328,-19.8098,2.2022,79.8711,128.4722,108.9729
75.12,-26.7032,-19.4167,0.9592,77.6441,141.2114,119.8795
75.14,-26.6911,-19.2085,0.3775,76.4158,145.5918,123.3251
75.16,-26.6781,-18.9974,-0.1636,75.2039,149.1487,126.1499
75.18,-26.6678,-18.7874,-0.6675,74.013,152.0038,128.3474
75.2,-26.6555,-18.5874,-1.1251,72.8621,154.3937,130.3205
75.22,-26.6309,-18.212,-1.8905,70.6324,158.1096,133.2192
75.24,-26.618,-18.0428,-2.1874,69.7188,159.0961,133.5926
75.25999,-26.6116,-17.8977,-2.4307,69.0258,159.9471,133.9896
75.28,-26.6079,-17.7796,-2.6132,68.4621,160.4256,134.0853
75.3,-26.6093,-17.6935,-2.7379,68.0798,160.8779,134.2556
75.32,-26.6273,-17.6325,-2.8182,67.8187,161.2499,134.3003
75.34,-26.6414,-17.6573,-2.7753,67.9575,161.2319,134.2014
75.36,-26.6635,-17.7196,-2.6796,68.2421,161.1037,134.1596
75.38,-26.6868,-17.8295,-2.5109,68.7715,160.7325,134.054
75.4,-26.7093,-17.9661,-2.2915,69.4235,160.1638,133.7986
75.42,-26.7592,-18.3095,-1.6976,71.1563,158.1903,132.6465
75.43999,-26.7808,-18.51,-1.3175,72.1919,156.7108,131.7239
75.46,-26.8032,-18.7207,-0.8867,73.3424,154.7946,130.507
75.48,-26.8226,-18.9415,-0.4109,74.5494,152.4288,128.9011
75.5,-26.8369,-19.162,0.1087,75.8112,149.0122,126.0242
75.52,-26.8607,-19.6048,1.2542,78.3236,139.9,118.5185
75.54,-26.8665,-19.8135,1.8711,79.4578,133.3142,112.7851
75.56,-26.8669,-20.0149,2.5066,80.4572,125.43,105.8942
75.58,-26.8673,-20.1936,3.1566,81.2436,115.7447,97.2481
75.6,-26.8624,-20.3506,3.8127,81.7209,104.4343,86.9894
75.62,-26.8459,-20.566,5.1319,81.6483,80.3076,65.1332
75.64,-26.8552,-20.6225,5.7654,81.2,69.6388,55.7001
75.66,-26.8488,-20.6526,6.4055,80.4304,60.1808,47.4234
75.68,-26.85,-20.6524,7.0092,79.5305,52.6436,40.9874
75.7,-26.8621,-20.616,7.5935,78.5194,46.1766,35.4951
75.72,-26.9035,-20.5192,8.6408,76.4672,37.0995,28.3298
75.74,-26.9272,-20.4472,9.1153,75.467,33.721,25.7912
75.75999,-26.9546,-20.3637,9.547,74.4926,30.9194,23.7878
75.78,-26.9969,-20.2697,9.9253,73.6314,28.5107,22.0003
75.8,-27.0324,-20.1789,10.2595,72.865,26.6301,20.5183
75.82,-27.0969,-20.0124,10.7853,71.5975,23.8323,18.0342
75.84,-27.1165,-19.9441,10.9809,71.1044,22.9152,17.0135
75.86,-27.1553,-19.8848,11.1151,70.8229,22.0883,16.0419
75.88,-27.181,-19.8612,11.1979,70.6703,21.6108,15.2772
75.9,-27.1934,-19.8539,11.2367,70.579,21.4475,14.6993
75.92,-27.2194,-19.8628,11.1788,70.8816,21.4895,13.598
75.93999,-27.2328,-19.8991,11.0491,71.2478,21.9097,13.2965
75.96,-27.2323,-19.9281,10.8891,71.6537,22.578,13.0651
75.98,-27.2169,-19.9751,10.6895,72.199,23.6056,13.0497
76,-27.2059,-20.031,10.4424,72.8829,24.8112,13.2382
76.02,-27.1922,-20.1869,9.7988,74.5638,28.2186,14.84
76.04,-27.174,-20.2564,9.4331,75.4587,30.3159,16.0129
76.06,-27.1555,-20.3246,9.0233,76.4094,33.0069,17.8433
76.08,-27.137,-20.3883,8.5755,77.3945,36.3575,20.3827
76.1,-27.1181,-20.4309,8.0957,78.3718,40.4644,23.7069
76.12,-27.0672,-20.4609,7.0527,80.1716,51.7881,33.5708
76.14,-27.032,-20.4447,6.5017,80.9129,59.3484,40.4598
76.16,-27.0047,-20.4051,5.9256,81.5667,68.271,48.7373
76.18,-26.9715,-20.348,5.3296,81.9464,78.6009,58.1655
76.2,-26.9372,-20.2647,4.7273,82.0452,89.4751,67.9719
76.22,-26.8507,-20.0352,3.5054,81.4098,111.5235,87.5315
76.24,-26.8117,-19.8831,2.8904,80.6735,120.5279,95.0816
76.25999,-26.7559,-19.7093,2.3029,79.7442,127.8022,100.9173
76.28,-26.7066,-19.5306,1.7286,78.7647,135.0864,107.5438
76.3,-26.6563,-19.3347,1.1728,77.6353,139.8543,111.2461
76.32,-26.5355,-18.933,0.1707,75.3444,146.4437,115.9726
76.34,-26.4723,-18.7396,-0.2766,74.26,148.643,117.4626
76.36,-26.4103,-18.5663,-0.6836,73.121,150.9127,119.6185
76.38,-26.3514,-18.3989,-1.0484,72.0263,153.1166,121.8086
76.4,-26.2921,-18.2435,-1.3697,71.0758,153.7767,121.9872
76.42,-26.176,-17.9956,-1.8561,69.6497,155.0585,122.7583
76.43999,-26.1229,-17.9081,-2.0229,69.1977,155.3921,122.9784
76.46,-26.0772,-17.8488,-2.1423,68.8735,155.5597,123.1571
76.48,-26.0343,-17.8182,-2.21,68.6232,155.5509,123.1833
76.5,-25.9985,-17.8142,-2.2248,68.5221,155.37,123.1257
76.52,-25.9401,-17.8893,-2.1009,68.7918,154.4719,122.7567
76.54,-25.9184,-17.9726,-1.9534,69.1646,153.7613,122.4212
76.56,-25.9015,-18.0792,-1.7628,69.6489,152.8623,121.8949
76.58,-25.8932,-18.2051,-1.528,70.2192,151.7991,121.2157
76.6,-25.8859,-18.3502,-1.2409,70.8926,150.5328,120.2396
76.62,-25.8873,-18.6927,-0.5362,72.502,146.7653,116.7917
76.64,-25.8978,-18.8714,-0.1094,73.501,143.5854,113.624
76.66,-25.9143,-19.0657,0.3635,74.5286,139.7628,109.9928
76.68,-25.9358,-19.2612,0.8741,75.586,135.6299,106.6097
76.7,-25.9673,-19.466,1.4151,76.5881,130.8226,102.8247
76.72,-26.0323,-19.8475,2.6041,78.4523,117.7948,92.1996
76.74,-26.0715,-20.0245,3.2218,79.1385,109.7856,85.4495
76.75999,-26.1115,-20.1884,3.8523,79.609,100.9213,77.8446
76.78,-26.1637,-20.3311,4.4811,79.8594,91.6152,69.9236
76.8,-26.2146,-20.4489,5.1116,79.8439,82.0985,61.7822
76.82,-26.3306,-20.5852,6.3394,79.1357,64.5082,46.8035
76.84,-26.401,-20.6087,6.9153,78.5151,57.1796,40.6364
76.86,-26.458,-20.6008,7.4779,77.7402,50.9456,35.3884
76.88,-26.5307,-20.5643,8.0022,76.9235,45.5573,30.8789
76.9,-26.5851,-20.5143,8.5015,76.0581,41.2162,27.0788
76.92,-26.7371,-20.3753,9.3537,74.4704,34.2902,20.8501
76.93999,-26.8065,-20.3024,9.7191,73.7392,31.6307,18.4075
76.96,-26.885,-20.2328,10.0326,73.1417,29.3935,16.3257
76.98,-26.9484,-20.1586,10.3097,72.5765,27.5127,14.4189
77,-26.9991,-20.0871,10.5472,72.0513,26.0408,12.795
77.02,-27.1106,-19.991,10.8488,71.4622,23.9405,10.2927
77.04,-27.1515,-19.9588,10.9269,71.3329,23.315,9.3901
77.06,-27.1808,-19.9428,10.9609,71.2669,23.0386,8.8408
77.08,-27.2022,-19.9449,10.9459,71.3697,23.0053,8.4179
77.1,-27.2112,-19.9436,10.9067,71.5308,23.0536,7.9232
77.12,-27.2145,-20.0216,10.6266,72.3081,24.3147,8.143
77.14,-27.2026,-20.0752,10.4276,72.8439,25.3349,8.5473
77.16,-27.1868,-20.1329,10.1895,73.4682,26.5801,9.1738
77.18,-27.1518,-20.197,9.9161,74.1483,28.3156,10.2381
77.2,-27.1187,-20.2527,9.6044,74.8881,30.3032,11.6053
77.22,-27.0368,-20.3637,8.8577,76.5184,35.9116,15.7719
77.24,-26.994,-20.3897,8.4467,77.3279,39.3431,18.62
77.25999,-26.9494,-20.4208,7.9949,78.1691,43.6253,22.4515
77.28,-26.8998,-20.433,7.5223,78.9532,48.5908,26.9526
77.3,-26.8452,-20.4297,7.0288,79.6694,54.5003,32.3094
77.32,-26.7246,-20.3953,5.9764,80.6908,69.3918,45.9983
77.34,-26.6711,-20.3475,5.4301,80.9601,77.6595,53.7716
77.36,-26.6126,-20.2955,4.8711,81.0549,86.6227,62.3612
77.38,-26.5547,-20.225,4.3068,80.9376,95.4754,70.8487
77.4,-26.4944,-20.1389,3.736,80.6063,104.0325,78.9903
77.42,-26.3516,-19.8998,2.607,79.3554,118.7801,92.4955
77.43999,-26.2734,-19.7413,2.0571,78.4912,124.671,97.5984
77.46,-26.1911,-19.556,1.524,77.5329,129.6002,101.6439
77.48,-26.1056,-19.354,1.0154,76.5095,133.7143,104.801
77.5,-26.0181,-19.1527,0.5299,75.437,137.0941,107.3704
77.52,-25.8482,-18.7614,-0.3393,73.3894,142.8549,112.2817
77.54,-25.766,-18.5813,-0.7198,72.4089,144.5317,113.3124
77.56,-25.6885,-18.418,-1.0576,71.5054,145.8619,114.1823
77.58,-25.6144,-18.2781,-1.3508,70.6979,146.9543,114.9624
77.6,-25.5448,-18.1613,-1.5964,69.9882,147.7002,115.4351
77.62,-25.4287,-17.9976,-1.9354,68.9936,148.5067,116.0129
77.64,-25.384,-17.9553,-2.0287,68.6763,148.6405,116.1641
77.66,-25.3462,-17.9318,-2.0637,68.5451,148.5749,116.1124
77.68,-25.3174,-17.9366,-2.048,68.5198,148.341,115.9007
77.7,-25.3004,-17.9576,-1.9837,68.6487,147.9576,115.558
77.72,-25.2911,-18.0849,-1.6663,69.3463,146.5111,114.3086
77.74,-25.3045,-18.1835,-1.4346,69.8671,145.5342,113.5612
77.75999,-25.328,-18.3091,-1.1488,70.5311,144.272,112.6794
77.78,-25.3632,-18.4589,-0.8119,71.3178,142.7383,111.6505
77.8,-25.4048,-18.6292,-0.4198,72.2344,140.7363,110.2277
77.82,-25.5172,-19.033,0.4911,74.2531,135.2287,106.2492
77.84,-25.5845,-19.2502,1.0131,75.3445,131.1281,103.1056
77.86,-25.6595,-19.4734,1.5681,76.3975,126.2223,99.3293
77.88,-25.7446,-19.692,2.1498,77.3892,120.5412,95.1003
77.9,-25.8225,-19.8964,2.7689,78.277,113.6695,89.7298
77.92,-26.0084,-20.2557,4.0314,79.5077,97.2088,76.5928
77.93999,-26.1023,-20.3943,4.6772,79.7886,87.8694,68.9483
77.96,-26.1986,-20.512,5.3101,79.8047,78.6077,61.2659
77.98,-26.2962,-20.5919,5.9384,79.5819,69.5636,53.5643
78,-26.3886,-20.6421,6.5554,79.1223,61.2682,46.5101
78.02,-26.5952,-20.6613,7.6931,77.8306,47.6208,35.0593
78.04,-26.695,-20.624,8.2272,77.0127,42.0561,30.4155
78.06,-26.7867,-20.5815,8.72,76.1963,37.5997,26.8096
78.08,-26.8827,-20.5184,9.1718,75.3743,33.7466,23.675
78.1,-26.966,-20.464,9.5776,74.5758,30.8166,21.2875
78.12,-27.1309,-20.2871,10.2589,73.1271,25.8689,16.8258
78.14,-27.1975,-20.2195,10.5234,72.5622,24.2542,15.2719
78.16,-27.268,-20.1515,10.7324,72.0915,22.8606,13.8848
78.18,-27.3161,-20.0883,10.9012,71.7129,21.8074,12.6821
78.2,-27.3713,-20.0404,11.0075,71.4895,20.9682,11.6343
78.22,-27.3982,-19.9914,11.1113,71.2886,20.4755,10.41
78.24,-27.4152,-19.988,11.0856,71.3682,20.404,9.9945
78.25999,-27.4173,-20.0151,11.0178,71.6403,20.8266,10.1196
78.28,-27.4137,-20.0589,10.8766,71.9949,21.3149,10.2825
78.3,-27.3836,-20.1099,10.7144,72.4068,22.2357,10.7364
78.32,-27.3241,-20.2335,10.2422,73.573,24.8233,12.3779
78.34,-27.2759,-20.2905,9.9485,74.2387,26.6145,13.659
78.36,-27.2247,-20.3508,9.6068,75.0203,28.8803,15.3899
78.38,-27.1642,-20.3957,9.2299,75.8185,31.6039,17.3713
78.4,-27.1006,-20.4471,8.8007,76.6883,35.1758,20.0792
78.42,-26.9597,-20.4544,7.8517,78.4136,44.1129,27.0889
78.43999,-26.8836,-20.4282,7.3257,79.2225,50.1191,32.0305
78.46,-26.8208,-20.3698,6.7678,80.0481,57.3064,38.4313
78.48,-26.7534,-20.2868,6.1873,80.6596,65.8633,46.0638
78.5,-26.6875,-20.1859,5.5838,81.0783,75.7958,55.0094
78.52,-26.5578,-19.9243,4.3516,81.1327,96.7247,73.8726
78.54,-26.4907,-19.7687,3.7339,80.707,106.5084,82.6871
78.56,-26.423,-19.5966,3.1288,80.0703,114.9276,90.0882
78.58,-26.3553,-19.4172,2.5341,79.2409,122.1574,96.3411
78.6,-26.294,-19.2394,1.9545,78.3134,129.135,103.0653
78.62,-26.1558,-18.847,0.8865,76.1524,138.3329,111.2415
78.64,-26.0893,-18.6418,0.3972,75.0142,141.6001,113.9136
78.66,-26.0237,-18.4379,-0.057,73.9623,144.115,115.9394
78.68,-25.9584,-18.2494,-0.4615,72.9278,146.0523,117.4673
78.7,-25.8978,-18.0688,-0.8286,71.9871,147.68,118.8005
78.72,-25.7846,-17.7528,-1.4198,70.3213,149.9622,120.4765
78.74,-25.7355,-17.6242,-1.6419,69.6602,150.6002,120.8038
78.75999,-25.692,-17.5418,-1.8138,68.7568,152.9035,123.7058
78.78,-25.6575,-17.4726,-1.9312,68.1101,155.195,126.1529
78.8,-25.6316,-17.428,-1.9944,67.8222,155.765,126.2623
78.82,-25.6116,-17.4375,-1.9572,67.7536,155.712,126.2153
78.84,-25.6103,-17.4917,-1.8526,67.8794,155.4581,125.9861
78.86,-25.6184,-17.5826,-1.6849,68.3251,154.7634,125.3963
78.88,-25.6357,-17.6997,-1.4737,68.956,153.9879,124.7672
78.9,-25.6608,-17.8438,-1.2095,69.6849,153.1175,124.1393
