time,pos_x,pos_y,pos_z,rot_x,rot_y,rot_z
40.18,-23.9756,-15.8457,11.5903,74.7567,28.6488,342.8497
40.2,-23.9324,-15.7606,11.8582,73.9601,27.5588,341.2267
40.22,-23.8923,-15.6901,12.094,73.2502,26.7783,340.0936
40.24,-23.8069,-15.5788,12.4241,72.1722,26.0659,338.7863
40.26,-23.7502,-15.5557,12.5491,71.7655,26.1288,338.6267
40.28,-23.7067,-15.5519,12.6199,71.4596,26.4492,338.7645
40.3,-23.6206,-15.5682,12.6508,71.3279,27.1576,339.262
40.32,-23.5835,-15.5834,12.6258,71.3563,27.6633,339.659
40.34,-23.4378,-15.7181,12.346,72.0218,30.4212,342.2614
40.36,-23.3892,-15.7943,12.1325,72.585,31.9739,343.8963
40.38,-23.3439,-15.8992,11.8691,73.2918,33.9379,346.0422
40.4,-23.3087,-16.0136,11.5609,74.1165,36.2304,348.5646
40.42,-23.275,-16.1447,11.21,75.038,39.0638,351.6286
40.44,-23.2384,-16.3852,10.4935,76.797,45.5291,358.4283
40.46,-23.2291,-16.5332,10.0284,77.8457,50.4686,3.7126
40.48,-23.2181,-16.6913,9.5254,78.8189,56.825,10.4853
40.5,-23.2076,-16.8465,8.8523,79.8821,66.4111,20.6788
40.52,-23.2028,-16.9422,8.2722,80.5316,76.0788,31.0082
40.54,-23.2129,-17.0108,7.018,80.8567,99.1034,56.4094
40.56,-23.212,-16.9875,6.3617,80.4181,110.8526,69.3631
40.58,-23.2206,-16.939,5.8595,79.8515,118.8097,78.1054
40.6,-23.2222,-16.8304,5.0223,78.4739,130.161,90.4503
40.62,-23.2288,-16.7495,4.5201,77.4453,135.7041,96.4964
40.64,-23.2542,-16.4778,3.0723,74.0182,147.555,109.9062
40.66,-23.2711,-16.3576,2.468,72.4092,151.2657,114.1366
40.68,-23.287,-16.2347,1.9009,70.824,154.2582,117.4088
40.7,-23.3103,-16.1054,1.3793,69.3218,156.7186,120.0589
40.72,-23.3298,-16.0125,1.0218,68.2497,158.2831,121.7569
40.74,-23.3966,-15.7678,0.2355,65.8406,161.4081,125.3051
40.76,-23.4429,-15.6358,-0.1231,64.7198,162.7476,126.876
40.78,-23.4787,-15.5597,-0.3394,64.0166,163.5292,127.729
40.8,-23.5068,-15.5157,-0.4577,63.6359,163.9759,128.1617
40.82,-23.5429,-15.4819,-0.5582,63.3109,164.42,128.5511
40.84,-23.6116,-15.5051,-0.57,63.3124,164.7731,128.8074
40.86,-23.6503,-15.58,-0.4554,63.7072,164.6918,128.5593
40.88,-23.6725,-15.653,-0.3319,64.1294,164.5262,128.2022
40.9,-23.6998,-15.7925,-0.0622,65.0137,164.0352,127.371
40.92,-23.7197,-15.9149,0.2227,65.9546,163.4496,126.4824
40.94,-23.7311,-16.2138,0.9608,68.2118,161.4125,123.8713
40.96,-23.7306,-16.3677,1.4145,69.5531,159.8568,122.1408
40.98,-23.7299,-16.5144,1.9209,71.0393,157.788,119.9657
41,-23.7199,-16.652,2.4771,72.6133,155.078,117.0862
41.02,-23.7087,-16.7802,3.0716,74.2286,151.6167,113.4401
41.04,-23.6694,-16.9763,4.3717,77.3997,141.1654,102.4024
41.06,-23.6483,-17.0361,5.0574,78.7945,133.6888,94.5655
41.08,-23.6293,-17.0624,5.5854,79.7021,126.6971,87.2927
41.1,-23.5953,-17.0733,6.4784,80.8206,111.9436,72.0545
41.12,-23.5828,-17.0554,7.0147,81.1829,101.675,61.5374
41.14,-23.5382,-16.9537,8.421,80.7169,74.2001,33.4091
41.16,-23.5249,-16.8517,9.2557,79.5553,60.6482,19.4208
41.18,-23.5117,-16.7737,9.7388,78.6908,54.2147,12.6544
41.2,-23.5,-16.6338,10.491,77.0859,45.8518,3.6374
41.22,-23.4903,-16.5524,10.9037,76.1241,42.2012,359.5766
41.24,-23.4857,-16.2809,11.8805,73.6207,34.524,351.1292
41.26,-23.4878,-16.1068,12.3797,72.2712,31.3917,347.5435
41.28,-23.4985,-16.033,12.6204,71.5811,30.077,346.0028
41.3,-23.5077,-15.8909,12.9639,70.5664,28.165,343.7593
41.32,-23.5208,-15.8298,13.115,70.0993,27.3704,342.815
41.34,-23.5115,-15.7225,13.3681,69.3454,26.2426,341.2384
41.36,-23.5225,-15.7102,13.3676,69.3332,26.1399,341.1309
41.38,-23.5212,-15.7467,13.3147,69.5292,26.3559,341.4148
41.4,-23.5122,-15.8164,13.191,69.9319,27.0013,342.1969
41.42,-23.5138,-15.9007,12.9938,70.5098,27.8924,343.3116
41.44,-23.5125,-16.1006,12.5233,72.0093,30.209,345.8775
41.46,-23.5084,-16.2952,12.0715,73.3718,32.833,348.6019
41.48,-23.5113,-16.3774,11.773,74.236,34.5182,350.3021
41.5,-23.5274,-16.5449,11.2061,75.8114,38.2477,354.1681
41.52,-23.5393,-16.651,10.8292,76.8212,41.1564,357.1608
41.54,-23.5834,-16.9353,9.5549,79.8252,54.4791,10.9328
41.56,-23.5974,-17.0386,8.9302,80.9884,63.8992,20.6165
41.58,-23.6125,-17.1162,8.2738,81.8524,76.3054,33.2318
41.6,-23.6335,-17.1642,7.5919,82.2606,91.1245,48.2899
41.62,-23.6512,-17.184,6.8958,82.1182,106.9131,64.3934
41.64,-23.6999,-17.1305,5.6635,80.6633,129.9121,88.144
41.66,-23.7343,-17.0505,4.7887,78.9231,141.3624,100.2251
41.68,-23.7591,-16.9735,4.2809,77.7813,146.3906,105.6641
41.7,-23.7916,-16.8359,3.4631,75.7041,152.8416,112.6576
41.72,-23.8106,-16.7405,2.996,74.4369,155.75,115.7785
41.74,-23.8657,-16.4552,1.8757,71.2142,161.284,121.758
41.76,-23.8996,-16.3042,1.3932,69.763,163.2178,123.9696
41.78,-23.9338,-16.1566,0.9762,68.4862,164.7673,125.8219
41.8,-23.976,-15.9961,0.5404,67.1281,166.2179,127.6057
41.82,-24.0123,-15.8897,0.2621,66.2406,167.1303,128.7125
41.84,-24.0759,-15.7577,-0.0634,65.1982,168.2488,129.9541
41.86,-24.1165,-15.7228,-0.1698,64.8244,168.7271,130.3198
41.88,-24.1447,-15.7176,-0.1829,64.7984,168.938,130.4437
41.9,-24.1754,-15.7373,-0.1418,64.9395,169.1276,130.4758
41.92,-24.2054,-15.7918,-0.0438,65.2761,169.1904,130.3518
41.94,-24.2619,-16.0269,0.4322,66.8623,168.7734,129.3669
41.96,-24.2716,-16.1705,0.7294,67.8111,168.2692,128.4522
41.98,-24.2819,-16.3124,1.0786,68.9534,167.5521,127.2928
42,-24.2804,-16.4304,1.3739,69.876,166.8453,126.2091
42.02,-24.2672,-16.5909,1.808,71.1869,165.582,124.4006
42.04,-24.2157,-16.8749,2.815,74.1257,161.6611,119.4744
42.06,-24.1605,-17.0267,3.5312,76.0927,157.6619,115.0962
42.08,-24.1202,-17.103,3.9871,77.2833,154.3547,111.5908
42.1,-24.0425,-17.2003,4.7828,79.2017,146.7755,103.7548
42.12,-23.9902,-17.2381,5.2765,80.2503,140.602,97.4231
42.14,-23.8123,-17.2693,6.7988,82.3607,112.1854,68.4752
42.16,-23.7186,-17.2515,7.4767,82.4541,96.5462,52.4369
42.18,-23.6411,-17.1763,8.1486,82.0675,81.2529,36.7728
42.2,-23.5681,-17.0744,8.8139,81.2118,68.1334,23.3187
42.22,-23.5129,-16.993,9.2947,80.3851,60.3183,15.2837
42.24,-23.3736,-16.6741,10.6604,77.3191,44.1806,358.1331
42.26,-23.3293,-16.5013,11.2144,75.8809,39.3882,352.7891
42.28,-23.2927,-16.4036,11.5979,74.8613,36.7775,349.6812
42.3,-23.2452,-16.2219,12.1822,73.2006,33.1419,345.386
42.32,-23.2299,-16.0593,12.5911,71.9935,30.7704,342.4709
42.34,-23.1861,-15.8354,13.1636,70.3058,27.9675,338.6193
42.36,-23.1743,-15.7083,13.4479,69.3819,26.7309,336.8081
42.38,-23.1772,-15.6437,13.5736,69.0158,25.9948,335.8613
42.4,-23.1737,-15.5817,13.7053,68.6106,25.3712,334.9722
42.42,-23.1708,-15.5814,13.7362,68.5403,25.2282,334.7177
42.44,-23.1741,-15.6338,13.6312,68.8846,25.5165,335.0479
42.46,-23.19,-15.7382,13.4492,69.4915,26.2123,335.8588
42.48,-23.1933,-15.809,13.2915,70.0281,26.7891,336.4897
42.5,-23.2022,-15.9806,12.9404,71.172,28.3829,338.282
42.52,-23.2103,-16.0872,12.6859,71.9896,29.5296,339.5902
42.54,-23.2799,-16.4257,11.7258,74.8679,34.2418,345.1544
42.56,-23.3261,-16.581,11.2113,76.283,37.4015,348.8327
42.58,-23.3466,-16.6883,10.8034,77.3758,40.5124,352.3082
42.6,-23.4076,-16.8596,10.0498,79.2283,47.5227,0.0046
42.62,-23.4438,-16.954,9.5638,80.3197,53.3798,6.309
42.64,-23.5813,-17.0713,8.1666,82.6113,76.6659,31.3324
42.66,-23.6635,-17.077,7.4183,83.1361,93.7615,49.8314
42.68,-23.7546,-17.0044,6.4525,82.783,117.3004,74.5801
42.7,-23.8406,-16.8956,5.6588,81.7537,133.0259,91.2249
42.72,-23.9051,-16.805,5.0572,80.6148,142.2562,101.2095
42.74,-24.0888,-16.4588,3.2903,76.2526,159.007,119.8822
42.76,-24.1676,-16.2786,2.5441,74.1369,163.1878,124.8691
42.78,-24.2408,-16.0843,1.8424,72.0467,166.2061,128.6456
42.8,-24.3071,-15.8831,1.193,70.0101,168.4075,131.5362
42.82,-24.3537,-15.7219,0.7468,68.5855,169.7491,133.2056
42.84,-24.4767,-15.2454,-0.348,64.9191,172.4344,136.4658
42.86,-24.5269,-15.0613,-0.7107,63.6469,173.3029,137.5459
42.88,-24.5616,-14.9523,-0.938,62.8428,173.7891,138.2208
42.9,-24.6192,-14.8204,-1.2262,61.819,174.4811,139.2402
42.92,-24.6574,-14.7645,-1.3749,61.2828,174.925,139.8145
42.94,-24.7033,-14.7858,-1.4662,60.9312,175.257,139.8808
42.96,-24.7238,-14.8559,-1.3911,61.1946,175.2762,139.5668
42.98,-24.7309,-14.9336,-1.2752,61.5938,175.1935,139.302
43,-24.731,-15.1005,-0.9742,62.6603,174.8365,138.7985
43.02,-24.7255,-15.2185,-0.7387,63.4854,174.4798,138.4111
43.04,-24.6833,-15.599,0.0917,66.321,172.8444,136.6299
43.06,-24.6481,-15.809,0.6169,68.0492,171.5531,135.1642
43.08,-24.5908,-16.0857,1.3613,70.4138,169.2823,132.5692
43.1,-24.5387,-16.2927,2.0304,72.4845,166.7838,129.8168
43.12,-24.4957,-16.4323,2.5746,74.1198,164.313,127.1803
43.14,-24.3618,-16.7481,4.1602,78.476,153.372,115.8103
43.16,-24.2752,-16.8642,5.2373,81.0041,140.7618,102.8889
43.18,-24.2241,-16.8976,5.9041,82.2752,129.2766,91.1982
43.2,-24.1484,-16.9232,6.8104,83.2765,108.4389,69.9778
43.22,-24.0862,-16.8864,7.7037,83.2432,84.6552,45.7753
43.24,-23.9744,-16.6798,9.4791,80.3995,49.9333,10.2582
43.26,-23.9201,-16.4643,10.5348,77.7875,38.6191,358.3793
43.28,-23.8944,-16.305,11.141,76.1029,33.8867,353.1633
43.3,-23.8603,-16.1046,11.9006,73.8598,29.1967,347.9036
43.32,-23.8534,-15.8393,12.6106,71.6548,25.6235,343.7111
43.34,-23.8549,-15.3238,13.8265,67.677,20.9902,338.1335
43.36,-23.8306,-15.094,14.3373,66.0093,19.6515,336.2691
43.38,-23.8513,-14.8106,14.8443,64.1948,18.2152,334.2424
43.4,-23.8669,-14.6282,15.1615,63.06,17.4577,333.2592
43.42,-23.8717,-14.5115,15.353,62.3761,17.0362,332.6897
43.44,-23.8904,-14.3586,15.6304,61.45,16.4831,331.8047
43.46,-23.9116,-14.3408,15.6492,61.371,16.3905,331.7
43.48,-23.9215,-14.3824,15.6064,61.5824,16.4339,331.6985
43.5,-23.9388,-14.5174,15.4406,62.2711,16.6917,332.1559
43.52,-23.9545,-14.6543,15.2694,62.9618,17.0043,332.6637
43.54,-24.0041,-15.1292,14.5144,65.8998,18.2299,334.2266
43.56,-24.0267,-15.372,14.0556,67.5845,19.1722,335.3037
43.58,-24.0518,-15.5745,13.6597,69.0136,20.0508,336.3566
43.6,-24.09,-15.8909,12.922,71.5362,21.952,338.4648
43.62,-24.127,-16.0947,12.4167,73.2041,23.5883,340.3287
43.64,-24.2114,-16.5656,10.9119,77.8847,30.5354,347.9157
43.66,-24.2655,-16.7419,10.0763,80.2555,36.9636,354.7995
43.68,-24.3282,-16.8951,8.9711,82.9703,51.5009,10.056
43.7,-24.3585,-16.9617,8.2785,84.2404,67.1497,26.1419
43.72,-24.4035,-16.9858,7.3414,84.9355,96.6615,56.2907
43.74,-24.4741,-16.8597,5.4589,82.2614,143.5376,104.5024
43.76,-24.4863,-16.7407,4.5452,79.9245,153.7417,115.4522
43.78,-24.4952,-16.5762,3.6624,77.4926,159.7246,122.21
43.8,-24.496,-16.3441,2.6167,74.4064,164.1741,127.7803
43.82,-24.4874,-16.1878,2.0321,72.6227,165.8973,130.1074
43.84,-24.4376,-15.684,0.4901,67.6324,168.8354,134.2567
43.86,-24.4114,-15.5162,0.0608,66.1832,169.3435,135.0202
43.88,-24.366,-15.2373,-0.5492,64.0955,169.9181,135.967
43.9,-24.3364,-15.0867,-0.8513,63.0386,170.0948,136.3816
43.92,-24.2976,-14.9086,-1.1796,61.8632,170.2225,136.8895
43.94,-24.2154,-14.6772,-1.5896,60.3682,170.0833,137.4002
43.96,-24.1721,-14.6286,-1.6709,60.0452,169.8618,137.3032
43.98,-24.1314,-14.6257,-1.6723,60.024,169.5591,137.0445
44,-24.084,-14.6851,-1.5708,60.3539,169.0533,136.5591
44.02,-24.0531,-14.7627,-1.4368,60.8267,168.5904,136.0785
44.04,-23.9825,-15.0657,-0.8728,62.7346,167.0327,134.2063
44.06,-23.9414,-15.3191,-0.3676,64.3925,165.663,132.4306
44.08,-23.9197,-15.4828,-0.0061,65.5648,164.633,131.0921
44.1,-23.884,-15.7698,0.69,67.7489,162.4367,128.2758
44.12,-23.8667,-15.9426,1.1607,69.1919,160.7437,126.216
44.14,-23.8264,-16.3797,2.6014,73.348,154.0859,118.6146
44.16,-23.8038,-16.6071,3.6232,76.0463,147.3407,111.3313
44.18,-23.7902,-16.7276,4.2707,77.5843,141.7111,105.4545
44.2,-23.7755,-16.8901,5.3882,79.8276,128.3945,91.8005
44.22,-23.7696,-16.9773,6.3029,81.0762,113.3266,76.4234
44.24,-23.7515,-17.0232,8.1608,81.1246,76.6276,39.0657
44.26,-23.7525,-16.9769,9.0738,79.9476,61.4311,23.7028
44.28,-23.7638,-16.9074,9.7433,78.7199,52.3926,14.6942
44.3,-23.7924,-16.7928,10.5988,76.8467,43.3742,5.8218
44.32,-23.8201,-16.6373,11.4202,74.8238,36.8323,359.2095
44.34,-23.9048,-16.2418,13.0364,70.4186,27.7332,349.5698
44.36,-23.9719,-16.0617,13.6364,68.6577,25.049,346.6657
44.38,-24.0068,-15.9115,14.051,67.4517,23.3552,344.6852
44.4,-24.0587,-15.7466,14.53,66.0319,21.6402,342.5779
44.42,-24.1269,-15.5861,14.9191,64.8052,20.0627,340.7144
44.44,-24.2458,-15.3384,15.4675,63.1308,17.7899,337.7287
44.46,-24.3216,-15.2419,15.6408,62.6043,16.7634,336.3398
44.48,-24.3753,-15.2295,15.6798,62.5189,16.2544,335.5251
44.5,-24.425,-15.2382,15.6508,62.6436,15.9076,335.0305
44.52,-24.4414,-15.3175,15.5474,63.0857,15.9629,335.0284
44.54,-24.4719,-15.5798,15.0559,64.8344,16.5947,335.934
44.56,-24.4744,-15.7247,14.7897,65.7738,17.1796,336.7492
44.58,-24.4788,-15.9129,14.3691,67.2021,18.1141,337.9655
44.6,-24.4878,-16.1816,13.7188,69.3184,19.8433,340.1447
44.62,-24.4944,-16.3785,13.1196,71.1902,21.6212,342.3319
44.64,-24.5207,-16.6861,11.9063,74.8041,26.1376,347.7322
44.66,-24.5377,-16.8971,10.9285,77.5438,31.5972,354.0172
44.68,-24.5557,-17.01,10.2998,79.2132,36.3593,359.3755
44.7,-24.595,-17.1643,9.1919,81.8909,49.07,13.0361
44.72,-24.6169,-17.2214,8.5017,83.1961,61.4097,25.9205
44.74,-24.6915,-17.1843,6.3664,83.7708,118.7642,85.4278
44.76,-24.7094,-17.1062,5.6481,82.6319,133.7538,101.0445
44.78,-24.7299,-16.9386,4.4638,79.9617,149.3748,117.9889
44.8,-24.7424,-16.7577,3.5432,77.5505,156.5376,126.2433
44.82,-24.7463,-16.6015,2.8757,75.676,160.1316,130.5478
44.84,-24.7417,-16.1294,1.2241,70.7288,165.9433,137.8676
44.86,-24.7357,-15.8759,0.4905,68.397,167.6615,140.3066
44.88,-24.727,-15.6188,-0.171,66.2479,168.9257,142.3764
44.9,-24.713,-15.3132,-0.8907,63.8227,170.0001,144.4698
44.92,-24.6989,-15.0841,-1.3739,62.1436,170.5825,145.7484
44.94,-24.6722,-14.7425,-2.0228,59.8018,171.1493,146.9903
44.96,-24.6512,-14.5948,-2.2727,58.8393,171.3055,147.178
44.98,-24.6351,-14.4885,-2.4399,58.1864,171.3913,147.2584
45,-24.6176,-14.4284,-2.5354,57.7905,171.4134,147.1917
45.02,-24.6102,-14.434,-2.5357,57.7784,171.3862,147.0859
45.04,-24.5897,-14.5949,-2.3321,58.5366,171.0623,146.1562
45.06,-24.5732,-14.8004,-2.0373,59.5601,170.6517,145.0049
45.08,-24.5609,-14.9498,-1.8029,60.3773,170.2992,144.1235
45.1,-24.5422,-15.2378,-1.3166,62.0402,169.5246,142.4284
45.12,-24.5287,-15.4338,-0.9676,63.2123,168.8831,141.243
45.14,-24.4785,-15.9972,0.1723,66.9063,166.308,137.2597
45.16,-24.4345,-16.3526,1.0303,69.5411,163.6577,133.6487
45.18,-24.4032,-16.5582,1.596,71.2112,161.5442,130.9938
45.2,-24.3484,-16.8773,2.6126,74.0752,156.6558,125.3626
45.22,-24.3104,-17.0451,3.2565,75.7708,152.563,120.8226
45.24,-24.1829,-17.3915,5.0734,79.7649,134.6489,101.4899
45.26,-24.0953,-17.5167,6.2492,81.3776,115.7451,81.6689
45.28,-24.0357,-17.5599,6.9617,81.7662,101.6872,67.1254
45.3,-23.9734,-17.5659,7.905,81.5148,82.322,47.3841
45.32,-23.8745,-17.5265,9.0637,80.0172,63.1052,27.4649
45.34,-23.7528,-17.3226,10.8107,76.3471,44.3217,8.0927
45.36,-23.7064,-17.1621,11.617,74.302,38.5815,2.0377
45.38,-23.6741,-16.9805,12.3558,72.284,34.3829,357.4554
45.4,-23.6419,-16.8439,12.8735,70.8675,32.0672,354.7191
45.42,-23.6311,-16.5796,13.6393,68.5866,28.7561,350.875
45.44,-23.632,-16.2268,14.5076,65.949,25.5787,347.2135
45.46,-23.6511,-15.9928,14.978,64.455,23.8673,345.3969
45.48,-23.6563,-15.8873,15.1938,63.7937,23.1891,344.4693
45.5,-23.6806,-15.7197,15.4488,62.9545,22.2388,343.116
45.52,-23.7006,-15.6316,15.5603,62.5938,21.724,342.3533
45.54,-23.7402,-15.6117,15.5453,62.7252,21.3115,341.6306
45.56,-23.757,-15.6646,15.4391,63.1207,21.3964,341.6159
45.58,-23.7783,-15.7878,15.2257,63.9119,21.7439,341.8919
45.6,-23.7917,-15.9412,14.9588,64.8573,22.3549,342.4732
45.62,-23.8178,-16.0782,14.7012,65.758,22.89,343.001
45.64,-23.8411,-16.478,13.8353,68.6978,25.4014,345.203
45.66,-23.8981,-16.7419,13.1406,70.8983,27.6296,347.3722
45.68,-23.9312,-16.9496,12.5198,72.8034,30.095,349.7823
45.7,-23.9821,-17.1386,11.8376,74.8048,33.2598,353.0672
45.72,-24.0394,-17.3042,11.1086,76.8224,37.5412,357.5988
45.74,-24.1464,-17.5428,9.7228,80.3388,50.1269,10.6294
45.76,-24.2449,-17.6405,8.6634,82.4291,65.9879,26.9845
45.78,-24.3173,-17.6866,7.7884,83.4585,85.8791,47.3467
45.8,-24.3991,-17.672,6.9004,83.5264,108.9934,70.9765
45.82,-24.4685,-17.6326,6.0095,82.538,129.3286,91.9575
45.84,-24.6081,-17.4524,4.2633,78.8948,152.4219,117.1609
45.86,-24.6655,-17.3304,3.4209,76.705,158.2603,124.0328
45.88,-24.7046,-17.216,2.8143,75.0536,161.3245,127.8118
45.9,-24.7458,-17.0398,2.0479,72.8776,164.2567,131.6115
45.92,-24.7802,-16.8389,1.3365,70.7726,166.3481,134.6019
45.94,-24.8301,-16.3799,0.1099,66.9343,169.0232,138.7102
45.96,-24.8472,-16.0747,-0.5012,64.9068,170.1121,140.1567
45.98,-24.8521,-15.8446,-0.8979,63.526,170.7228,140.8607
46,-24.8623,-15.6286,-1.2141,62.4415,171.2571,141.5593
46.02,-24.8662,-15.4927,-1.4003,61.7885,171.5826,141.9448
46.04,-24.8731,-15.2552,-1.7025,60.7249,172.2576,142.7579
46.06,-24.8717,-15.2121,-1.7533,60.5402,172.452,142.8499
46.08,-24.8646,-15.2216,-1.7386,60.5807,172.5011,142.6799
46.1,-24.8498,-15.2923,-1.6328,60.9559,172.3573,142.2294
46.12,-24.8341,-15.3825,-1.4937,61.4167,172.1171,141.7398
46.14,-24.7769,-15.6905,-0.9455,63.2677,170.9721,139.8838
46.16,-24.7383,-15.8855,-0.5591,64.5347,170.0615,138.5971
46.18,-24.6816,-16.1511,0.0286,66.4149,168.4721,136.5014
46.2,-24.6281,-16.3785,0.5798,68.1269,166.733,134.444
46.22,-24.5852,-16.5502,1.0386,69.5278,165.072,132.646
46.24,-24.4406,-17.0276,2.6334,74.1018,157.2159,124.5139
46.26,-24.3618,-17.209,3.4324,76.1357,151.5365,118.6108
46.28,-24.302,-17.3231,4.0594,77.6081,145.9097,112.7143
46.3,-24.1983,-17.4826,5.143,79.7104,133.1176,99.3409
46.32,-24.1315,-17.5543,5.8097,80.6634,122.9261,88.7305
46.34,-23.954,-17.6328,7.8468,81.2619,84.1164,49.0183
46.36,-23.888,-17.5909,8.7475,80.312,68.4203,33.0322
46.38,-23.8331,-17.5331,9.416,79.2277,59.1237,23.4018
46.4,-23.7805,-17.4238,10.2713,77.5156,49.5847,13.3853
46.42,-23.7216,-17.2431,11.2926,75.148,41.1824,4.3142
46.44,-23.6818,-16.9232,12.5854,71.7972,33.3597,355.5848
46.46,-23.6605,-16.6545,13.4147,69.4763,29.5572,351.2681
46.48,-23.672,-16.4912,13.8536,68.2074,27.6585,349.0934
46.5,-23.687,-16.2162,14.5102,66.2255,25.1024,346.289
46.52,-23.7033,-16.0581,14.844,65.2,23.9058,344.8052
46.54,-23.757,-15.687,15.5408,62.9879,21.5009,341.8217
46.56,-23.7991,-15.5154,15.8228,62.0723,20.4438,340.5972
46.58,-23.8258,-15.4383,15.9352,61.6861,19.9703,340.0126
46.6,-23.8634,-15.357,16.0413,61.3727,19.4085,339.25
46.62,-23.8905,-15.3587,16.0353,61.4129,19.2494,339.0209
46.64,-23.9597,-15.4713,15.863,62.1275,19.1613,338.7221
46.66,-23.9875,-15.6008,15.6604,62.8799,19.4261,338.899
46.68,-24.0173,-15.8573,15.3103,64.2095,20.1766,339.6429
46.7,-24.047,-16.0425,14.9539,65.4256,20.8873,340.442
46.72,-24.0761,-16.2032,14.6358,66.5133,21.5642,341.19
46.74,-24.1419,-16.6884,13.4546,70.351,24.8878,344.6991
46.76,-24.1694,-16.8537,12.9819,71.8039,26.5558,346.5721
46.78,-24.212,-17.0545,12.3082,73.7976,29.2527,349.688
46.8,-24.282,-17.2849,11.3862,76.3934,33.9112,355.0008
46.82,-24.3329,-17.3976,10.7976,77.9418,37.7099,359.2738
46.84,-24.4618,-17.6392,9.116,81.8217,55.8972,19.1947
46.86,-24.5552,-17.6923,7.9996,83.4737,77.7594,42.4649
46.88,-24.6016,-17.6812,7.3301,83.8376,94.9848,60.5932
46.9,-24.6875,-17.6187,6.1908,83.1029,123.3963,90.5492
46.92,-24.7339,-17.549,5.5127,82.0235,136.0636,104.1126
46.94,-24.8391,-17.2919,3.7501,77.9866,155.3513,125.2745
46.96,-24.8925,-17.0853,2.7145,75.2019,161.4456,132.5468
46.98,-24.9183,-16.9435,2.1283,73.5415,163.9772,135.7255
47,-24.9451,-16.738,1.3949,71.3828,166.4143,138.9021
47.02,-24.9699,-16.4532,0.5731,68.8666,168.5282,141.8396
47.04,-24.9777,-16.0297,-0.3784,65.783,170.2941,144.2601
47.06,-24.9745,-15.7385,-0.9082,63.9821,171.0836,145.4
47.08,-24.9702,-15.5846,-1.1695,63.0704,171.4129,145.9165
47.1,-24.9635,-15.4113,-1.4526,62.0817,171.7683,146.5799
47.12,-24.9556,-15.2578,-1.7085,61.1829,172.0859,147.3535
47.14,-24.9253,-15.1663,-1.8894,60.5192,172.1934,147.4203
47.16,-24.9032,-15.1824,-1.8709,60.5476,172.1087,146.9409
47.18,-24.8888,-15.2178,-1.814,60.7293,171.9746,146.4302
47.2,-24.8562,-15.339,-1.6026,61.4167,171.6057,145.4096
47.22,-24.8351,-15.4421,-1.4247,61.9907,171.2784,144.7364
47.24,-24.7558,-15.8636,-0.6557,64.4942,169.5981,141.711
47.26,-24.7192,-16.0362,-0.3221,65.544,168.7408,140.2107
47.28,-24.6688,-16.2779,0.1759,67.0909,167.285,137.7269
47.3,-24.608,-16.5264,0.7419,68.7751,165.429,134.665
47.32,-24.5464,-16.77,1.378,70.6206,163.0839,131.3524
47.34,-24.3875,-17.2553,3.0451,75.0996,154.7015,121.3393
47.36,-24.3074,-17.425,3.8742,77.0939,148.6063,114.4342
47.38,-24.245,-17.5353,4.5219,78.4957,142.5167,107.6909
47.4,-24.161,-17.649,5.4212,80.1693,131.5042,95.9804
47.42,-24.0797,-17.7365,6.3404,81.3607,116.4735,80.5211
47.44,-23.9126,-17.7817,8.2222,81.3562,79.3688,42.8581
47.46,-23.8366,-17.7272,9.1586,80.1299,63.9178,26.9379
47.48,-23.7463,-17.6188,10.2912,77.9426,50.548,13.0071
47.5,-23.7045,-17.5195,10.9466,76.4822,44.7603,6.9163
47.52,-23.6532,-17.3162,11.9854,73.9373,37.5484,359.1634
47.54,-23.6256,-16.9628,13.2955,70.4462,30.6543,351.7303
47.56,-23.6295,-16.6709,14.1133,68.1237,27.1577,347.908
47.58,-23.6414,-16.4214,14.6926,66.4027,24.9279,345.3496
47.6,-23.672,-16.2101,15.1867,64.91,23.1262,343.2458
47.62,-23.6926,-16.0429,15.5196,63.8625,21.9885,341.843
47.64,-23.7429,-15.6898,16.1999,61.7191,19.691,338.9867
47.66,-23.7545,-15.5411,16.4753,60.8585,18.8856,337.7984
47.68,-23.7675,-15.4879,16.5791,60.5501,18.5844,337.202
47.7,-23.7809,-15.4275,16.6628,60.2589,18.243,336.5529
47.72,-23.7774,-15.4391,16.6598,60.3333,18.2168,336.3197
47.74,-23.7668,-15.5692,16.4487,61.0951,18.6735,336.5029
47.76,-23.7389,-15.7005,16.2405,61.8377,19.2622,336.8615
47.78,-23.7255,-15.8809,15.9481,62.8337,20.0757,337.5452
47.8,-23.696,-16.118,15.4853,64.3709,21.3531,338.5892
47.82,-23.6849,-16.2847,15.1434,65.4836,22.3946,339.5451
47.84,-23.6398,-16.7314,14.0507,68.8466,26.1624,343.478
47.86,-23.6302,-17.009,13.2346,71.2202,29.4727,347.3932
47.88,-23.6415,-17.1665,12.6949,72.7222,31.8603,350.3147
47.9,-23.6631,-17.3509,11.9298,74.755,35.8337,354.9592
47.92,-23.6958,-17.5274,11.108,76.8666,41.4157,1.1783
47.94,-23.7943,-17.7561,9.3292,80.674,60.5146,21.1651
47.96,-23.8756,-17.8161,8.1515,82.2502,81.7443,42.6389
47.98,-23.9239,-17.8232,7.4333,82.5225,97.7454,58.7534
48,-23.9958,-17.7862,6.4777,82.009,118.5651,79.7878
48.02,-24.0709,-17.7023,5.5348,80.6608,134.8223,96.366
48.04,-24.2198,-17.4297,3.7315,76.7292,153.5659,116.4171
48.06,-24.2997,-17.1834,2.6946,74.0273,159.6737,123.2888
48.08,-24.3425,-17.016,2.1109,72.3976,162.2023,126.2428
48.1,-24.401,-16.7088,1.2252,69.8032,165.2266,129.9577
48.12,-24.4388,-16.5103,0.7463,68.3827,166.5611,131.8273
48.14,-24.5102,-16.0169,-0.3285,64.9947,168.9497,135.4984
48.16,-24.5451,-15.7444,-0.8496,63.2863,169.868,136.9328
48.18,-24.562,-15.6059,-1.1052,62.4318,170.2756,137.5781
48.2,-24.5918,-15.4218,-1.4393,61.3035,170.8183,138.5908
48.22,-24.6065,-15.3371,-1.5782,60.8372,171.0887,139.0659
48.24,-24.6332,-15.2607,-1.7605,60.2145,171.4261,139.7135
48.26,-24.643,-15.3022,-1.7285,60.3466,171.4427,139.7143
48.28,-24.646,-15.3566,-1.6623,60.5953,171.3566,139.5947
48.3,-24.6413,-15.5214,-1.4272,61.4139,170.9943,139.1241
48.32,-24.6334,-15.6406,-1.2393,62.0703,170.6697,138.7103
48.34,-24.58,-16.1082,-0.4382,64.7265,168.8802,136.4707
48.36,-24.5538,-16.2862,-0.0933,65.8533,168.0135,135.4058
48.38,-24.5112,-16.5359,0.4234,67.4741,166.4758,133.5576
48.4,-24.4461,-16.8494,1.1547,69.6599,163.914,130.5514
48.42,-24.4016,-17.0197,1.6456,71.0838,161.9321,128.2652
48.44,-24.256,-17.4327,3.1126,74.9486,153.8538,119.4169
48.46,-24.1641,-17.6181,4.1291,77.3605,145.8386,110.9792
48.48,-24.1051,-17.7052,4.7637,78.6722,139.3389,104.1239
48.5,-24.0345,-17.7857,5.6319,80.1787,128.0626,92.2847
48.52,-23.9601,-17.8348,6.5167,81.1996,113.477,77.0295
48.54,-23.8334,-17.8381,8.2925,81.2143,79.4337,41.6352
48.56,-23.7835,-17.7799,9.166,80.2149,64.87,26.4782
48.58,-23.7473,-17.6853,10.0111,78.7922,53.7242,14.8036
48.6,-23.7142,-17.4953,11.0243,76.6328,43.5943,4.0416
48.62,-23.6978,-17.3553,11.6054,75.2436,39.1295,359.3001
48.64,-23.7048,-16.8814,13.1546,71.1086,29.9973,349.6419
48.66,-23.7187,-16.6613,13.7451,69.3816,27.3665,346.9516
48.68,-23.7563,-16.4153,14.2679,67.7279,25.1619,344.7635
48.7,-23.7799,-16.2292,14.7125,66.3592,23.5112,343.1086
48.72,-23.81,-16.0744,14.9952,65.4216,22.4559,342.0681
48.74,-23.9017,-15.7498,15.5711,63.5159,20.3584,339.8383
48.76,-23.9271,-15.6902,15.674,63.1775,19.9273,339.2668
48.78,-23.974,-15.5801,15.7665,62.8269,19.3355,338.5015
48.8,-23.9903,-15.6038,15.7524,62.9234,19.2607,338.3175
48.82,-23.9977,-15.6364,15.705,63.1313,19.2801,338.2668
48.84,-24.0475,-15.8647,15.3332,64.419,19.8401,338.8553
48.86,-24.0698,-16.0946,14.9496,65.7623,20.7237,339.9066
48.88,-24.0838,-16.231,14.6716,66.6702,21.423,340.8113
48.9,-24.0924,-16.4399,14.2289,68.1177,22.7101,342.417
48.92,-24.1113,-16.6554,13.7107,69.7149,24.3409,344.5815
48.94,-24.1779,-17.0195,12.4766,73.3067,28.8595,350.8403
48.96,-24.2326,-17.2205,11.5751,75.7353,33.3571,356.5935
48.98,-24.2725,-17.3234,10.989,77.2504,37.0522,1.0092
49,-24.352,-17.4525,9.9388,79.7508,46.1157,11.0334
49.02,-24.413,-17.5135,9.2619,81.1576,54.388,19.7873
49.04,-24.5871,-17.4977,7.3725,83.4577,92.4562,58.8467
49.06,-24.7093,-17.3902,6.1437,82.8456,122.5095,89.5165
49.08,-24.7906,-17.2856,5.4014,81.7094,136.477,103.8771
49.1,-24.9396,-17.0373,4.1835,79.1531,152.0064,120.1537
49.12,-25.0261,-16.8658,3.4677,77.3558,157.9796,126.5821
49.14,-25.2489,-16.3161,1.6963,72.4474,167.5808,137.576
49.16,-25.3805,-15.944,0.7083,69.456,170.9264,141.8947
49.18,-25.4551,-15.7168,0.1685,67.771,172.3788,143.9881
49.2,-25.5637,-15.3508,-0.6263,65.1816,174.2028,146.7434
49.22,-25.6207,-15.1466,-1.0377,63.8011,175.0072,148.0223
49.24,-25.7609,-14.6636,-1.8851,60.8768,176.6632,150.7191
49.26,-25.8327,-14.4522,-2.2289,59.638,177.3873,151.9841
49.28,-25.869,-14.3638,-2.3665,59.1312,177.757,152.5955
49.3,-25.9109,-14.2995,-2.4764,58.7134,178.1255,153.1296
49.32,-25.9456,-14.2864,-2.4971,58.6293,178.4247,153.4145
49.34,-25.9758,-14.4362,-2.2897,59.3557,178.5779,153.0431
49.36,-25.9742,-14.6528,-1.9627,60.5363,178.3808,152.3071
49.38,-25.9605,-14.811,-1.7067,61.442,178.1274,151.6842
49.4,-25.9331,-15.0502,-1.29,62.9201,177.5997,150.6334
49.42,-25.8729,-15.3928,-0.6431,65.1361,176.5546,148.8556
49.44,-25.7547,-15.91,0.4779,68.8236,174.0745,145.4137
49.46,-25.6623,-16.2139,1.2273,71.1474,171.8915,142.7198
49.48,-25.5647,-16.49,2.0472,73.6489,168.7959,139.1193
49.5,-25.4459,-16.7509,2.9327,76.1722,164.2922,134.0191
49.52,-25.2777,-17.0313,4.1148,79.255,155.1549,124.1943
49.54,-24.9879,-17.3406,6.1178,83.0368,123.7359,91.5918
49.56,-24.8651,-17.4297,6.8869,83.4707,104.9132,72.3618
49.58,-24.7207,-17.4721,7.9166,82.9696,79.2369,46.1515
49.6,-24.5264,-17.4711,9.1889,80.8568,56.893,23.1316
49.62,-24.4112,-17.4346,9.9315,79.1815,48.5589,14.3749
49.64,-24.1379,-17.1327,11.8096,74.2266,35.6271,0.6662
49.66,-24.001,-16.8397,12.865,71.1407,31.0305,355.9985
49.68,-23.917,-16.5676,13.6268,68.7576,28.3832,353.3631
49.7,-23.827,-16.2607,14.3346,66.5124,26.34,351.1873
49.72,-23.7863,-16.0386,14.8015,64.9375,25.1277,349.8782
49.74,-23.6871,-15.4705,15.8502,61.401,22.6675,346.7397
49.76,-23.6546,-15.1813,16.3399,59.7175,21.5803,345.2694
49.78,-23.6322,-14.9735,16.6413,58.6823,20.8554,344.067
49.8,-23.6381,-14.8401,16.8417,57.9922,20.3338,342.9762
49.82,-23.6231,-14.7453,16.9767,57.6019,20.0062,341.8823
49.84,-23.6298,-14.7087,17.017,57.6088,19.6594,340.2156
49.86,-23.6391,-14.8009,16.9129,58.1796,19.7211,339.331
49.88,-23.6447,-14.903,16.7772,58.7093,19.8455,338.8796
49.9,-23.651,-15.1461,16.4666,59.9332,20.3666,338.7425
49.92,-23.6652,-15.3467,16.2115,60.9138,20.8563,338.9918
49.94,-23.7023,-15.9318,15.1909,64.5054,22.9108,341.0912
49.96,-23.7251,-16.1535,14.7466,65.9891,23.9621,342.4037
49.98,-23.7525,-16.4413,14.089,68.0387,25.7711,344.6595
50,-23.7946,-16.7174,13.3534,70.2888,27.9991,347.4205
50.02,-23.8516,-17.0538,12.3241,73.2613,32.1576,352.2294
50.04,-23.9536,-17.4577,10.7071,77.5232,42.2104,3.1942
50.06,-24.0309,-17.678,9.449,80.2909,55.488,17.5216
50.08,-24.0829,-17.7564,8.6637,81.6045,67.4518,30.271
50.1,-24.1457,-17.801,7.5874,82.5606,89.302,53.0701
50.12,-24.2109,-17.7578,6.2195,81.882,118.7872,83.5663
50.14,-24.2886,-17.5032,4.3214,78.3898,144.6525,110.9696
50.16,-24.3231,-17.2713,3.2747,75.8226,152.5887,119.859
50.18,-24.3468,-17.0056,2.2655,73.1094,157.735,125.9145
50.2,-24.3587,-16.6306,1.081,69.6568,161.9292,131.0358
50.22,-24.354,-16.3999,0.4197,67.5992,163.6047,133.1775
50.24,-24.3386,-15.6763,-1.1003,62.6501,166.6458,136.7589
50.26,-24.32,-15.2298,-1.8635,59.9617,167.7637,138.004
50.28,-24.3063,-14.9811,-2.2482,58.552,168.2669,138.6168
50.3,-24.2883,-14.6106,-2.7716,56.6124,168.9504,139.6097
50.32,-24.2749,-14.372,-3.0924,55.3937,169.3363,140.2178
50.34,-24.2473,-14.0726,-3.4749,53.9077,169.7748,140.6888
50.36,-24.2328,-14.019,-3.5392,53.6381,169.854,140.4933
50.38,-24.223,-14.0189,-3.5293,53.6538,169.8649,140.2368
50.4,-24.2088,-14.0944,-3.4185,54.0537,169.7784,139.6294
50.42,-24.198,-14.2382,-3.2105,54.8184,169.5919,138.891
50.44,-24.1798,-14.6131,-2.6564,56.8529,168.9782,137.2066
50.46,-24.1655,-14.9592,-2.09,58.8822,168.2242,135.6801
50.48,-24.1564,-15.1879,-1.6831,60.3026,167.5865,134.5372
50.5,-24.1383,-15.5895,-0.8952,62.9455,166.1689,132.102
50.52,-24.1223,-15.8402,-0.3581,64.6663,165.0297,130.23
50.54,-24.0775,-16.4899,1.2989,69.7175,160.3535,123.7328
50.56,-24.0437,-16.8568,2.4877,73.0592,155.3914,117.8262
50.58,-24.011,-17.0631,3.2498,75.0233,151.121,113.0505
50.6,-23.9803,-17.2823,4.3084,77.5815,143.0762,104.368
50.62,-23.9294,-17.4884,5.3967,79.689,131.0189,91.6438
50.64,-23.8424,-17.6911,7.6427,81.6407,91.9661,51.3363
50.66,-23.788,-17.7015,9.0409,80.513,66.7158,25.6597
50.68,-23.7612,-17.6477,9.8621,79.1615,55.3904,14.0377
50.7,-23.7265,-17.4786,11.1735,76.3915,42.3854,0.5833
50.72,-23.7245,-17.3067,11.9228,74.5599,36.9178,354.9287
50.74,-23.7335,-16.7452,13.726,69.6399,27.5459,344.9624
50.76,-23.7658,-16.4109,14.5097,67.3192,24.3531,341.6594
50.78,-23.8073,-16.0614,15.208,65.1075,21.9303,339.2231
50.8,-23.8493,-15.6979,15.8286,63.046,19.9308,337.1809
50.82,-23.9053,-15.3629,16.3565,61.1908,18.3371,335.6584
50.84,-24.0016,-14.7688,17.1496,58.2457,16.0663,333.2361
50.86,-24.0508,-14.5089,17.4729,57.0475,15.1232,332.2225
50.88,-24.0941,-14.3841,17.5925,56.5151,14.6866,331.4817
50.9,-24.1183,-14.2731,17.6939,56.0834,14.318,330.983
50.92,-24.1312,-14.2525,17.7098,56.0409,14.2081,330.7206
50.94,-24.1359,-14.4041,17.5247,56.7507,14.4773,331.0995
50.96,-24.126,-14.6698,17.2071,58.0074,15.0621,331.9209
50.98,-24.0886,-14.9325,16.8883,59.2645,15.8554,332.848
51,-24.0749,-15.1342,16.5813,60.3231,16.5358,333.7107
51.02,-24.0386,-15.4652,16.0935,62.041,17.8065,335.3897
51.04,-23.9984,-16.2031,14.6477,66.835,21.5619,340.628
51.06,-23.9808,-16.5198,13.8579,69.2578,24.1187,343.886
51.08,-23.9823,-16.7394,13.2072,71.1765,26.4692,346.8749
51.1,-24.0151,-17.0642,12.0103,74.5033,31.7658,353.3272
51.12,-24.0531,-17.2817,10.9631,77.25,38.4124,0.7159
51.14,-24.1543,-17.4941,8.9742,81.564,61.0006,24.3399
51.16,-24.2569,-17.4905,7.4648,83.0772,92.1112,56.4244
51.18,-24.3122,-17.43,6.548,82.7422,113.8264,78.6459
51.2,-24.3952,-17.2797,5.3056,80.95,136.3629,102.1505
51.22,-24.4711,-17.0585,4.115,78.3597,149.8984,116.4672
51.24,-24.6143,-16.485,1.7937,72.0689,163.2234,131.2104
51.26,-24.6663,-16.147,0.7264,68.8209,166.6635,135.3044
51.28,-24.7235,-15.7714,-0.2539,65.7162,169.0658,138.6646
51.3,-24.7732,-15.2861,-1.3456,62.1026,171.0337,141.6397
51.32,-24.7931,-14.9928,-1.9221,60.1112,171.8114,142.9255
51.34,-24.823,-14.2307,-3.1439,55.6672,173.0812,145.3377
51.36,-24.8242,-13.8966,-3.5888,53.9281,173.3805,146.012
51.38,-24.8216,-13.5519,-4.0006,52.2755,173.6488,146.7101
51.4,-24.8125,-13.3563,-4.2233,51.3432,173.7369,147.0123
51.42,-24.8017,-13.2336,-4.3571,50.777,173.7893,147.1606
51.44,-24.7739,-13.2135,-4.3875,50.6304,173.7451,146.9814
51.46,-24.7552,-13.2997,-4.2976,50.994,173.6259,146.6273
51.48,-24.726,-13.4762,-4.092,51.8063,173.3831,145.9211
51.5,-24.6966,-13.707,-3.8051,52.9166,173.0204,144.9959
51.52,-24.6606,-13.9943,-3.422,54.3617,172.5074,143.7804
51.54,-24.5796,-14.7082,-2.3673,58.2102,170.9392,140.6876
51.56,-24.5316,-15.1224,-1.6969,60.5585,169.7074,138.8419
51.58,-24.4856,-15.5402,-0.9289,63.1668,168.1091,136.8145
51.6,-24.4317,-15.959,-0.0657,65.9713,165.9019,134.3032
51.62,-24.3758,-16.3579,0.8813,68.8863,162.8087,130.896
51.64,-24.2446,-17.0334,3.0143,74.7452,152.563,119.5014
51.66,-24.1841,-17.2961,4.1612,77.4648,143.8598,110.1381
51.68,-24.1147,-17.5076,5.3461,79.7375,130.6145,96.131
51.7,-24.0453,-17.6662,6.859,81.4798,105.8256,70.5779
51.72,-24.0045,-17.7061,7.7765,81.5788,87.7885,52.181
51.74,-23.9278,-17.6174,10.1532,78.5828,50.8422,14.084
51.76,-23.9127,-17.4484,11.2812,76.1315,40.3559,2.8423
51.78,-23.9022,-17.2413,12.3389,73.4586,33.4873,355.184
51.8,-23.9296,-16.8891,13.5612,70.1169,27.4214,348.1978
51.82,-23.9611,-16.6535,14.2261,68.1672,24.7383,345.0054
51.84,-24.0707,-15.9582,15.7802,63.432,19.5177,338.2966
51.86,-24.1561,-15.5222,16.5636,60.8906,17.1981,335.2508
51.88,-24.2103,-15.2834,16.9657,59.5577,16.0731,333.7237
51.9,-24.3133,-14.9034,17.5213,57.6133,14.4321,331.4627
51.92,-24.3796,-14.6381,17.8624,56.3718,13.4099,329.8858
51.94,-24.4788,-14.3048,18.2407,54.9549,12.1075,327.9595
51.96,-24.5186,-14.1807,18.3479,54.5881,11.596,327.0435
51.98,-24.551,-14.1396,18.3484,54.5454,11.3258,326.6599
52,-24.5627,-14.1919,18.2606,54.9103,11.2872,326.52
52.02,-24.5493,-14.2709,18.1651,55.3061,11.4711,326.6683
52.04,-24.5013,-14.7083,17.639,57.3348,12.4222,327.8875
52.06,-24.4542,-15.0911,17.1488,59.2186,13.4788,329.4325
52.08,-24.4239,-15.3378,16.7833,60.5336,14.2643,330.5984
52.1,-24.3555,-15.7675,16.0561,63.0718,16.0008,332.8369
52.12,-24.3035,-16.0917,15.3636,65.3583,17.7917,334.841
52.14,-24.233,-16.6381,13.9119,69.9175,22.1927,339.4981
52.16,-24.2156,-16.8872,12.9708,72.6258,25.6943,343.2755
52.18,-24.2073,-17.1232,11.9514,75.487,30.5913,348.6792
52.2,-24.2247,-17.2767,10.8724,78.2784,37.712,356.4388
52.22,-24.2516,-17.3845,9.7556,81.3197,50.5499,9.533
52.24,-24.3296,-17.3948,7.4069,83.7142,101.6015,61.4918
52.26,-24.398,-17.2441,5.9426,82.1383,133.126,94.2083
52.28,-24.4573,-17.0683,4.7973,79.8219,147.9881,110.9047
52.3,-24.5017,-16.9028,3.9627,77.8155,154.8176,119.4089
52.32,-24.5454,-16.6504,2.8784,74.9048,160.8532,126.9488
52.34,-24.6183,-16.0423,0.8847,69.0279,167.0782,135.2689
52.36,-24.6474,-15.7136,0.0036,66.2851,168.9096,138.2837
52.38,-24.6713,-15.3784,-0.7884,63.7136,170.2046,140.6125
52.4,-24.6947,-14.9597,-1.6429,60.8194,171.3542,142.6997
52.42,-24.7045,-14.7183,-2.0791,59.2957,171.8544,143.5798
52.44,-24.7175,-14.1555,-2.9545,56.0254,172.5685,144.8414
52.46,-24.7194,-13.8956,-3.2947,54.7045,172.8396,145.3123
52.48,-24.7186,-13.7835,-3.4286,54.1901,172.9949,145.4671
52.5,-24.713,-13.691,-3.5435,53.7116,173.1324,145.4823
52.52,-24.7081,-13.6921,-3.5496,53.6717,173.1511,145.4043
52.54,-24.6859,-13.882,-3.3388,54.4768,172.9102,144.7351
52.56,-24.6635,-14.0857,-3.0878,55.4087,172.5561,143.8809
52.58,-24.6375,-14.3246,-2.7513,56.6586,172.0724,142.8329
52.6,-24.6035,-14.6101,-2.3214,58.1932,171.3884,141.5367
52.62,-24.5628,-14.9339,-1.8025,59.9881,170.4345,139.9438
52.64,-24.4592,-15.6265,-0.5054,64.2678,167.5489,135.1218
52.66,-24.3891,-16.0646,0.4805,67.3846,164.7845,131.39
52.68,-24.3249,-16.4063,1.3605,69.9661,161.6431,127.5952
52.7,-24.2595,-16.7103,2.3132,72.6465,157.4163,122.6985
52.72,-24.2114,-16.9141,3.0645,74.6411,153.1427,117.8485
52.74,-24.0587,-17.3558,5.189,79.2541,133.8541,96.5987
52.76,-23.9896,-17.4863,6.2984,80.837,117.446,79.3392
52.78,-23.9217,-17.5745,7.4195,81.4764,96.8469,58.1767
52.8,-23.8488,-17.5889,8.8145,80.6716,71.3795,32.0837
52.82,-23.7989,-17.5656,9.6402,79.4924,59.6014,19.8422
52.84,-23.7441,-17.2814,11.7211,75.0785,39.3579,358.5456
52.86,-23.7362,-16.9903,12.9143,71.9421,32.2828,351.191
52.88,-23.7428,-16.7939,13.5776,70.0911,29.1718,348.2301
52.9,-23.7861,-16.4907,14.3927,67.6811,25.7646,344.9376
52.92,-23.8191,-16.1591,15.1303,65.4027,23.1898,342.2011
52.94,-23.9198,-15.4984,16.3501,61.3608,19.5791,338.5313
52.96,-23.9924,-15.1209,16.9278,59.3378,17.9145,336.9012
52.98,-24.0172,-14.9226,17.2178,58.3032,17.2212,336.1511
53,-24.0795,-14.6077,17.5852,56.884,16.1633,334.9023
53.02,-24.129,-14.4305,17.7764,56.1352,15.5446,334.1852
53.04,-24.1825,-14.2189,17.9333,55.4348,14.9359,333.4517
53.06,-24.2074,-14.2255,17.9046,55.5408,14.8474,333.3109
53.08,-24.2104,-14.2549,17.8512,55.7288,14.876,333.2975
53.1,-24.2175,-14.4084,17.6899,56.4279,15.123,333.5201
53.12,-24.2144,-14.6025,17.4639,57.3404,15.5343,333.8985
53.14,-24.1927,-15.1264,16.7907,60.0203,16.8814,334.9942
53.16,-24.175,-15.4283,16.3249,61.7503,17.9158,335.9247
53.18,-24.162,-15.7457,15.769,63.7423,19.2811,337.2723
53.2,-24.1433,-16.1326,14.9654,66.4555,21.3716,339.4312
53.22,-24.1326,-16.3282,14.4391,68.1154,22.9139,341.0026
53.24,-24.1649,-16.9825,12.5466,73.7889,30.024,349.2331
53.26,-24.1932,-17.1958,11.6034,76.3656,35.334,355.1122
53.28,-24.2336,-17.2982,10.857,78.2628,40.5103,0.6487
53.3,-24.3076,-17.4037,9.5585,81.0826,54.3161,15.3277
53.32,-24.3697,-17.4219,8.7473,82.4516,67.0748,29.1437
53.34,-24.5231,-17.281,6.5437,83.0009,118.4259,82.7021
53.36,-24.624,-17.0918,5.1606,80.7455,142.1212,107.6116
53.38,-24.6786,-16.9557,4.3423,78.8751,150.901,117.1937
53.4,-24.7607,-16.6857,3.023,75.4274,159.9143,127.379
53.42,-24.8085,-16.49,2.2724,73.3453,163.4103,131.6251
53.44,-24.9195,-15.8862,0.4596,67.9415,169.0802,139.1701
53.46,-24.9587,-15.5511,-0.3191,65.4176,170.744,141.5023
53.48,-24.9929,-15.2138,-1.0034,63.1085,172.0001,143.3161
53.5,-25.0319,-14.8098,-1.7266,60.5805,173.1911,145.0533
53.52,-25.0542,-14.5829,-2.0877,59.2688,173.7113,145.7302
53.54,-25.1189,-14.0514,-2.855,56.4082,175.1115,147.4137
53.56,-25.142,-13.9114,-3.0498,55.6702,175.5792,147.8216
53.58,-25.1574,-13.8458,-3.1375,55.3361,175.841,147.9369
53.6,-25.1753,-13.819,-3.1685,55.1917,176.0811,147.8056
53.62,-25.1846,-13.8462,-3.122,55.3663,176.1367,147.6387
53.64,-25.1929,-14.1572,-2.6489,57.1594,175.8779,146.6122
53.66,-25.1873,-14.3804,-2.2931,58.4727,175.4994,145.7685
53.68,-25.1722,-14.649,-1.8461,60.0668,174.9258,144.5831
53.7,-25.1517,-14.9536,-1.3111,61.931,174.1589,143.2058
53.72,-25.1252,-15.2838,-0.6863,64.0694,173.1318,141.6464
53.74,-25.061,-15.8768,0.621,68.35,170.3212,138.1043
53.76,-25.0129,-16.2032,1.4769,71.0058,167.7808,135.111
53.78,-24.9466,-16.5068,2.4083,73.7417,164.0862,130.8644
53.8,-24.876,-16.78,3.3941,76.4756,158.6302,124.932
53.82,-24.8019,-17.0074,4.4323,79.126,150.0571,116.0615
53.84,-24.604,-17.3539,6.8676,82.9867,108.1605,74.0353
53.86,-24.5188,-17.3992,7.9666,82.7248,81.6324,47.5945
53.88,-24.4574,-17.3898,8.7793,81.6409,65.3537,31.3896
53.9,-24.3548,-17.3136,10.0963,78.9472,48.3475,14.2684
53.92,-24.3111,-17.2378,10.8489,77.1232,41.8459,7.7688
53.94,-24.2317,-16.8479,12.7372,71.9822,30.9293,357.0966
53.96,-24.2183,-16.6021,13.5834,69.458,27.5465,353.8066
53.98,-24.2157,-16.3204,14.3542,67.0911,24.8142,351.2365
54,-24.2509,-15.9481,15.1922,64.4485,22.1782,348.4229
54.02,-24.2759,-15.7217,15.6325,63.0075,20.9098,346.8625
54.04,-24.3798,-15.1045,16.6863,59.4993,17.8462,343.1808
54.06,-24.4025,-14.9402,16.9511,58.5867,17.1899,342.2497
54.08,-24.4462,-14.7609,17.2366,57.6684,16.2964,341.0279
54.1,-24.4843,-14.6298,17.4508,56.9598,15.605,340.2004
54.12,-24.5176,-14.5321,17.5936,56.458,15.1003,339.6923
54.14,-24.5553,-14.5478,17.6485,56.4486,14.6987,338.827
54.16,-24.5602,-14.6437,17.5542,56.9349,14.7885,338.55
54.18,-24.5401,-14.7703,17.4228,57.5266,15.0832,338.3244
54.2,-24.5292,-15.0175,17.1013,58.8338,15.6341,338.0876
54.22,-24.5162,-15.1973,16.8537,59.8209,16.1405,338.2023
54.24,-24.4766,-15.699,15.9404,63.166,17.9552,339.4684
54.26,-24.4321,-16.0322,15.1934,65.7306,19.7614,341.0233
54.28,-24.4287,-16.2313,14.6667,67.4088,21.1134,342.2949
54.3,-24.3943,-16.5307,13.7043,70.3476,24.1158,345.1066
54.32,-24.39,-16.751,12.8374,72.8282,27.4395,348.4426
54.34,-24.4087,-17.0649,11.1917,77.0686,35.6969,358.2095
54.36,-24.4338,-17.1965,10.1969,79.3854,43.2122,7.8402
54.38,-24.4543,-17.3032,9.1368,81.5064,56.4458,22.5389
54.4,-24.4675,-17.3334,7.7825,83.0586,83.2128,50.3896
54.42,-24.4686,-17.2971,6.6876,82.8228,109.077,77.1867
54.44,-24.4683,-17.0683,4.7955,79.7155,139.9415,109.4227
54.46,-24.4523,-16.8383,3.4933,76.4653,150.9854,121.2096
54.48,-24.437,-16.6733,2.7501,74.4162,155.2754,125.9344
54.5,-24.4114,-16.3701,1.5843,71.0002,160.0974,131.3763
54.52,-24.3896,-16.1026,0.7341,68.4081,162.7112,134.276
54.54,-24.3402,-15.6087,-0.534,64.3322,165.6168,137.0308
54.56,-24.3171,-15.3228,-1.1186,62.3632,166.72,138.2379
54.58,-24.2975,-15.0651,-1.6098,60.6461,167.5108,139.3201
54.6,-24.2815,-14.8345,-2,59.2404,168.127,140.2673
54.62,-24.2672,-14.6096,-2.3606,57.9139,168.653,141.1152
54.64,-24.2541,-14.4355,-2.6423,56.8645,169.1065,141.4948
54.66,-24.248,-14.4306,-2.6901,56.6672,169.1942,141.2297
54.68,-24.248,-14.4647,-2.6574,56.7798,169.1933,140.9685
54.7,-24.2479,-14.5532,-2.5462,57.2151,169.0812,140.4242
54.72,-24.2505,-14.7061,-2.316,58.0191,168.8426,139.612
54.74,-24.2416,-15.1395,-1.6423,60.3359,167.8191,137.1906
54.76,-24.2337,-15.477,-1.0535,62.3209,166.7786,135.3496
54.78,-24.2261,-15.701,-0.6451,63.6647,165.9498,134.0455
54.8,-24.2057,-16.0896,0.1289,66.1325,164.049,131.2193
54.82,-24.1837,-16.3291,0.6482,67.7099,162.4918,129.0367
54.84,-24.1085,-16.9879,2.4437,72.8343,154.965,119.9745
54.86,-24.0755,-17.1841,3.1099,74.5426,151.0345,115.6372
54.88,-24.0247,-17.4053,4.0467,76.7544,143.9756,107.9493
54.9,-23.9652,-17.6048,5.018,78.6623,134.1016,97.5131
54.92,-23.8962,-17.7684,6.0235,80.1283,120.6836,83.7671
54.94,-23.7968,-17.9057,8.0638,80.8484,84.3396,47.1934
54.96,-23.73,-17.9024,9.0825,79.8307,67.9635,30.6259
54.98,-23.6864,-17.8243,10.0752,78.1763,55.0068,17.7594
55,-23.6384,-17.6641,11.2611,75.642,44.0545,6.8078
55.02,-23.6186,-17.4858,12.1528,73.4213,38.0932,0.9033
55.04,-23.5966,-17.0165,13.7595,68.9935,30.1326,353.184
55.06,-23.6028,-16.837,14.2784,67.4847,28.236,351.3335
55.08,-23.6214,-16.5424,14.916,65.5188,25.8404,349.1071
55.1,-23.6494,-16.1986,15.5975,63.3715,23.6692,347.0464
55.12,-23.6828,-16.0198,15.9331,62.2546,22.5875,346.1631
55.14,-23.7157,-15.573,16.6487,59.8361,20.6134,344.3159
55.16,-23.7615,-15.4053,16.8813,59.0059,19.8914,343.766
55.18,-23.7727,-15.2762,17.045,58.3869,19.403,343.4627
55.2,-23.7996,-15.2128,17.1206,58.0549,19.1172,343.4086
55.22,-23.7851,-15.2115,17.1303,58.055,19.2314,343.5466
55.24,-23.7878,-15.3431,16.8979,58.7724,19.7296,344.0482
55.26,-23.761,-15.5092,16.6508,59.6781,20.4501,344.6683
55.28,-23.729,-15.7522,16.2327,61.0493,21.6574,345.8615
55.3,-23.7449,-15.9074,15.9131,62.054,22.3513,346.6816
55.32,-23.7087,-16.131,15.432,63.6205,23.7254,348.0782
55.34,-23.6966,-16.6638,14.1882,67.4209,27.6471,352.4283
55.36,-23.7144,-16.9609,13.2635,70.0361,30.9184,356.3191
55.38,-23.7399,-17.1226,12.6578,71.6522,33.2989,359.4033
55.4,-23.7851,-17.3338,11.7923,73.8962,37.4587,4.8117
55.42,-23.8466,-17.5161,10.8715,76.1363,42.7738,12.058
55.44,-23.9928,-17.7143,8.8825,80.2256,62.0435,34.6562
55.46,-24.0596,-17.722,7.8353,81.5551,79.0379,52.8692
55.48,-24.1368,-17.6761,6.7551,81.9283,100.4616,75.379
55.5,-24.2197,-17.538,5.4021,80.6925,125.6804,101.4553
55.52,-24.2722,-17.409,4.5971,79.3221,136.8072,113.0931
55.54,-24.3914,-16.9438,2.5505,74.5274,154.4877,131.7079
55.56,-24.4615,-16.5796,1.3808,71.3112,160.3834,138.2816
55.58,-24.5122,-16.2665,0.5184,68.7661,163.6107,141.9272
55.6,-24.5448,-16.0229,-0.0757,66.9359,165.4141,143.9083
55.62,-24.5817,-15.6939,-0.791,64.6393,167.291,145.8679
55.64,-24.6527,-15.0619,-1.9555,60.7013,169.7894,148.235
55.66,-24.6926,-14.7165,-2.4909,58.7655,170.8408,149.2467
55.68,-24.7106,-14.5431,-2.7452,57.8002,171.305,149.4747
55.7,-24.739,-14.3149,-3.0576,56.5774,171.8812,149.659
55.72,-24.7608,-14.1986,-3.21,55.9794,172.2275,149.7286
55.74,-24.7834,-14.1544,-3.2774,55.6714,172.5473,149.267
55.76,-24.7929,-14.2311,-3.1799,56.0338,172.5443,148.6108
55.78,-24.7895,-14.3315,-3.0418,56.502,172.4274,147.8663
55.8,-24.7812,-14.508,-2.7843,57.3761,172.1139,146.5862
55.82,-24.7646,-14.7306,-2.4471,58.5271,171.6314,145.0029
55.84,-24.7108,-15.3925,-1.3709,62.174,169.8541,141.0518
55.86,-24.6877,-15.6466,-0.9162,63.6886,168.962,139.5566
55.88,-24.6478,-16.0057,-0.2381,65.8686,167.3564,137.241
55.9,-24.6021,-16.3585,0.5275,68.2677,165.2143,134.5999
55.92,-24.5435,-16.7013,1.3692,70.7561,162.181,131.0821
55.94,-24.3808,-17.3039,3.2627,75.7769,151.8069,119.7055
55.96,-24.2626,-17.5952,4.5521,78.6089,140.2079,107.6521
55.98,-24.1641,-17.7793,5.6139,80.3768,126.2157,93.3928
56,-24.0862,-17.8743,6.4265,81.2117,112.4298,79.3144
56.02,-23.9626,-17.9524,7.5217,81.3713,91.847,58.1169
56.04,-23.7594,-17.95,9.6334,78.8083,59.0089,24.2561
56.06,-23.6818,-17.8546,10.6431,76.7013,48.8193,13.8735
56.08,-23.5869,-17.7077,11.6154,74.4635,41.8556,6.507
56.1,-23.5259,-17.4906,12.5264,72.1073,36.5659,0.7977
56.12,-23.5009,-17.2233,13.3642,69.7692,32.4764,356.4543
56.14,-23.4456,-16.661,14.832,65.5535,27.1035,350.1277
56.16,-23.4665,-16.2874,15.5866,63.2173,24.584,347.1913
56.18,-23.4881,-16.0686,15.9805,61.9759,23.281,345.693
56.2,-23.5089,-15.8013,16.4468,60.4563,21.9435,344.0757
56.22,-23.5563,-15.499,16.9072,58.9331,20.5208,342.3929
56.24,-23.6321,-15.1634,17.3595,57.3744,19.0129,340.6786
56.26,-23.6462,-15.0364,17.5208,56.8248,18.5899,340.0605
56.28,-23.7046,-14.9612,17.5923,56.5788,18.1,339.6794
56.3,-23.7309,-14.9504,17.5969,56.6228,17.9201,339.5
56.32,-23.7599,-14.9615,17.5498,56.7822,17.8026,339.3815
56.34,-23.8051,-15.2482,17.2122,58.164,18.3345,339.4501
56.36,-23.822,-15.4551,16.9357,59.2045,18.8395,339.6974
56.38,-23.8343,-15.6635,16.5805,60.4723,19.4865,340.2372
56.4,-23.861,-15.9935,15.9971,62.4931,20.6541,341.7308
56.42,-23.877,-16.1718,15.5918,63.8132,21.4069,342.8201
56.44,-23.955,-16.6554,14.2618,67.9389,24.4521,347.3528
56.46,-24.0191,-16.885,13.4699,70.2749,26.4647,350.4137
56.48,-24.1066,-17.1406,12.3751,73.42,30.1927,355.3333
56.5,-24.1699,-17.2445,11.6729,75.3438,33.1064,358.9554
56.52,-24.2697,-17.3697,10.6625,78.0365,39.1251,5.4466
56.54,-24.5131,-17.4107,8.5385,82.7769,63.0502,31.6986
56.56,-24.6707,-17.3394,7.1449,84.2117,96.734,67.0885
56.58,-24.7609,-17.2609,6.2954,83.7686,120.479,91.2515
56.6,-24.8765,-17.1255,5.173,81.9119,142.8158,114.44
56.62,-24.9852,-16.9821,4.056,79.2558,155.7784,128.4318
56.64,-25.1715,-16.6145,1.9387,73.2833,167.5025,141.7634
56.66,-25.2636,-16.3135,0.7456,69.6652,170.9147,145.6875
56.68,-25.3056,-16.1055,0.1037,67.635,172.2728,147.3801
56.7,-25.3633,-15.7183,-0.8338,64.5745,173.8035,149.7068
56.72,-25.3916,-15.4711,-1.3139,62.9582,174.4622,150.9736
56.74,-25.4273,-14.8628,-2.3171,59.4215,175.3869,153.2735
56.76,-25.4329,-14.6142,-2.6799,58.1031,175.6216,154.0636
56.78,-25.4299,-14.4217,-2.9609,57.0465,175.7557,154.5665
56.8,-25.4199,-14.2928,-3.1628,56.2951,175.7843,154.8292
56.82,-25.4039,-14.2266,-3.2844,55.8607,175.7231,154.8656
56.84,-25.3441,-14.2797,-3.2685,55.9132,175.3076,154.1394
56.86,-25.2889,-14.4245,-3.0656,56.6779,174.7621,153.187
56.88,-25.2361,-14.605,-2.795,57.6475,174.1787,152.3165
56.9,-25.1783,-14.8305,-2.4379,58.9213,173.4079,151.3193
56.92,-25.129,-15.0296,-2.1141,60.0628,172.6787,150.3806
56.94,-24.9705,-15.6513,-1.0208,63.7379,169.8792,146.4417
56.96,-24.8738,-15.9942,-0.3543,65.8305,167.7854,143.3273
56.98,-24.7757,-16.338,0.39,68.0922,165.1288,139.6948
57,-24.6433,-16.7588,1.4322,71.0412,160.6216,134.0628
57.02,-24.5606,-16.9951,2.1094,72.8198,157.0144,129.7864
57.04,-24.3369,-17.4983,4.1022,77.3999,141.9342,112.9508
57.06,-24.2262,-17.6762,5.1731,79.3052,129.6891,99.967
57.08,-24.121,-17.8319,6.2548,80.5133,113.2059,82.8267
57.1,-24.0153,-17.9167,7.3604,80.8373,93.4165,62.5617
57.12,-23.9013,-17.9525,8.4702,80.0611,74.9992,43.5161
57.14,-23.723,-17.8748,10.5883,76.372,50.2622,17.6428
57.16,-23.6489,-17.7225,11.8264,73.4983,41.2727,8.4306
57.18,-23.5906,-17.543,12.7731,71.0271,36.1164,3.2711
57.2,-23.5719,-17.3955,13.4304,69.2353,32.9531,0.3765
57.22,-23.5514,-17.1019,14.4087,66.3977,28.9505,356.5422
57.24,-23.5815,-16.548,15.6974,62.4676,24.4391,352.2253
57.26,-23.6024,-16.3344,16.0846,61.2326,23.1672,351.0323
57.28,-23.6258,-16.0831,16.5207,59.8171,21.8523,349.6865
57.3,-23.6505,-15.8113,16.9342,58.4168,20.6629,348.5628
57.32,-23.6746,-15.6384,17.1619,57.5944,19.9648,347.8598
57.34,-23.6756,-15.4527,17.3699,56.8544,19.4115,346.9944
57.36,-23.6643,-15.4055,17.3781,56.7868,19.3585,346.744
57.38,-23.6532,-15.4705,17.3041,57.0631,19.6232,346.8374
57.4,-23.6029,-15.6228,17.0958,57.8895,20.321,347.1807
57.42,-23.5769,-15.7503,16.9011,58.5423,20.9332,347.5936
57.44,-23.4909,-16.1729,16.1702,61.059,23.1391,349.0652
57.46,-23.4541,-16.4393,15.661,62.7643,24.7262,350.2541
57.48,-23.4395,-16.6971,15.0662,64.6333,26.5428,351.7121
57.5,-23.4233,-16.9723,14.3913,66.7358,28.9034,353.7887
57.52,-23.4341,-17.2894,13.434,69.6117,32.7032,357.4396
57.54,-23.5075,-17.673,11.9027,73.7891,40.1368,4.7734
57.56,-23.5778,-17.8542,10.9301,76.2166,46.764,11.4905
57.58,-23.6623,-17.9543,9.9171,78.4502,55.9207,20.7061
57.6,-23.7914,-18.0062,8.5959,80.6559,73.0389,38.2514
57.62,-23.913,-17.9764,7.5173,81.6347,91.8513,58.0282
57.64,-24.1269,-17.7805,5.6076,80.7088,127.2235,95.4703
57.66,-24.272,-17.5273,4.2601,78.3272,144.1768,113.4585
57.68,-24.3806,-17.2704,3.2179,75.9743,152.9038,123.2112
57.7,-24.4515,-17.0624,2.4631,74.0343,157.4941,128.5927
57.72,-24.5689,-16.6595,1.2708,70.7726,162.8981,135.3443
57.74,-24.7026,-16.0404,-0.2202,66.2887,167.4425,141.2018
57.76,-24.7657,-15.6799,-0.9646,63.8772,169.1284,143.4719
57.78,-24.8156,-15.3236,-1.6193,61.6767,170.3788,144.9451
57.8,-24.8604,-14.9868,-2.1816,59.7234,171.3297,146.1954
57.82,-24.8944,-14.6861,-2.6526,58.0343,172.0402,147.063
57.84,-24.9411,-14.2066,-3.3126,55.591,172.987,148.0972
57.86,-24.9528,-14.0541,-3.5101,54.8427,173.1912,148.321
57.88,-24.9536,-13.9631,-3.6128,54.4312,173.2952,148.3599
57.9,-24.9464,-13.945,-3.6328,54.3386,173.2546,148.2375
57.92,-24.9332,-13.9876,-3.5735,54.5571,173.1217,147.952
57.94,-24.8728,-14.3328,-3.1095,56.2986,172.2201,146.4934
57.96,-24.8447,-14.5071,-2.8552,57.2203,171.7309,145.789
57.98,-24.8017,-14.7904,-2.4427,58.6943,170.8477,144.7682
58,-24.7547,-15.1068,-1.9344,60.4764,169.7241,143.6263
58.02,-24.6843,-15.5391,-1.1712,63.0579,167.7855,141.5827
58.04,-24.5622,-16.1709,0.1189,67.0996,163.6315,136.7939
58.06,-24.4669,-16.6013,1.1912,70.2106,159.175,131.7153
58.08,-24.4059,-16.8496,1.8886,72.0788,155.6402,127.892
58.1,-24.3247,-17.1463,2.8759,74.5689,149.4548,121.4054
58.12,-24.247,-17.3992,3.9153,76.8883,140.9431,112.5457
58.14,-24.0953,-17.7467,6.0994,80.1916,113.2982,83.7989
58.16,-24.0233,-17.8387,7.2156,80.6337,94.5467,64.3393
58.18,-23.9542,-17.8721,8.3298,80.077,76.1623,45.1391
58.2,-23.9021,-17.849,9.4316,78.7175,60.9309,29.0431
58.22,-23.8553,-17.7459,10.4982,76.7926,49.5894,16.9556
58.24,-23.8065,-17.4054,12.4917,72.2617,35.2837,1.8444
58.26,-23.7953,-17.0746,13.6187,69.2579,29.9245,356.1983
58.28,-23.8006,-16.8493,14.2302,67.5314,27.4355,353.4983
58.3,-23.8229,-16.5086,14.9831,65.275,24.6676,350.4666
58.32,-23.8478,-16.1634,15.6449,63.2068,22.5392,348.1143
58.34,-23.8872,-15.4859,16.7336,59.5382,19.5524,344.7442
58.36,-23.9273,-15.0906,17.2395,57.641,18.1396,343.4604
58.38,-23.9254,-14.916,17.4804,56.7968,17.6917,342.7558
58.4,-23.9336,-14.6318,17.7906,55.5299,16.973,341.9527
58.42,-23.9342,-14.5288,17.9031,55.0562,16.7393,341.6516
58.44,-23.8983,-14.3751,18.0133,54.5178,16.6461,341.4678
58.46,-23.8653,-14.4229,17.9673,54.6928,16.9017,341.72
58.48,-23.8286,-14.5163,17.8419,55.1552,17.3088,342.1031
58.5,-23.7763,-14.7446,17.5485,56.2105,18.1011,342.7216
58.52,-23.7459,-14.9149,17.3199,57.0227,18.7089,343.1504
58.54,-23.6237,-15.5048,16.4924,60.0028,21.0735,345.0143
58.56,-23.5847,-15.8259,15.9356,61.8497,22.5507,346.6161
58.58,-23.541,-16.1802,15.2868,63.975,24.5842,348.989
58.6,-23.5348,-16.5034,14.5372,66.2867,26.8479,351.6611
58.62,-23.5077,-16.8134,13.7067,68.7697,30.0204,354.9185
58.64,-23.5457,-17.3344,11.7868,74.0051,39.6299,4.6997
58.66,-23.5929,-17.5269,10.7205,76.5785,47.4139,12.4089
58.68,-23.65,-17.6446,9.6103,78.8986,58.8481,23.5813
58.7,-23.7616,-17.6939,8.1643,80.9401,80.1659,45.0386
58.72,-23.8295,-17.6767,7.2859,81.3796,96.6314,61.7407
58.74,-24.0378,-17.4745,4.936,79.1492,135.74,102.0347
58.76,-24.135,-17.3112,3.7833,76.7571,147.3637,114.4794
58.78,-24.222,-17.0668,2.688,74.0912,154.9266,122.8245
58.8,-24.3195,-16.6831,1.3974,70.5946,160.8924,129.6998
58.82,-24.3675,-16.423,0.6752,68.4826,163.2866,132.582
58.84,-24.4695,-15.6301,-0.9792,63.3235,167.2859,137.7654
58.86,-24.5087,-15.2344,-1.6686,61.0215,168.5226,139.6215
58.88,-24.5354,-14.8579,-2.2644,58.928,169.4536,140.8235
58.9,-24.5604,-14.5144,-2.7674,57.1133,170.1257,141.6851
58.92,-24.5876,-14.1591,-3.2629,55.2883,170.8255,142.8245
58.94,-24.6118,-13.8261,-3.7181,53.5662,171.4453,143.828
58.96,-24.6201,-13.7231,-3.8488,53.0654,171.6665,144.1118
58.98,-24.6214,-13.696,-3.8923,52.8899,171.7382,144.0888
59,-24.6164,-13.7517,-3.8202,53.1521,171.6751,143.8016
59.02,-24.6092,-13.8308,-3.7157,53.557,171.5585,143.533
59.04,-24.5685,-14.2653,-3.1471,55.6917,170.7151,142.1539
59.06,-24.53,-14.6377,-2.6246,57.5961,169.79,140.7247
59.08,-24.5001,-14.8958,-2.2434,58.9358,169.0353,139.6506
59.1,-24.4429,-15.3556,-1.4922,61.4998,167.3925,137.4028
59.12,-24.4031,-15.6465,-0.9742,63.1886,166.0938,135.6768
59.14,-24.2853,-16.4052,0.6593,68.1611,161.0437,129.2486
59.16,-24.2049,-16.8485,1.8491,71.4933,156.0524,123.5709
59.18,-24.1555,-17.0967,2.612,73.4649,151.9783,119.1694
59.2,-24.0665,-17.4505,3.9593,76.6112,142.2527,108.8147
59.22,-24.0159,-17.6219,4.7967,78.2635,133.957,100.1156
59.24,-23.8641,-17.9195,7.1025,80.7546,99.967,64.8767
59.26,-23.7781,-17.9691,8.5432,80.1974,75.3308,39.2717
59.28,-23.7358,-17.9484,9.3907,79.1545,63.2059,26.5688
59.3,-23.6663,-17.8193,10.7679,76.6569,48.3508,10.8966
59.32,-23.6408,-17.692,11.5547,74.9256,41.9982,4.0926
59.34,-23.6138,-17.2131,13.4875,69.9597,31.1766,352.3927
59.36,-23.6036,-16.9067,14.3551,67.5408,27.6715,348.4824
59.38,-23.629,-16.5867,15.1293,65.2373,24.9045,345.5117
59.4,-23.6567,-16.2654,15.8213,63.1289,22.7409,343.2607
59.42,-23.6935,-15.9402,16.4258,61.1462,21.0241,341.4762
59.44,-23.7938,-15.2786,17.3692,57.8102,18.2476,338.8192
59.46,-23.8108,-15.0206,17.7093,56.5657,17.412,338.0015
59.48,-23.8308,-14.7845,17.9628,55.5359,16.8471,337.4762
59.5,-23.8652,-14.6323,18.1154,54.8748,16.4451,337.4034
59.52,-23.8717,-14.4934,18.2044,54.3884,16.2361,337.4178
59.54,-23.866,-14.5287,18.1258,54.5688,16.5325,338.1773
59.56,-23.8245,-14.6908,17.9146,55.3158,17.1961,339.1572
59.58,-23.8031,-14.8433,17.7245,55.9734,17.7418,339.9499
59.6,-23.7604,-15.0801,17.4094,57.1064,18.644,341.1087
59.62,-23.7304,-15.3829,16.991,58.548,19.7576,342.5754
59.64,-23.6737,-16.027,15.8855,62.2787,22.6359,346.258
59.66,-23.6569,-16.3578,15.1911,64.5053,24.6249,348.5532
59.68,-23.6506,-16.6913,14.399,66.949,27.0947,351.2631
59.7,-23.6643,-17.0515,13.2935,70.1542,31.0634,355.6305
59.72,-23.7067,-17.2925,12.3115,72.8212,35.4295,0.1948
59.74,-23.8108,-17.5861,10.4303,77.3929,48.0934,13.1889
59.76,-23.9045,-17.6552,9.2904,79.6759,59.7966,25.6552
59.78,-24.0113,-17.6399,8.127,81.3593,76.6377,43.7672
59.8,-24.1461,-17.5291,6.6411,81.9158,105.3695,73.8001
59.82,-24.2148,-17.4056,5.752,81.1953,121.8602,90.7728
59.84,-24.3948,-16.9012,3.4387,76.8354,149.4748,119.4114
59.86,-24.4808,-16.5698,2.348,74.1101,156.6737,127.3614
59.88,-24.5498,-16.2228,1.3134,71.228,161.4692,132.8392
59.9,-24.6112,-15.845,0.355,68.3827,164.8555,136.9054
59.92,-24.6762,-15.351,-0.7261,64.9909,167.7153,140.3096
59.94,-24.7475,-14.6603,-1.9809,60.7766,170.3118,143.4941
59.96,-24.7755,-14.2926,-2.5574,58.7109,171.3003,144.6512
59.98,-24.7985,-13.9619,-3.0327,56.9415,172.0349,145.4726
60,-24.8221,-13.6234,-3.4863,55.1818,172.7464,146.409
60.02,-24.8371,-13.4239,-3.742,54.1524,173.1769,147.0255
60.04,-24.8481,-13.244,-3.9671,53.201,173.5972,147.2592
60.06,-24.8442,-13.246,-3.9699,53.1456,173.657,147.0094
60.08,-24.838,-13.313,-3.8868,53.4422,173.6042,146.6638
60.1,-24.82,-13.5155,-3.6299,54.4167,173.3391,146.0826
60.12,-24.809,-13.6767,-3.4114,55.263,173.0744,145.6346
60.14,-24.7458,-14.2756,-2.5833,58.2554,171.7889,143.2285
60.16,-24.7092,-14.6351,-2.0401,60.1602,170.8192,141.4935
60.18,-24.6507,-15.1263,-1.2362,62.8564,169.2009,138.8104
60.2,-24.5937,-15.5366,-0.4905,65.2455,167.4256,136.2445
60.22,-24.5559,-15.8255,0.1239,67.1917,165.737,134.0271
60.24,-24.4114,-16.589,1.9827,72.5222,158.5113,125.5183
60.26,-24.3305,-16.9124,3.0168,75.1875,152.5546,118.8841
60.28,-24.2503,-17.1821,4.1019,77.7076,143.7757,109.4436
60.3,-24.1437,-17.4494,5.5119,80.2663,126.7216,91.7072
60.32,-24.0791,-17.5599,6.3733,81.215,112.309,76.8038
60.34,-23.891,-17.7202,8.6706,80.4197,71.038,34.1059
60.36,-23.8219,-17.685,9.7931,78.5923,56.0194,18.706
60.38,-23.7432,-17.5801,10.8875,76.3065,45.6451,7.9948
60.4,-23.6737,-17.3392,12.1771,73.1467,37.0478,358.923
60.42,-23.6509,-17.1313,12.9038,71.2058,33.1795,354.8069
60.44,-23.5931,-16.4646,14.6362,66.2216,26.347,347.3118
60.46,-23.6005,-16.071,15.3723,63.8723,23.8842,344.7484
60.48,-23.5879,-15.6191,16.1777,61.2903,21.657,342.5156
60.5,-23.5999,-15.2449,16.7209,59.3293,20.206,341.0618
60.52,-23.5921,-14.891,17.1859,57.6001,19.1348,339.9108
60.54,-23.5912,-14.3817,17.7775,55.2123,17.8746,338.6981
60.56,-23.5684,-14.1607,18.0064,54.2248,17.5582,338.3521
60.58,-23.5312,-14.0016,18.1559,53.5715,17.4709,338.357
60.6,-23.4891,-13.9233,18.217,53.24,17.6074,338.6908
60.62,-23.4461,-13.8824,18.1914,53.1538,17.8936,339.2725
60.64,-23.3629,-14.0629,17.9567,53.9302,18.8885,340.6693
60.66,-23.2872,-14.324,17.6363,55.0572,19.9904,341.9108
60.68,-23.2679,-14.5129,17.3861,55.9312,20.6539,342.7245
60.7,-23.2037,-14.8791,16.8726,57.7219,22.14,344.3873
60.72,-23.1962,-15.0981,16.49,58.9942,23.0023,345.5107
60.74,-23.1743,-15.8294,15.2274,63.1989,26.5223,349.772
60.76,-23.2051,-16.1531,14.4637,65.5505,28.6508,352.1796
60.78,-23.2377,-16.5108,13.6121,68.1579,31.5097,355.3972
60.8,-23.3166,-16.8887,12.4383,71.4766,36.3135,0.8465
60.82,-23.3751,-17.0631,11.6879,73.4685,40.2015,4.9303
60.84,-23.6293,-17.4503,9.5206,78.4311,56.8271,24.1174
60.86,-23.7472,-17.5858,8.3705,80.3086,72.0136,40.535
60.88,-23.8869,-17.6089,7.2033,81.2575,92.135,61.4972
60.9,-24.0453,-17.5635,5.7366,80.6396,118.8535,89.4704
60.92,-24.1372,-17.488,4.8642,79.4271,131.7729,103.2354
60.94,-24.3394,-17.0866,2.649,74.665,151.97,125.24
60.96,-24.4232,-16.7896,1.626,72.001,157.3852,131.4892
60.98,-24.4901,-16.4447,0.6796,69.3384,161.1117,135.8614
61,-24.54,-16.0703,-0.1843,66.7634,163.667,138.8513
61.02,-24.5844,-15.593,-1.1379,63.7549,165.9237,141.6115
61.04,-24.6107,-14.9424,-2.2257,60.0709,167.8831,143.8165
61.06,-24.609,-14.5353,-2.8279,57.9069,168.7304,144.7224
61.08,-24.6034,-14.3254,-3.1198,56.8219,169.1228,145.2079
61.1,-24.5845,-14.0946,-3.4284,55.6227,169.4937,145.5534
61.12,-24.5602,-13.9201,-3.645,54.7505,169.7122,145.7045
61.14,-24.4733,-13.7723,-3.8032,54.0225,169.665,145.1718
61.16,-24.4246,-13.8146,-3.738,54.2054,169.3951,144.5292
61.18,-24.3829,-13.8904,-3.6351,54.5882,169.0524,143.8698
61.2,-24.2985,-14.121,-3.3195,55.6409,168.273,142.5788
61.22,-24.248,-14.2945,-3.0739,56.4888,167.6732,141.6432
61.24,-24.085,-14.9603,-2.0318,59.9555,165.0135,137.5568
61.26,-24.0072,-15.3057,-1.4212,61.8816,163.3011,134.932
61.28,-23.9503,-15.5723,-0.9033,63.472,161.7853,132.6975
61.3,-23.8738,-15.9311,-0.1359,65.7339,159.2622,129.1033
61.32,-23.8065,-16.274,0.7177,68.1616,156.1346,124.9347
61.34,-23.6763,-16.9249,2.6541,73.1386,146.4076,113.7426
61.36,-23.6082,-17.2566,3.986,76.0632,136.4252,103.1551
61.38,-23.5681,-17.4154,4.8178,77.5587,127.9979,94.2797
61.4,-23.5172,-17.5882,5.9461,79.0003,113.695,79.3227
61.42,-23.4551,-17.7238,7.3783,79.5774,91.8919,56.7946
61.44,-23.393,-17.7664,9.3486,77.9417,64.1321,28.1593
61.46,-23.3763,-17.6914,10.4368,76.1308,52.5565,16.1143
61.48,-23.3709,-17.5458,11.4752,73.9668,44.2049,7.3078
61.5,-23.3859,-17.2879,12.6803,71.1458,36.7444,359.2548
61.52,-23.4101,-17.0874,13.3511,69.4392,33.3434,355.4549
61.54,-23.5019,-16.4903,14.93,65.1218,26.7861,348.3416
61.56,-23.5939,-16.0711,15.7551,62.6002,23.6277,345.4932
61.58,-23.6628,-15.7549,16.308,60.843,21.7119,343.4999
61.6,-23.7071,-15.521,16.6737,59.6206,20.5244,342.2488
61.62,-23.753,-15.2659,17.0729,58.3126,19.3466,341.0276
61.64,-23.8482,-14.8205,17.6121,56.239,17.6743,339.4626
61.66,-23.8601,-14.6627,17.7864,55.5653,17.2707,339.1324
61.68,-23.8757,-14.5982,17.8297,55.3415,17.0765,339.036
61.7,-23.8667,-14.6206,17.7953,55.4436,17.2197,339.2844
61.72,-23.8512,-14.6599,17.7293,55.6463,17.4317,339.5192
61.74,-23.7995,-15.0037,17.2809,57.2642,18.6416,340.9187
61.76,-23.7703,-15.2517,16.9418,58.4467,19.5585,342.0289
61.78,-23.7177,-15.5591,16.5192,59.9667,20.761,343.3881
61.8,-23.6858,-15.8622,16.0112,61.6988,22.085,344.9118
61.82,-23.6319,-16.2194,15.4142,63.7236,24.042,347.043
61.84,-23.6477,-16.7936,13.936,68.1627,28.5362,352.2419
61.86,-23.6718,-17.0587,13.0715,70.6392,31.7338,355.6219
61.88,-23.7051,-17.3255,12.1356,73.1676,36.3323,0.4612
61.9,-23.7767,-17.6012,10.878,76.2712,44.4332,9.0835
61.92,-23.8338,-17.7245,10.0828,78.0434,51.3373,16.3557
61.94,-24.0103,-17.8687,7.8638,81.3049,82.7902,48.3641
61.96,-24.1339,-17.8129,6.448,81.3405,109.9045,76.0452
61.98,-24.2209,-17.7219,5.6032,80.5379,124.1733,90.9677
62,-24.3243,-17.5591,4.4984,78.734,138.7342,106.5469
62.02,-24.4273,-17.3378,3.4268,76.485,148.621,117.4536
62.04,-24.5947,-16.7938,1.4179,71.2708,159.7957,129.8239
62.06,-24.6846,-16.379,0.2994,68.0381,163.7314,134.0039
62.08,-24.7349,-16.1132,-0.3081,66.1877,165.4658,135.9053
62.1,-24.8179,-15.6607,-1.2056,63.3498,167.75,138.7253
62.12,-24.8648,-15.3842,-1.6695,61.8404,168.8477,140.1825
62.14,-24.966,-14.7271,-2.6647,58.3016,171.0021,142.587
62.16,-25.0225,-14.3931,-3.1056,56.6504,172.0181,143.3342
62.18,-25.0639,-14.1911,-3.3589,55.6549,172.7039,143.778
62.2,-25.0952,-14.0766,-3.4959,55.1199,173.1652,144.1035
62.22,-25.1272,-13.9925,-3.5985,54.693,173.6311,144.3271
62.24,-25.178,-14.0074,-3.5545,54.8307,174.1594,144.3957
62.26,-25.1951,-14.1515,-3.3472,55.6039,174.1926,143.932
62.28,-25.2007,-14.3401,-3.0821,56.5699,174.0263,143.311
62.3,-25.1987,-14.5146,-2.8308,57.472,173.8144,142.7377
62.32,-25.1947,-14.7802,-2.425,58.9344,173.4129,141.8208
62.34,-25.1438,-15.4485,-1.3685,62.5012,171.8633,139.0214
62.36,-25.1083,-15.8064,-0.7178,64.6155,170.6708,137.0699
62.38,-25.0568,-16.1723,0.017,66.9174,169.06,134.6429
62.4,-24.9988,-16.5324,0.8296,69.381,166.7938,131.7144
62.42,-24.9283,-16.8725,1.7181,71.9385,163.6779,128.0271
62.44,-24.758,-17.4582,3.6807,77.0987,152.627,116.2066
62.46,-24.6228,-17.7376,5.0058,79.9389,139.2545,102.3242
62.48,-24.5425,-17.8693,5.8162,81.2326,127.1654,90.0585
62.5,-24.4263,-17.9992,6.9165,82.1369,105.8905,68.7828
62.52,-24.3105,-18.0636,8.0194,81.7497,82.8659,46.0162
62.54,-24.0439,-17.9453,10.4372,77.5679,50.3386,14.2847
62.56,-23.9695,-17.8056,11.2047,75.7085,44.4375,8.5617
62.58,-23.8908,-17.5859,12.175,73.2085,38.7776,3.251
62.6,-23.8292,-17.2975,13.1002,70.6644,34.375,358.9572
62.62,-23.8122,-16.977,13.9595,68.1186,30.6965,355.8995
62.64,-23.8513,-16.2816,15.4499,63.4014,25.2641,351.7457
62.66,-23.9132,-15.831,16.2301,60.8333,22.6679,349.7857
62.68,-23.9435,-15.579,16.6379,59.4397,21.4485,348.7356
62.7,-23.9946,-15.2869,17.1069,57.869,20.0223,347.4641
62.72,-24.0628,-15.0516,17.492,56.5985,18.769,346.2783
62.74,-24.2235,-14.5948,18.0805,54.5496,16.5819,344.1724
62.76,-24.2862,-14.4791,18.2194,54.0904,15.8699,343.2914
62.78,-24.3249,-14.4537,18.2774,53.9976,15.5536,342.6886
62.8,-24.3584,-14.4805,18.2851,54.116,15.297,341.9937
62.82,-24.4045,-14.5268,18.2278,54.4772,15.0468,341.1696
62.84,-24.4593,-14.8777,17.8568,56.1685,15.2597,340.1276
62.86,-24.467,-15.1527,17.5502,57.4928,15.7711,340.155
62.88,-24.4721,-15.4381,17.1487,59.0172,16.4158,340.5569
62.9,-24.4799,-15.8164,16.5228,61.273,17.5708,341.5044
62.92,-24.4628,-16.045,16.0767,62.8129,18.6066,342.33
62.94,-24.4797,-16.658,14.6204,67.5924,22.1461,346.2469
62.96,-24.5152,-16.9946,13.5266,70.8354,25.5233,350.3162
62.98,-24.5355,-17.1865,12.8113,73.0562,28.4805,353.8087
63,-24.5846,-17.3761,11.7826,75.7816,33.8092,0.0196
63.02,-24.6428,-17.5199,10.6752,78.4496,42.7233,9.2672
63.04,-24.7719,-17.61,8.3073,82.421,76.5227,43.8811
63.06,-24.8395,-17.5541,7.0862,82.7663,102.5562,70.6581
63.08,-24.9179,-17.4429,5.8521,81.5693,126.4215,95.781
63.1,-25.0085,-17.2004,4.3363,78.7703,145.2118,116.6062
63.12,-25.0653,-16.9294,3.1549,75.963,154.0171,126.3582
63.14,-25.1297,-16.3456,1.2297,70.725,162.4666,136.4281
63.16,-25.1615,-15.9516,0.2355,67.7982,165.298,140.1991
63.18,-25.1679,-15.5634,-0.6623,64.9512,167.2868,142.9627
63.2,-25.1741,-15.1628,-1.4674,62.3054,168.7305,145.1381
63.22,-25.1755,-14.7811,-2.1475,59.9833,169.7869,146.741
63.24,-25.145,-14.0693,-3.2955,55.8031,171.0372,148.681
63.26,-25.1279,-13.8297,-3.6293,54.5207,171.3952,149.0681
63.28,-25.1103,-13.6921,-3.8106,53.7923,171.6161,149.1152
63.3,-25.0861,-13.5618,-3.9617,53.1513,171.8447,148.9263
63.32,-25.0599,-13.5058,-4.0144,52.8522,171.9401,148.3939
63.34,-25.0054,-13.6123,-3.854,53.3829,171.8371,146.6789
63.36,-24.9624,-13.8491,-3.5339,54.4481,171.5105,145.1268
63.38,-24.9376,-14.0321,-3.2831,55.3385,171.2021,144.0474
63.4,-24.8907,-14.4101,-2.7473,57.2286,170.4484,141.9953
63.42,-24.8631,-14.6687,-2.3568,58.5886,169.8108,140.6205
63.44,-24.7716,-15.4498,-1.0537,62.895,167.2113,136.4117
63.46,-24.714,-15.8623,-0.2665,65.3363,165.1908,133.6419
63.48,-24.658,-16.2624,0.599,67.9304,162.5747,130.3032
63.5,-24.5779,-16.7436,1.7823,71.2551,157.9055,124.8358
63.52,-24.5219,-17.0109,2.5394,73.2233,154.0553,120.2809
63.54,-24.3573,-17.6089,4.6948,78.0048,137.3203,101.6527
63.56,-24.2662,-17.8179,5.8319,79.7932,123.1672,86.677
63.58,-24.1774,-17.9736,6.9775,80.7238,104.4802,67.5072
63.6,-24.0853,-18.0562,8.1259,80.5316,84.4015,46.6293
63.62,-23.9746,-18.0766,9.54,78.9094,63.795,25.7172
63.64,-23.8506,-17.914,11.4242,75.1282,45.6922,6.5759
63.66,-23.8167,-17.7179,12.4372,72.5812,38.7846,359.0928
63.68,-23.7894,-17.4447,13.623,69.4804,32.7833,354.3868
63.7,-23.789,-17.2254,14.2811,67.6493,29.833,351.9781
63.72,-23.8164,-16.8451,15.2609,64.759,26.0394,349.0914
63.74,-23.8947,-16.1347,16.5713,60.5564,21.6912,345.6253
63.76,-23.9176,-15.899,16.9682,59.2697,20.5128,344.7363
63.78,-23.9698,-15.5611,17.4336,57.6426,19.1243,343.3298
63.8,-24.0123,-15.2717,17.8189,56.2854,18.0702,342.2543
63.82,-24.0526,-15.0459,18.1306,55.2403,17.1606,341.2645
63.84,-24.1505,-14.7062,18.509,53.7567,15.9504,340.0886
63.86,-24.201,-14.6092,18.5831,53.4694,15.5442,339.534
63.88,-24.2031,-14.6228,18.5772,53.536,15.5454,339.3713
63.9,-24.2273,-14.6656,18.5065,53.8243,15.5475,339.118
63.92,-24.2301,-14.7771,18.3483,54.512,15.8144,338.9134
63.94,-24.2362,-15.1963,17.7488,56.8359,16.8908,339.5625
63.96,-24.2288,-15.5045,17.3167,58.5059,17.8384,340.3598
63.98,-24.2292,-15.7983,16.7943,60.3956,18.9637,341.3803
64,-24.2335,-16.2228,15.9942,63.2813,20.8132,343.1334
64.02,-24.2463,-16.4583,15.4438,65.0338,22.1698,344.4771
64.04,-24.3174,-17.1816,13.4423,71.2764,28.5892,351.2722
64.06,-24.3425,-17.4037,12.6672,73.6221,32.671,355.4012
64.08,-24.4102,-17.5792,11.5662,76.7342,39.6822,2.4647
64.1,-24.4957,-17.7169,10.3781,79.4396,50.7437,13.86
64.12,-24.5961,-17.7782,9.1271,81.7063,68.6684,32.0191
64.14,-24.7893,-17.7031,6.5149,81.5841,124.4576,88.4595
64.16,-24.8866,-17.5473,5.1969,79.0177,142.9382,107.5984
64.18,-24.9681,-17.3194,3.8903,75.4519,155.2501,119.5668
64.2,-25.0655,-16.9023,2.328,71.2386,162.4174,126.9061
64.22,-25.119,-16.5987,1.4539,68.7907,165.2966,130.4013
64.24,-25.2243,-15.7029,-0.6627,62.3681,170.0939,136.8128
64.26,-25.2555,-15.2243,-1.5858,59.2983,171.6338,138.6074
64.28,-25.2889,-14.6092,-2.5867,55.841,173.1422,140.5876
64.3,-25.301,-14.2551,-3.1062,53.9842,173.8768,141.4982
64.32,-25.3112,-13.814,-3.7041,51.7929,174.6008,142.5753
64.34,-25.3072,-12.9879,-4.6503,48.0622,175.5579,144.4964
64.36,-25.2879,-12.7325,-4.9136,46.9076,175.6856,144.8072
64.38,-25.2695,-12.5901,-5.0541,46.2743,175.7425,144.8712
64.4,-25.2264,-12.4657,-5.1824,45.6633,175.7425,144.6085
64.42,-25.1966,-12.4563,-5.1965,45.6077,175.7292,144.3911
64.43999,-25.1074,-12.6493,-5.0109,46.4351,175.4755,143.4286
64.46,-25.0457,-12.8894,-4.7655,47.4047,175.1195,142.6259
64.48,-24.9858,-13.1765,-4.4403,48.7223,174.6511,141.7218
64.5,-24.9211,-13.5294,-4.0203,50.3984,174.0764,140.7607
64.52,-24.835,-14.051,-3.3615,52.9703,173.1167,139.5842
64.54,-24.703,-14.8717,-2.185,57.3323,171.1591,137.6772
64.56,-24.6211,-15.3659,-1.3854,60.1145,169.5029,136.343
64.58,-24.5349,-15.8574,-0.4985,63.0333,167.3498,134.5933
64.6,-24.4419,-16.3283,0.4684,66.0081,164.4731,132.0486
64.62,-24.3417,-16.7695,1.5026,69.1094,160.5328,128.42
64.64,-24.1179,-17.4739,3.7375,75.1306,147.8875,115.9407
64.66,-23.9551,-17.7886,5.1846,78.1766,133.5447,101.6687
64.68,-23.8166,-17.9455,6.3433,79.6669,117.1043,84.6129
64.7,-23.7131,-18.0178,7.2051,80.1103,102.5252,69.6849
64.72,-23.5773,-18.0323,8.3468,79.7544,83.0909,50.0829
64.74,-23.3564,-17.9091,10.5025,76.3296,55.1161,22.4508
64.76,-23.2436,-17.7195,11.758,73.1436,44.7305,13.2234
64.78,-23.1912,-17.5626,12.4639,71.4149,40.6833,9.2173
64.8,-23.1387,-17.3192,13.3382,68.6531,36.2263,5.0013
64.82,-23.1123,-16.9981,14.1575,66.2044,32.5457,1.4762
64.84,-23.1018,-16.4383,15.5323,62.0226,27.9034,358.1078
64.86,-23.1545,-16.1051,16.0937,60.1422,25.8845,356.5706
64.88,-23.1589,-15.8565,16.5798,58.6173,24.6013,355.415
64.9,-23.2145,-15.516,17.0837,56.8881,23.0083,353.7328
64.92,-23.2297,-15.3775,17.3249,56.1311,22.3663,352.9879
64.93999,-23.3225,-15.0472,17.7533,54.6041,20.8497,351.3058
64.96,-23.3672,-14.9714,17.8499,54.3185,20.4337,350.7232
64.98,-23.3927,-14.9491,17.8729,54.2827,20.1813,350.3768
65,-23.4407,-14.9865,17.7971,54.5549,20.043,350.2812
65.02,-23.457,-15.0653,17.6949,54.9414,20.1837,350.4429
65.04,-23.5054,-15.4839,17.0836,57.2669,21.2023,351.2224
65.06,-23.5155,-15.7502,16.6792,58.7357,22.0548,352.1556
65.08,-23.5576,-15.962,16.3121,60.0127,22.6877,353.0876
65.1,-23.5913,-16.2505,15.7579,61.9062,23.9095,354.7635
65.12,-23.6378,-16.5712,15.1013,64.1369,25.5424,356.5366
65.14,-23.7955,-17.1328,13.5261,68.9662,29.8811,1.4746
65.16,-23.9146,-17.3682,12.6161,71.6169,32.8139,5.1268
65.18,-24.0511,-17.5719,11.6219,74.38,37.1242,10.0325
65.2,-24.2047,-17.7348,10.5495,77.2074,43.4692,16.9315
65.22,-24.3779,-17.8143,9.4454,79.8294,52.921,27.1813
65.24,-24.7828,-17.7551,6.7851,83.4186,102.264,77.601
65.26,-24.9197,-17.6537,5.8738,82.9201,124.1245,99.8468
65.28,-25.0956,-17.4529,4.6668,81.0036,145.5157,121.8239
65.3,-25.2857,-17.131,3.1852,77.4799,160.2386,137.3035
65.32,-25.3918,-16.8936,2.3255,75.1531,165.3864,142.9486
65.34,-25.6101,-16.1684,0.1904,68.7272,172.8564,151.5219
65.36,-25.6858,-15.7464,-0.7497,65.7146,174.8013,153.6558
65.38,-25.7306,-15.3343,-1.5997,62.8301,175.9389,154.9221
65.4,-25.7615,-14.9101,-2.338,60.2366,176.7184,155.9893
65.42,-25.7785,-14.5072,-2.9685,57.9584,177.2306,157.1303
65.43999,-25.7668,-13.8126,-3.931,54.283,177.6996,158.609
65.46,-25.7352,-13.5509,-4.2742,52.8957,177.6541,158.6088
65.48,-25.6897,-13.3627,-4.5281,51.829,177.5175,158.3228
65.5,-25.6375,-13.2419,-4.693,51.1216,177.297,157.8467
65.52,-25.5738,-13.2051,-4.7667,50.7832,176.9899,157.3127
65.54,-25.4316,-13.3351,-4.647,51.2661,176.1173,155.8852
65.56,-25.3055,-13.5903,-4.3515,52.3949,175.2125,154.5532
65.58,-25.2297,-13.7842,-4.1132,53.3146,174.5745,153.6745
65.6,-25.1213,-14.0947,-3.7138,54.8237,173.5646,152.31
65.62,-25.0067,-14.4548,-3.2199,56.6364,172.3031,150.661
65.64,-24.7309,-15.3923,-1.7594,61.6574,168.3174,145.8747
65.66,-24.6014,-15.8367,-0.9598,64.2009,165.7513,142.9213
65.68,-24.5045,-16.1642,-0.3027,66.1991,163.3832,140.2562
65.7,-24.3716,-16.5907,0.6444,68.9121,159.3515,135.856
65.72,-24.235,-16.9981,1.6636,71.5948,154.01,130.221
65.74,-23.9768,-17.665,3.8802,76.4584,136.8097,112.6383
65.76,-23.8511,-17.9166,5.046,78.1708,123.4895,98.9809
65.78,-23.7301,-18.1024,6.2329,79.1272,107.0989,82.0541
65.8,-23.6255,-18.2149,7.4216,79.1275,89.1738,63.6097
65.82,-23.5237,-18.2665,8.6045,78.1963,73.0476,47.1066
65.84,-23.3858,-18.1222,10.8752,74.4986,50.1466,23.6467
65.86,-23.3517,-17.9364,11.9382,72.175,42.8656,16.055
65.88,-23.3428,-17.6368,13.1696,69.2218,36.0745,9.0816
65.9,-23.3645,-17.4286,13.8405,67.4519,32.8344,5.801
65.92,-23.4269,-17.0796,14.6709,65.1248,29.1817,1.9337
65.93999,-23.5372,-16.409,16.0846,60.9997,24.0673,356.3375
65.96,-23.6498,-16.0193,16.6554,59.1294,21.8732,354.1838
65.98,-23.7462,-15.6776,17.2427,57.2865,20.0694,352.351
66,-23.8325,-15.4031,17.6187,55.9884,18.8271,350.8265
66.02,-23.8799,-15.2092,17.8548,55.1706,18.0783,349.8261
66.04,-24.0434,-14.9038,18.216,53.8959,16.5968,348.0987
66.06,-24.1099,-14.8225,18.2803,53.6595,16.1512,347.6144
66.08,-24.1672,-14.8153,18.2652,53.7403,15.8621,347.3849
66.1,-24.1873,-14.8958,18.1923,54.1218,15.8755,347.3697
66.12,-24.2415,-15.0214,18.0219,54.7713,15.8344,347.4352
66.14,-24.2898,-15.5361,17.4424,57.0645,16.6482,348.5561
66.16,-24.3017,-15.839,17.0243,58.5934,17.3978,349.6218
66.18,-24.3153,-16.1626,16.5102,60.4216,18.2573,350.9021
66.2,-24.3621,-16.5855,15.7143,63.1299,19.6785,353.1239
66.22,-24.3823,-16.7946,15.1824,64.8262,20.6549,354.6462
66.24,-24.4738,-17.395,13.452,70.1236,25.2995,359.8095
66.26,-24.5462,-17.6349,12.4619,72.9223,28.783,3.6278
66.28,-24.6367,-17.8008,11.4048,75.7873,33.0743,8.935
66.3,-24.7365,-17.9331,10.2609,78.7229,40.4296,16.7815
66.32,-24.8532,-17.9627,9.064,81.3968,52.5111,29.1128
66.34,-25.0952,-17.846,6.5654,83.984,107.3543,85.3914
66.36,-25.2335,-17.6491,4.9771,81.8686,141.1841,120.174
66.38,-25.313,-17.4758,4.0394,79.7965,152.5188,132.1649
66.4,-25.4084,-17.2092,2.8095,76.601,161.5878,142.0312
66.42,-25.492,-16.8655,1.6428,73.3217,166.8918,147.889
66.43999,-25.5873,-16.087,-0.4513,66.8401,172.1521,153.8234
66.46,-25.6273,-15.523,-1.5432,63.2369,174.0098,156.3833
66.48,-25.6435,-15.184,-2.119,61.2352,174.7968,157.5897
66.5,-25.6632,-14.6365,-2.9473,58.2639,175.8218,159.3524
66.52,-25.6619,-14.3323,-3.3646,56.7003,176.2612,159.8666
66.54,-25.6414,-13.6782,-4.2264,53.2678,176.936,160.322
66.56,-25.6244,-13.4414,-4.5127,52.0918,177.145,160.2679
66.58,-25.5957,-13.2956,-4.7077,51.2463,177.1706,159.8896
66.6,-25.5642,-13.219,-4.8051,50.805,177.1146,159.3544
66.62,-25.5271,-13.2215,-4.8041,50.7635,176.9672,158.7281
66.64,-25.4385,-13.4565,-4.5149,51.8705,176.3938,157.2366
66.66,-25.385,-13.6953,-4.2283,52.9653,175.9102,156.2387
66.68,-25.3281,-13.992,-3.8547,54.3964,175.3166,155.0153
66.7,-25.2616,-14.3508,-3.3922,56.109,174.5241,153.4
66.72,-25.1936,-14.7497,-2.8384,58.1095,173.5259,151.5067
66.74,-25.035,-15.6408,-1.4446,62.8389,170.5875,146.8435
66.76,-24.9435,-16.1015,-0.6044,65.4984,168.4238,143.9438
66.78,-24.8499,-16.5392,0.3275,68.3203,165.5455,140.447
66.8,-24.7483,-16.9544,1.3404,71.1962,161.6425,135.9753
66.82,-24.6387,-17.328,2.4289,74.0712,156.1963,130.0183
66.84,-24.4088,-17.9023,4.7636,79.1712,136.4708,109.4482
66.86,-24.2968,-18.0667,5.9816,80.9265,119.0771,91.6627
66.88,-24.1614,-18.1987,7.1986,81.463,97.0721,69.2952
66.9,-24.0362,-18.2346,8.4133,80.7086,75.3638,47.3453
66.92,-23.9272,-18.1907,9.6007,78.9318,58.8448,30.6368
66.93999,-23.7457,-17.8841,11.854,73.9316,39.9422,11.6248
66.96,-23.6767,-17.6314,12.8954,71.2099,34.583,6.2936
66.98,-23.6401,-17.359,13.8447,68.569,30.5618,2.2725
67,-23.6144,-17.0404,14.7198,66.0433,27.4924,359.0656
67.02,-23.6322,-16.6831,15.5014,63.6128,24.9109,356.4126
67.04,-23.7072,-15.9232,16.8163,59.3398,20.9469,352.1503
67.06,-23.7673,-15.567,17.3414,57.509,19.4146,350.6826
67.08,-23.8253,-15.264,17.7865,55.9734,18.1937,349.5514
67.1,-23.8835,-14.998,18.1469,54.6861,17.1622,348.5849
67.12,-23.9371,-14.7839,18.4342,53.6491,16.38,347.8044
67.14,-24.0681,-14.5198,18.7549,52.4454,15.2257,346.298
67.16,-24.0991,-14.528,18.7994,52.3714,15.0799,345.923
67.18,-24.1585,-14.5403,18.7538,52.5523,14.8058,345.3243
67.2,-24.1867,-14.6654,18.6276,53.1653,14.8827,345.1905
67.22,-24.2037,-14.815,18.4565,53.8674,15.0972,345.3778
67.24,-24.2652,-15.3532,17.7623,56.6184,16.0396,346.6645
67.26,-24.2851,-15.6861,17.2744,58.4758,16.7734,347.7192
67.28,-24.3243,-16.0371,16.6809,60.5601,17.7347,349.2331
67.3,-24.3777,-16.4066,15.9836,62.9499,18.9019,350.9943
67.32,-24.4311,-16.7742,15.1864,65.544,20.5089,352.9157
67.34,-24.5969,-17.4381,13.2636,71.3979,25.5465,357.6255
67.36,-24.7084,-17.7,12.1577,74.5133,29.6185,1.599
67.38,-24.8363,-17.8883,10.982,77.648,35.6417,7.9133
67.4,-25.0543,-17.9941,9.4211,81.4526,48.0017,21.9663
67.42,-25.2018,-18.0022,8.4285,83.449,62.6054,37.6733
67.43999,-25.5254,-17.7413,5.7343,83.612,134.8275,110.6662
67.46,-25.6749,-17.4892,4.3919,80.8172,154.8721,131.3969
67.48,-25.8549,-17.0662,2.7435,76.5766,166.4368,143.9633
67.5,-25.9557,-16.6892,1.489,72.9556,170.9554,149.3336
67.52,-26.0246,-16.3596,0.5996,70.2973,173.1921,152.369
67.54,-26.1289,-15.3903,-1.5101,63.5615,176.3417,157.4419
67.56,-26.141,-14.8798,-2.4003,60.5115,177.116,158.9148
67.58,-26.1347,-14.3801,-3.1777,57.7272,177.5612,160.0224
67.6,-26.1075,-13.7943,-3.9812,54.7418,177.9951,161.588
67.62,-26.0735,-13.4714,-4.3737,53.1823,178.1054,161.9313
67.64,-25.9625,-12.7749,-5.1219,50.0289,178.1842,162.6724
67.66,-25.8922,-12.5497,-5.3442,49.0179,178.1254,162.768
67.68,-25.8152,-12.4109,-5.4739,48.4024,177.9782,162.456
67.7,-25.7301,-12.3683,-5.5164,48.1584,177.7347,161.7982
67.72,-25.6435,-12.4146,-5.4746,48.282,177.3971,160.8148
67.74,-25.4355,-12.7841,-5.0999,49.747,176.3103,157.9775
67.76,-25.3285,-13.0807,-4.7671,51.0585,175.5845,156.3545
67.78,-25.1884,-13.5443,-4.2116,53.1944,174.423,154.007
67.8,-25.101,-13.8657,-3.803,54.7058,173.5702,152.362
67.82,-24.9814,-14.3301,-3.1696,56.9668,172.2147,149.8472
67.84,-24.7405,-15.3257,-1.5944,62.2479,168.5765,143.8373
67.86,-24.6233,-15.8199,-0.6529,65.2118,165.9883,140.2087
67.88,-24.5006,-16.3104,0.3822,68.2656,162.4126,135.8346
67.9,-24.3781,-16.7638,1.5074,71.3584,157.5086,130.3652
67.92,-24.256,-17.1578,2.7083,74.3516,150.48,122.7262
67.93999,-23.9778,-17.8188,5.5885,79.4682,121.1443,91.6237
67.96,-23.8969,-17.9495,6.5774,80.2066,105.9934,75.9438
67.98,-23.7925,-18.0532,7.9028,80.0509,84.3448,53.718
68,-23.6886,-18.048,9.5381,78.2086,61.7637,30.6841
68.02,-23.6284,-17.9479,10.7993,75.8864,49.2694,17.7355
68.04,-23.5842,-17.564,12.8573,71.021,35.5844,3.066
68.06,-23.6172,-17.1646,14.1739,67.5145,29.3858,356.7582
68.08,-23.6656,-16.8852,14.889,65.5006,26.4824,353.8575
68.1,-23.7326,-16.4681,15.772,62.8583,23.3717,350.7075
68.12,-23.8458,-16.0291,16.544,60.4101,20.6997,348.2219
68.14,-24.0505,-15.2199,17.8103,56.2169,16.8247,344.6514
68.16,-24.1718,-14.8313,18.2939,54.4487,15.2748,343.1532
68.18,-24.2908,-14.4951,18.7011,52.9593,13.9585,341.928
68.2,-24.3848,-14.2269,19.0148,51.7754,13.0091,340.9647
68.22,-24.4782,-14.0448,19.2393,50.9401,12.2502,340.1773
68.24,-24.642,-13.8607,19.4436,50.1849,11.2131,339.0403
68.26,-24.6978,-13.8895,19.4311,50.2812,11.0141,338.7184
68.28,-24.737,-13.9818,19.3484,50.7026,10.9878,338.6783
68.3,-24.7662,-14.1739,19.1708,51.5377,11.1757,338.6906
68.32,-24.7936,-14.4385,18.8922,52.7517,11.4402,338.7577
68.34,-24.8375,-15.1576,18.0747,56.1777,12.5586,339.4704
68.36,-24.8359,-15.5893,17.519,58.3989,13.4978,340.2489
68.38,-24.8748,-16.0238,16.8565,60.8886,14.422,341.2831
68.4,-24.9135,-16.4655,16.0845,63.6521,15.6495,342.8159
68.42,-24.9758,-16.8994,15.2032,66.7828,17.1389,344.8241
68.43999,-25.1259,-17.6268,13.138,73.3414,22.1533,349.8932
68.46,-25.2357,-17.9061,11.9575,76.7306,26.5094,353.9748
68.48,-25.3777,-18.1129,10.7086,80.1138,33.6726,1.6373
68.5,-25.5732,-18.2283,9.0676,83.9615,52.4771,21.4984
68.52,-25.6811,-18.2297,8.055,85.535,78.5701,47.9997
68.54,-25.9715,-17.922,5.3308,82.7107,153.2673,123.9759
68.56,-26.0928,-17.6282,3.9958,79.4386,164.6525,136.2959
68.58,-26.1931,-17.2631,2.7106,75.9985,170.2875,143.1496
68.6,-26.2662,-16.8421,1.4858,72.5317,173.3916,147.5654
68.62,-26.3168,-16.3679,0.3376,69.1241,175.2527,150.5613
68.64,-26.3291,-15.3715,-1.6784,62.6835,176.925,154.2356
68.66,-26.3053,-14.8664,-2.5228,59.8142,177.3062,155.4904
68.68,-26.2674,-14.3759,-3.2523,57.2247,177.5468,156.5431
68.7,-26.2159,-13.9169,-3.868,54.9544,177.6971,157.3053
68.72,-26.1462,-13.5117,-4.3672,52.9633,177.7509,157.7267
68.74,-25.9905,-12.8789,-5.045,50.0779,177.7157,157.8183
68.76,-25.9037,-12.6811,-5.2313,49.1999,177.6296,157.4942
68.78,-25.8133,-12.5726,-5.3246,48.6995,177.4459,156.8967
68.8,-25.6993,-12.5629,-5.3119,48.608,177.142,155.9013
68.82,-25.6344,-12.6126,-5.2447,48.8562,176.9041,155.0724
68.84,-25.433,-13.02,-4.7822,50.5751,175.9364,152.2757
68.86,-25.3357,-13.3268,-4.4153,51.9803,175.3125,150.5495
68.88,-25.2371,-13.6974,-3.9548,53.7071,174.5217,148.4928
68.9,-25.1388,-14.1169,-3.395,55.7364,173.5872,146.2521
68.92,-25.0384,-14.5732,-2.7316,58.0627,172.4345,143.8361
68.93999,-24.845,-15.5278,-1.0903,63.5269,169.1857,138.5146
68.96,-24.7432,-16.006,-0.1192,66.535,166.6996,135.2689
68.98,-24.6448,-16.4457,0.947,69.7036,163.3297,131.2352
69,-24.538,-16.8621,2.0868,72.8489,158.4146,125.7576
69.02,-24.4305,-17.2384,3.2841,75.8778,151.1699,118.1198
69.04,-24.1918,-17.8506,5.7928,80.5561,123.1319,89.4654
69.06,-24.0661,-18.0615,7.0681,81.3709,100.5973,66.6003
69.08,-23.9501,-18.1939,8.3277,80.7302,77.372,43.2017
69.1,-23.8041,-18.2261,9.8629,78.3055,55.8063,20.6767
69.12,-23.7337,-18.168,10.7534,76.4007,47.7627,12.3186
69.14,-23.6256,-17.7819,12.9406,70.9978,34.4515,359.4154
69.16,-23.6047,-17.4979,13.9027,68.3577,30.5057,355.653
69.18,-23.6074,-17.1656,14.7801,65.8469,27.3593,352.4493
69.2,-23.6362,-16.7948,15.5704,63.4573,24.7604,349.7157
69.22,-23.7041,-16.3599,16.4053,60.8256,22.2314,347.074
69.24,-23.8214,-15.8249,17.3438,57.8248,19.4771,344.4043
69.26,-23.9038,-15.5453,17.751,56.4661,18.1146,342.981
69.28,-23.9967,-15.3115,18.0738,55.3994,16.9847,341.7762
69.3,-24.0924,-15.1457,18.2991,54.6758,16.0813,340.7259
69.32,-24.1818,-15.0493,18.4358,54.3175,15.3203,339.6418
69.34,-24.3306,-15.0207,18.491,54.3974,14.3276,337.4264
69.36,-24.39,-15.0929,18.4141,54.8471,14.0938,336.6759
69.38,-24.4615,-15.2574,18.231,55.633,13.9753,336.2417
69.4,-24.5313,-15.4689,17.9599,56.7183,13.9538,336.1999
69.42,-24.5912,-15.7525,17.5961,58.2073,14.2034,336.6207
69.43999,-24.7074,-16.3948,16.5896,61.9101,15.2503,338.4351
69.46,-24.7668,-16.7374,15.9365,64.2008,16.1961,339.9227
69.48,-24.8418,-17.0741,15.1728,66.6664,17.2896,341.367
69.5,-24.9473,-17.4764,14.0806,70.0995,19.3986,343.7482
69.52,-25.0279,-17.6761,13.3524,72.2511,21.0165,345.6119
69.54,-25.2599,-18.1068,11.1565,78.4448,29.2556,354.4384
69.56,-25.4325,-18.2415,9.6295,82.3115,41.5422,7.2904
69.58,-25.5456,-18.2393,8.6799,84.2971,56.1501,22.4068
69.6,-25.6799,-18.1988,7.3784,85.6942,95.102,62.341
69.62,-25.8047,-18.0807,6.0613,84.4495,135.729,104.0094
69.64,-26.0006,-17.6018,3.4574,78.3722,164.2109,134.5828
69.66,-26.06,-17.2699,2.2112,74.9209,168.7424,140.3239
69.68,-26.0958,-16.8761,1.0296,71.5102,171.4211,144.1515
69.7,-26.1084,-16.4344,-0.0653,68.2268,172.9816,146.9037
69.72,-26.1004,-15.9691,-1.0677,65.0882,174.0398,149.2083
69.74,-26.0262,-15.0222,-2.7622,59.4032,175.1226,152.3894
69.76,-25.9459,-14.4626,-3.6041,56.3331,175.378,153.3646
69.78,-25.8924,-14.1455,-4.0272,54.7406,175.4703,153.6964
69.8,-25.7914,-13.6888,-4.6052,52.4218,175.4654,153.8799
69.82,-25.7286,-13.4579,-4.8748,51.2977,175.4339,153.9198
69.84,-25.5325,-13.007,-5.3581,49.1415,175.1453,153.5721
69.86,-25.4627,-12.9467,-5.4168,48.8347,174.9434,153.0798
69.88,-25.3709,-12.9349,-5.4177,48.745,174.6303,152.2021
69.9,-25.2837,-12.998,-5.3368,49.0115,174.2221,151.0821
69.92,-25.1875,-13.1529,-5.1491,49.6859,173.7676,150.0175
69.93999,-25.0122,-13.6893,-4.5231,52.0198,172.5536,147.4615
69.96,-24.927,-14.0512,-4.0817,53.6558,171.7348,145.8071
69.98,-24.8432,-14.4596,-3.5503,55.5767,170.7278,143.7907
70,-24.7596,-14.9103,-2.9256,57.7369,169.5043,141.5521
70.02,-24.6758,-15.389,-2.2069,60.1184,167.9466,138.9721
70.04,-24.5153,-16.35,-0.4821,65.5124,163.4666,132.561
70.06,-24.4315,-16.8117,0.5173,68.377,160.0729,128.4629
70.08,-24.3434,-17.249,1.594,71.2352,155.3956,123.2622
70.1,-24.2531,-17.6417,2.7421,74.0134,148.8771,116.4568
70.12,-24.1637,-17.9749,3.9434,76.5613,139.4863,106.9198
70.14,-23.9707,-18.4388,6.4496,79.8079,107.9511,75.1351
70.16,-23.8854,-18.5463,7.7147,79.8661,87.6641,54.6949
70.18,-23.8041,-18.5852,8.9602,78.7719,69.6654,36.6311
70.2,-23.7249,-18.5463,10.1922,76.8744,55.9311,23.0438
70.22,-23.6778,-18.4141,11.3484,74.5362,46.249,13.5749
70.24,-23.6484,-17.9297,13.4734,69.4408,33.8392,1.4457
70.26,-23.6589,-17.6294,14.4057,66.9547,29.9949,357.627
70.28,-23.694,-17.2457,15.2602,64.4934,26.6864,354.3902
70.3,-23.746,-16.8607,16.0124,62.2066,24.0774,351.9494
70.32,-23.7959,-16.4667,16.6762,60.0873,22.024,349.9857
70.34,-23.8964,-15.7805,17.6932,56.6595,19.1845,346.8918
70.36,-23.9422,-15.4952,18.0625,55.3266,18.1875,345.916
70.38,-23.9836,-15.2317,18.3332,54.2349,17.4465,345.0437
70.4,-23.9862,-15.0624,18.5137,53.5376,17.0647,344.5732
70.42,-23.9849,-14.946,18.6006,53.1436,16.8755,344.4282
70.43999,-23.9529,-14.9519,18.5145,53.3431,17.2166,344.8095
70.46,-23.916,-15.0936,18.3362,54.0287,17.7649,345.4372
70.48,-23.8686,-15.2966,18.0555,55.0099,18.5563,346.3391
70.5,-23.8295,-15.5449,17.7052,56.2046,19.4469,347.4165
70.52,-23.7657,-15.8722,17.2707,57.7523,20.7181,348.8025
70.54,-23.6849,-16.6249,16.0922,61.7248,24.0385,352.3999
70.56,-23.667,-16.9955,15.3511,64.0681,26.3071,354.5995
70.58,-23.6462,-17.3749,14.5108,66.6614,29.2826,357.1904
70.6,-23.6694,-17.6925,13.571,69.3341,32.8648,0.4381
70.62,-23.7207,-17.9716,12.5394,72.105,37.6343,4.8723
70.64,-23.8995,-18.3299,10.2561,77.3845,53.4169,20.1478
70.66,-24.0124,-18.4293,9.0241,79.5085,67.4194,33.9285
70.68,-24.1475,-18.447,7.7687,80.808,86.3334,53.1814
70.7,-24.2839,-18.4111,6.4966,80.8786,108.4998,76.1759
70.72,-24.4701,-18.2682,4.9109,79.2801,131.993,101.5413
70.74,-24.6841,-17.9118,2.7447,74.9444,151.3664,123.3802
70.76,-24.7815,-17.6081,1.575,72.0747,157.423,130.2445
70.78,-24.8583,-17.2535,0.4702,69.0963,161.504,134.952
70.8,-24.9403,-16.7319,-0.7822,65.4765,164.9125,139.3907
70.82,-24.9687,-16.4029,-1.4586,63.3548,166.2792,141.1753
70.84,-25.0301,-15.4659,-2.9668,58.3971,168.8116,144.532
70.86,-25.0452,-15.026,-3.5647,56.2868,169.6093,145.587
70.88,-25.0538,-14.5453,-4.1729,54.0539,170.3985,146.7843
70.9,-25.0549,-14.2214,-4.5558,52.6038,170.879,147.4528
70.92,-25.0527,-14.0182,-4.7833,51.7167,171.1812,147.7636
70.93999,-25.0255,-13.6815,-5.1457,50.1996,171.6421,147.7776
70.96,-25.0012,-13.6248,-5.191,49.9425,171.7018,147.3076
70.98,-24.9681,-13.6532,-5.1232,50.1219,171.6476,146.5955
71,-24.9342,-13.7669,-4.9755,50.6754,171.4202,145.8204
71.02,-24.9018,-13.9183,-4.7814,51.33,171.1723,145.1583
71.04,-24.8148,-14.4726,-4.0604,53.927,170.1131,142.8838
71.06,-24.7651,-14.8347,-3.5649,55.671,169.3008,141.336
71.08,-24.709,-15.2421,-2.9784,57.6599,168.228,139.3315
71.1,-24.6511,-15.6764,-2.295,59.8973,166.8756,137.0994
71.12,-24.5932,-16.1238,-1.509,62.3916,165.1594,134.7404
71.14,-24.463,-17.0131,0.3445,67.8315,159.8876,128.5366
71.16,-24.3919,-17.4201,1.3997,70.6811,155.704,123.9868
71.18,-24.3147,-17.7855,2.5281,73.5081,149.8009,117.7591
71.2,-24.2275,-18.1125,3.724,76.1497,141.1044,108.7003
71.22,-24.1373,-18.3776,4.9317,78.3009,129.0012,96.2611
71.24,-23.9528,-18.6774,7.442,80.0892,92.3188,58.7888
71.26,-23.8707,-18.6935,8.698,79.2972,73.1837,39.3687
71.28,-23.7844,-18.6499,9.9182,77.52,58.5756,24.1263
71.3,-23.7047,-18.4882,11.3852,74.6426,45.976,11.1692
71.32,-23.6789,-18.3241,12.2316,72.7206,40.2813,5.5462
71.34,-23.6901,-17.7126,14.2771,67.4776,30.0865,356.0016
71.36,-23.728,-17.3245,15.1799,64.9296,26.5487,352.907
71.38,-23.7637,-16.924,15.9984,62.5104,23.8071,350.4211
71.4,-23.8322,-16.5164,16.7121,60.2938,21.5333,348.3885
71.42,-23.896,-16.128,17.341,58.3,19.6865,346.7844
71.43999,-24.0513,-15.3715,18.3313,54.8312,16.7963,344.1114
71.46,-24.1313,-15.0124,18.7605,53.2909,15.5985,342.8575
71.48,-24.1659,-14.8407,18.9638,52.5394,15.031,342.1868
71.5,-24.2031,-14.6709,19.1454,51.8609,14.5193,341.4374
71.52,-24.2283,-14.5548,19.2401,51.4642,14.2894,340.8554
71.54,-24.2297,-14.5763,19.1677,51.7502,14.4076,340.6043
71.56,-24.2323,-14.6771,18.9901,52.3905,14.7085,340.9147
71.58,-24.1832,-14.9011,18.711,53.462,15.4748,341.7546
71.6,-24.1523,-15.1618,18.3523,54.7308,16.267,342.7905
71.62,-24.1019,-15.4974,17.9041,56.3061,17.4073,344.3046
71.64,-23.9939,-16.2868,16.7167,60.3461,20.5966,348.1313
71.66,-23.9447,-16.6979,15.9666,62.761,22.8465,350.3089
71.68,-23.9051,-17.1096,15.1013,65.3388,25.6937,352.7196
71.7,-23.8906,-17.5692,13.8833,68.7432,30.2702,356.8087
71.72,-23.9013,-17.811,13.084,70.8481,33.7463,0.2276
71.74,-24.0001,-18.3187,10.4245,76.919,51.3492,17.8468
71.76,-24.0688,-18.3938,9.4801,78.5613,60.7207,27.8063
71.78,-24.1741,-18.4281,8.1938,80.2094,77.4575,45.9328
71.8,-24.2802,-18.3746,6.8857,80.7599,98.7853,68.4962
71.82,-24.3869,-18.2345,5.5724,79.9022,119.9113,90.4668
71.84,-24.5784,-17.7688,3.0146,75.4378,146.5269,119.0549
71.86,-24.6762,-17.3582,1.5174,71.8155,155.1282,128.7393
71.88,-24.7328,-17.0704,0.6744,69.6169,158.6462,132.8289
71.9,-24.8001,-16.6571,-0.3724,66.6951,162.1341,137.1742
71.92,-24.8615,-16.219,-1.3205,63.8961,164.706,140.7945
71.93999,-24.9707,-15.3029,-2.8993,58.8383,168.2252,146.0911
71.96,-25.0142,-14.8722,-3.5347,56.6283,169.4201,147.9041
71.98,-25.0508,-14.4698,-4.0608,54.706,170.3914,149.1157
72,-25.0811,-14.1228,-4.4895,53.0581,171.1622,150.0169
72.02,-25.1107,-13.8313,-4.8222,51.7482,171.807,150.6721
72.04,-25.1557,-13.4475,-5.2312,50.0499,172.7629,151.183
72.06,-25.166,-13.4039,-5.2658,49.8546,172.9839,150.9713
72.08,-25.1708,-13.4211,-5.2348,49.9343,173.0725,150.7223
72.1,-25.1719,-13.5069,-5.1281,50.3435,173.1133,150.2346
72.12,-25.1676,-13.6887,-4.9097,51.1562,173.0348,149.5665
72.14,-25.1395,-14.2422,-4.2346,53.6793,172.4399,147.8713
72.16,-25.1166,-14.603,-3.7641,55.3898,171.8807,146.6964
72.18,-25.0868,-15.0042,-3.1977,57.3793,171.1215,145.2418
72.2,-25.0499,-15.4448,-2.5371,59.6235,170.0658,143.4786
72.22,-25.0065,-15.896,-1.7951,62.0626,168.7039,141.4686
72.24,-24.8982,-16.8113,-0.0439,67.4971,164.4537,136.0554
72.26,-24.8218,-17.247,0.9497,70.3416,161.0699,132.0475
72.28,-24.7361,-17.6399,2.0109,73.1523,156.2961,126.6681
72.3,-24.6447,-17.9909,3.1227,75.837,149.3558,119.3755
72.32,-24.546,-18.2884,4.2779,78.258,139.0131,109.0375
72.34,-24.3072,-18.6692,6.6737,80.9626,103.9925,73.8727
72.36,-24.1871,-18.7603,7.8603,80.6114,83.4961,53.0201
72.38,-24.064,-18.7649,9.0427,79.2335,66.3038,35.4396
72.4,-23.9577,-18.6993,10.1888,77.2164,54.0051,22.851
72.42,-23.8693,-18.531,11.3007,74.8363,45.1623,13.8815
72.43999,-23.7565,-18.0242,13.3367,69.821,33.9687,2.6822
72.46,-23.7469,-17.6561,14.2542,67.2717,30.1244,358.7216
72.48,-23.7282,-17.2917,15.0939,64.861,27.3213,355.7649
72.5,-23.7323,-16.8854,15.8631,62.5229,24.86,353.2248
72.52,-23.7581,-16.4839,16.548,60.3616,22.8117,351.1929
72.54,-23.8544,-15.7156,17.6575,56.6499,19.6511,347.8047
72.56,-23.8926,-15.3568,18.1001,55.0965,18.4287,346.3309
72.58,-23.9461,-15.0699,18.4423,53.8203,17.5184,345.252
72.6,-23.975,-14.7931,18.7621,52.6976,16.6818,344.1476
72.62,-23.9893,-14.6455,18.9059,52.1754,16.2481,343.4365
72.64,-24.0101,-14.4482,19.0623,51.5455,15.7924,342.3867
72.66,-24.0201,-14.452,19.0288,51.6393,15.7861,342.3132
72.68,-24.002,-14.5345,18.943,51.9953,15.9956,342.4262
72.7,-23.9799,-14.6909,18.7614,52.688,16.4094,342.7112
72.72,-23.9228,-14.9176,18.5268,53.6478,17.0633,343.1115
72.74,-23.8373,-15.531,17.8071,56.3914,18.9257,344.6609
72.76,-23.7803,-15.8986,17.3155,58.1702,20.2944,345.9397
72.78,-23.7386,-16.262,16.7419,60.1727,21.7331,347.4664
72.8,-23.7182,-16.6267,16.0762,62.3954,23.4132,349.2817
72.82,-23.7165,-16.9746,15.3102,64.7712,25.4347,351.3172
72.84,-23.7701,-17.5861,13.5235,69.9415,30.9954,356.8421
72.86,-23.8234,-17.8381,12.5052,72.6877,35.3678,1.1254
72.88,-23.8985,-18.0042,11.4221,75.3594,41.232,7.1332
72.9,-24.0097,-18.0978,10.2768,77.9574,49.6076,15.655
72.92,-24.1244,-18.1185,9.0834,80.2047,62.6631,28.8384
72.93999,-24.4129,-17.9167,6.6309,82.0593,105.4748,72.9132
72.96,-24.5603,-17.7158,5.4087,81.0785,127.3089,96.0782
72.98,-24.7005,-17.4599,4.1977,79.0934,142.9794,112.7808
73,-24.8225,-17.1603,3.0202,76.5395,153.1822,123.7591
73.02,-24.9439,-16.817,1.8875,73.7024,159.8517,131.5551
73.04,-25.1302,-16.0654,-0.1905,67.7548,167.477,140.8184
73.06,-25.2016,-15.6603,-1.1036,64.9257,169.772,143.5999
73.08,-25.2581,-15.2516,-1.9155,62.257,171.3548,145.4919
73.1,-25.302,-14.8495,-2.6176,59.8734,172.5048,146.9495
73.12,-25.337,-14.4674,-3.2072,57.7463,173.3398,148.1135
73.14,-25.378,-13.8292,-4.0632,54.5158,174.3759,149.665
73.16,-25.3867,-13.6014,-4.3442,53.4085,174.7275,150.1961
73.18,-25.3874,-13.4412,-4.5311,52.6484,174.9734,150.4678
73.2,-25.3786,-13.3571,-4.6325,52.208,175.1019,150.4119
73.22,-25.363,-13.3509,-4.6469,52.1198,175.1155,150.0881
73.24,-25.2904,-13.6231,-4.3638,53.1323,174.528,148.1961
73.26,-25.2557,-13.792,-4.1611,53.8612,174.2078,147.376
73.28,-25.2077,-14.0666,-3.8141,55.1228,173.6467,146.2002
73.3,-25.1347,-14.4854,-3.2478,57.1017,172.6432,144.2917
73.32,-25.0878,-14.7615,-2.8357,58.5157,171.8824,142.9334
73.34,-24.9429,-15.5926,-1.4863,62.8978,169.003,138.435
73.36,-24.8585,-16.0397,-0.6855,65.3175,166.878,135.4585
73.38,-24.7715,-16.4679,0.2015,67.9161,164.1345,131.8266
73.4,-24.6753,-16.8925,1.1603,70.5417,160.4245,127.2893
73.42,-24.5765,-17.2886,2.1832,73.1666,155.3408,121.562
73.43999,-24.3683,-17.9205,4.3936,77.9615,137.9251,103.1057
73.46,-24.2572,-18.1564,5.5487,79.6348,123.7509,88.5452
73.48,-24.15,-18.3301,6.7141,80.5056,105.9024,70.1809
73.5,-24.0402,-18.4349,7.8856,80.343,86.7131,50.5092
73.52,-23.9327,-18.4964,9.0312,79.266,70.4335,33.8182
73.54,-23.7808,-18.3841,11.243,75.3695,47.9697,11.4919
73.56,-23.7403,-18.2292,12.2664,73.0076,40.7947,4.6507
73.58,-23.7029,-18.01,13.2259,70.581,35.5657,359.3613
73.6,-23.6993,-17.7224,14.1096,68.2006,31.5182,355.4643
73.62,-23.7061,-17.3897,14.9202,65.9205,28.3041,352.5769
73.64,-23.7648,-16.705,16.2792,61.7896,23.6791,348.6555
73.66,-23.8042,-16.391,16.8254,60.0327,21.9792,347.1868
73.68,-23.8478,-16.0496,17.2959,58.4304,20.6018,345.9949
73.7,-23.8907,-15.7646,17.6787,57.0747,19.4713,345.0162
73.72,-23.9143,-15.5528,17.9857,56.0392,18.7471,344.2361
73.74,-23.9472,-15.2449,18.3543,54.6899,17.7914,342.924
73.76,-23.973,-15.1629,18.4197,54.3979,17.4885,342.5157
73.78,-23.9565,-15.1832,18.4127,54.4761,17.6013,342.4474
73.8,-23.9452,-15.2634,18.3282,54.8186,17.8399,342.4907
73.82,-23.921,-15.4035,18.1425,55.5323,18.2373,342.6694
73.84,-23.8659,-15.8409,17.5311,57.7258,19.7973,344.1315
73.86,-23.8282,-16.121,17.0958,59.2636,20.8973,345.1598
73.88,-23.8019,-16.4391,16.5638,61.0275,22.2403,346.5221
73.9,-23.7958,-16.7817,15.9312,63.0258,23.8496,348.2354
73.92,-23.7929,-17.0964,15.2113,65.1912,25.8846,350.1936
73.93999,-23.8067,-17.7584,13.4639,70.2329,32.6352,356.1016
73.96,-23.864,-18.0217,12.4475,72.8447,37.5947,0.4014
73.98,-23.9205,-18.2281,11.3636,75.4504,44.6137,6.784
74,-24.0104,-18.3601,10.2151,77.8629,54.3837,16.1703
74.02,-24.1363,-18.4263,8.9964,79.8354,68.7018,30.2771
74.04,-24.4285,-18.358,6.5135,81.0776,109.2177,72.7861
74.06,-24.5982,-18.2135,5.2791,80.1737,128.2269,94.6514
74.08,-24.7365,-18.029,4.0328,78.1295,142.9202,111.1109
74.1,-24.8495,-17.7753,2.8121,75.4482,152.5025,121.7982
74.12,-24.9725,-17.3866,1.3448,71.7414,159.8793,130.5732
74.14,-25.0895,-16.7226,-0.5178,66.5403,165.6252,138.4178
74.16,-25.1244,-16.2912,-1.4522,63.6974,167.5162,141.5752
74.18,-25.1412,-15.8315,-2.2854,61.0433,168.7936,143.904
74.2,-25.1354,-15.3629,-3.0174,58.5887,169.6675,145.596
74.22,-25.1112,-14.9291,-3.6366,56.3891,170.2231,146.7628
74.24,-25.0298,-14.1757,-4.6014,52.7646,170.8731,148.2975
74.26,-24.9725,-13.8964,-4.9507,51.3854,171.0361,148.8918
74.28,-24.9118,-13.675,-5.217,50.3299,171.0992,149.2058
74.3,-24.8338,-13.5329,-5.3955,49.5609,170.9647,148.9991
74.32,-24.7458,-13.4594,-5.4823,49.1238,170.6333,148.3237
74.34,-24.5548,-13.5233,-5.3743,49.3583,169.7182,146.341
74.36,-24.4446,-13.6768,-5.1622,50.0623,169.0438,145.27
74.38,-24.3373,-13.9019,-4.8668,51.0827,168.2554,144.0883
74.4,-24.2334,-14.1891,-4.4869,52.4216,167.3154,142.6812
74.42,-24.1276,-14.5364,-4.0185,54.027,166.1772,140.8829
74.43999,-23.9272,-15.3619,-2.7996,58.0487,163.1561,136.4948
74.46,-23.8354,-15.8165,-2.0475,60.4067,161.1464,133.9583
74.48,-23.7492,-16.2695,-1.2005,62.9342,158.5951,130.818
74.5,-23.6653,-16.7148,-0.2696,65.5522,155.3844,126.8752
74.52,-23.5877,-17.1409,0.7377,68.1957,151.2938,121.9085
74.54,-23.46,-17.8977,2.9363,73.2343,139.1189,108.4042
74.56,-23.3949,-18.2752,4.3965,75.8522,127.2847,95.7172
74.58,-23.3584,-18.4596,5.292,77.0552,118.1885,86.1528
74.6,-23.3134,-18.6454,6.495,78.051,103.7948,71.1075
74.62,-23.2679,-18.7736,7.6935,78.2101,88.2566,54.7985
74.64,-23.2264,-18.772,10.0254,76.3216,60.8145,25.9597
74.66,-23.2406,-18.6411,11.1314,74.5579,50.5972,15.3535
74.68,-23.2395,-18.4775,12.1785,72.5605,43.244,7.6125
74.7,-23.2713,-18.2449,13.1507,70.4521,37.4573,1.3829
74.72,-23.3117,-17.9415,14.0625,68.2337,32.8856,356.3149
74.74,-23.4297,-17.2595,15.641,63.9598,26.3751,349.2845
74.76,-23.509,-16.8023,16.4789,61.4306,23.5188,346.3815
74.78,-23.5567,-16.5507,16.9122,60.056,22.1822,345.0738
74.8,-23.623,-16.2046,17.4228,58.3395,20.634,343.676
74.82,-23.6991,-15.8663,17.8476,56.7719,19.311,342.6669
74.84,-23.7695,-15.3627,18.4496,54.5605,17.8345,341.8642
74.86,-23.8062,-15.1545,18.6472,53.7648,17.3523,341.7999
74.88,-23.8018,-15.0673,18.714,53.4475,17.2898,341.8843
74.9,-23.7937,-14.9938,18.7341,53.2703,17.3205,342.0782
74.92,-23.7823,-15.043,18.6851,53.4149,17.5724,342.4596
74.93999,-23.7307,-15.2245,18.3737,54.3624,18.3976,343.7304
74.96,-23.6629,-15.45,18.108,55.3373,19.253,344.7429
74.98,-23.6342,-15.6892,17.7496,56.4957,20.1237,345.9424
75,-23.5958,-16.0129,17.29,58.0711,21.3223,347.5218
75.02,-23.5959,-16.3006,16.74,59.792,22.505,349.2429
75.04,-23.5581,-16.9574,15.3747,64.0537,26.0057,353.7308
75.06,-23.5702,-17.2775,14.5462,66.501,28.455,356.1616
75.08,-23.628,-17.6055,13.3953,69.7446,32.323,0.0901
75.1,-23.7092,-17.8187,12.3786,72.4456,36.4428,4.2504
75.12,-23.8247,-17.9842,11.282,75.2113,42.2546,10.093
75.14,-24.0688,-18.1413,9.229,79.7335,60.0548,28.3782
75.16,-24.2502,-18.1028,8.0107,81.6231,77.8085,46.4056
75.18,-24.4276,-18.035,6.7612,82.3223,102.7532,71.6926
75.2,-24.6088,-17.8823,5.5115,81.5068,127.5554,96.9645
75.22,-24.7875,-17.6826,4.2932,79.4983,145.128,115.0936
75.24,-25.1047,-17.0914,1.9767,73.9018,163.3355,133.8959
75.25999,-25.2424,-16.7316,0.9071,70.8604,167.9101,138.5099
75.28,-25.3686,-16.3179,-0.0649,67.9431,171.1222,141.7885
75.3,-25.4801,-15.8883,-0.9443,65.1221,173.399,144.2276
75.32,-25.574,-15.4616,-1.7256,62.5108,174.9809,145.9653
75.34,-25.718,-14.672,-2.9981,57.6599,176.8711,147.719
75.36,-25.7614,-14.333,-3.4916,55.5305,177.2787,147.0562
75.38,-25.8057,-14.0428,-3.8777,54.1268,177.7811,147.9048
75.4,-25.8303,-13.8203,-4.1672,52.963,178.0233,147.9561
75.42,-25.8453,-13.6371,-4.3908,52.0165,178.2007,147.8293
75.43999,-25.8376,-13.5692,-4.451,51.7877,178.368,147.4553
75.46,-25.8188,-13.6312,-4.3678,52.068,178.2553,147.0426
75.48,-25.7883,-13.774,-4.187,52.7331,177.9479,146.3063
75.5,-25.7451,-13.997,-3.9125,53.7295,177.55,145.5269
75.52,-25.6946,-14.2725,-3.5524,55.0849,177.119,144.7373
75.54,-25.5532,-14.9824,-2.566,58.6477,175.5089,142.4365
75.56,-25.4354,-15.4873,-1.7606,61.3961,173.8668,140.3321
75.58,-25.3532,-15.8016,-1.208,63.2365,172.6447,138.8907
75.6,-25.2302,-16.2281,-0.4008,65.8272,170.5199,136.5899
75.62,-25.095,-16.6306,0.4878,68.4828,167.6439,133.2549
75.64,-24.7608,-17.3533,2.4748,73.8392,158.2657,122.2541
75.66,-24.5801,-17.6451,3.5582,76.4558,150.7141,114.1563
75.68,-24.3931,-17.8935,4.676,78.6212,139.6071,102.5373
75.7,-24.1989,-18.0702,5.8267,80.22,123.954,86.257
75.72,-24.0055,-18.1689,6.9984,80.9071,103.9557,65.7018
75.74,-23.6354,-18.1966,9.3173,78.9167,67.3178,28.5383
75.75999,-23.4568,-18.1117,10.4483,76.8251,55.7671,16.7405
75.78,-23.2995,-17.9189,11.5538,74.3733,47.0723,7.9631
75.8,-23.1827,-17.6778,12.5913,71.8127,40.7723,1.7099
75.82,-23.0671,-17.4038,13.5718,69.2309,36.1407,357.1181
75.84,-22.9896,-16.6218,15.307,64.1086,29.3101,350.4423
75.86,-22.9565,-16.2389,16.0522,61.8202,27.0556,348.1223
75.88,-22.961,-15.8277,16.7101,59.639,25.0663,346.266
75.9,-22.9756,-15.443,17.2794,57.6916,23.4214,344.9093
75.92,-22.9938,-15.0803,17.7616,55.9983,22.1798,343.6395
75.93999,-23.0403,-14.4539,18.4681,53.2982,20.4122,341.9399
75.96,-23.0766,-14.2224,18.6902,52.3641,19.7885,341.3735
75.98,-23.114,-14.0632,18.8485,51.7084,19.4005,341.0495
76,-23.1158,-13.9978,18.8907,51.5132,19.2778,340.7842
76.02,-23.1336,-13.9812,18.8719,51.5321,19.2816,340.6844
76.04,-23.1522,-14.1828,18.5908,52.5745,19.8051,341.0502
76.06,-23.1633,-14.4249,18.3099,53.6981,20.3882,341.5959
76.08,-23.1762,-14.6805,17.9551,54.9878,21.0475,342.2598
76.1,-23.1874,-14.993,17.5123,56.5972,21.927,343.1894
76.12,-23.1885,-15.3535,16.9783,58.516,23.098,344.3396
76.14,-23.2547,-16.1378,15.6023,63.0463,26.3295,347.8523
76.16,-23.3181,-16.4862,14.772,65.6247,28.4329,350.0898
76.18,-23.4216,-16.9047,13.5932,69.0753,32.0824,354.167
76.2,-23.5181,-17.1103,12.8105,71.2483,34.814,357.2029
76.22,-23.638,-17.334,11.7296,74.1191,39.8738,2.4975
76.24,-23.949,-17.5903,9.3778,79.4715,58.0944,21.8602
76.25999,-24.1141,-17.6091,8.1466,81.4259,75.4694,39.8145
76.28,-24.2844,-17.5657,6.8961,82.2356,99.7619,64.8028
76.3,-24.4481,-17.4441,5.6533,81.5159,124.4311,89.8543
76.32,-24.5933,-17.2835,4.4243,79.4947,142.4087,108.2583
76.34,-24.8568,-16.7537,2.1183,74.0011,160.7708,127.5585
76.36,-24.962,-16.4272,1.0653,71.0525,165.3091,132.7854
76.38,-25.0532,-16.0698,0.0939,68.1665,168.4397,136.5452
76.4,-25.1252,-15.6868,-0.779,65.4136,170.5394,139.1484
76.42,-25.182,-15.2991,-1.5522,62.8663,172.1181,141.1609
76.43999,-25.2486,-14.569,-2.7951,58.4842,173.9016,143.2093
76.46,-25.2647,-14.2643,-3.2696,56.6897,174.5096,143.8123
76.48,-25.2738,-14.0141,-3.6453,55.3139,175.019,144.5076
76.5,-25.2738,-13.8282,-3.9262,54.2432,175.2907,144.9072
76.52,-25.2609,-13.7078,-4.1077,53.5,175.3353,144.8941
76.54,-25.2014,-13.6644,-4.1701,53.1593,175.0204,143.9462
76.56,-25.1633,-13.739,-4.0666,53.5432,174.7656,143.3977
76.58,-25.1127,-13.9035,-3.8446,54.388,174.2766,142.6993
76.6,-25.0559,-14.1262,-3.5421,55.4698,173.6353,141.8212
76.62,-24.9914,-14.4003,-3.1492,56.8062,172.7774,140.5434
76.64,-24.8469,-15.0796,-2.0948,60.362,170.5443,137.1419
76.66,-24.7692,-15.4639,-1.4313,62.5433,169.1047,135.2358
76.68,-24.6846,-15.8599,-0.6781,64.8722,167.1199,132.7548
76.7,-24.5898,-16.2558,0.1587,67.3064,164.4574,129.554
76.72,-24.4917,-16.6263,1.0789,69.9209,160.8776,125.553
76.74,-24.2646,-17.293,3.1181,75.1042,149.0987,112.7902
76.75999,-24.1533,-17.5575,4.2126,77.427,139.3946,102.8093
76.78,-24.0305,-17.7841,5.3462,79.207,125.641,89.0275
76.8,-23.9154,-17.9428,6.4974,80.1983,107.938,71.5722
76.82,-23.7948,-18.0327,7.6544,80.117,88.5083,52.1217
76.84,-23.584,-17.973,9.9226,77.1991,58.1651,22.0099
76.86,-23.4846,-17.8402,11.0052,74.9573,49.0256,12.929
76.88,-23.3952,-17.5753,12.2806,71.9397,40.7939,4.8294
76.9,-23.3491,-17.3725,13.002,70.0802,37.1795,1.2221
76.92,-23.3159,-17.0683,13.8984,67.6628,33.3026,357.3994
76.93999,-23.2825,-16.4107,15.4534,63.1937,27.7977,351.6747
76.96,-23.3015,-16.0656,16.1053,61.1542,25.6966,349.7313
76.98,-23.3204,-15.7205,16.6784,59.3289,23.9616,348.0821
77,-23.3426,-15.3931,17.1631,57.7128,22.5806,346.6394
77.02,-23.3595,-15.1001,17.5601,56.3599,21.5271,345.3632
77.04,-23.4008,-14.6082,18.1126,54.3273,19.9854,343.3237
77.06,-23.3929,-14.47,18.2663,53.7866,19.6293,342.7526
77.08,-23.3954,-14.373,18.346,53.4452,19.4146,342.3625
77.1,-23.3789,-14.3543,18.3395,53.4356,19.4555,342.2079
77.12,-23.3581,-14.3772,18.2874,53.6068,19.6305,342.2845
77.14,-23.2948,-14.6653,17.9021,55.035,20.6998,343.0861
77.16,-23.2404,-14.8838,17.6013,56.141,21.5565,343.6887
77.18,-23.2269,-15.1613,17.1999,57.5514,22.5369,344.4722
77.2,-23.1994,-15.4774,16.7133,59.2241,23.8047,345.499
77.22,-23.1916,-15.8062,16.1432,61.0888,25.2309,346.8091
77.24,-23.2323,-16.4755,14.7257,65.5124,28.8362,350.9313
77.25999,-23.3058,-16.7861,13.8762,68.0116,31.1735,353.7855
77.28,-23.385,-17.0518,12.9436,70.6579,34.3333,357.1834
77.3,-23.4867,-17.2783,11.9258,73.451,38.7911,1.6591
77.32,-23.6159,-17.4509,10.8354,76.2323,45.1815,7.9696
77.34,-23.9368,-17.6326,8.4959,81.1388,70.1469,33.046
77.36,-24.1234,-17.6177,7.2846,82.4062,93.1475,56.3198
77.38,-24.3085,-17.5373,6.0784,82.163,119.4863,83.1331
77.4,-24.4968,-17.3916,4.889,80.5569,140.0691,104.5125
77.42,-24.6764,-17.1926,3.7321,78.1253,153.3378,118.492
77.43999,-24.999,-16.6638,1.5761,72.4346,166.7669,132.9943
77.46,-25.1387,-16.3534,0.6009,69.5895,170.1775,136.7656
77.48,-25.2622,-16.0251,-0.2872,66.8458,172.5586,139.6744
77.5,-25.3673,-15.6877,-1.082,64.2838,174.213,141.8023
77.52,-25.4545,-15.36,-1.7798,61.9733,175.3311,143.4484
77.54,-25.5746,-14.7745,-2.874,58.1199,176.6432,145.6163
77.56,-25.6141,-14.5382,-3.2767,56.6406,176.8943,146.3167
77.58,-25.6333,-14.3591,-3.5807,55.5046,177.0701,146.8184
77.6,-25.6395,-14.2324,-3.7903,54.736,177.1468,147.0669
77.62,-25.6281,-14.1667,-3.9093,54.2662,177.0651,146.843
77.64,-25.5643,-14.2204,-3.8709,54.3455,176.5896,145.7462
77.66,-25.5144,-14.3474,-3.71,54.9299,176.1785,145.136
77.68,-25.4484,-14.5431,-3.4437,55.8534,175.5099,144.1787
77.7,-25.3699,-14.7861,-3.0965,57.0253,174.7139,142.8854
77.72,-25.2838,-15.0743,-2.6621,58.5309,173.7737,141.3604
77.74,-25.0735,-15.7559,-1.5122,62.2716,171.0008,137.2332
77.75999,-24.9532,-16.1258,-0.7996,64.485,168.9646,134.6168
77.78,-24.8228,-16.4981,0.0031,66.8547,166.3594,131.405
77.8,-24.6435,-16.9514,1.128,70.0155,161.8412,126.2686
77.82,-24.5421,-17.1937,1.8611,72.0119,158.1877,122.3754
77.84,-24.2267,-17.7589,4.0021,76.8999,142.2811,105.9994
77.86,-24.0652,-17.9651,5.1506,78.8143,129.1691,92.9775
77.88,-23.9009,-18.1076,6.3306,79.948,111.6476,75.5179
77.9,-23.7393,-18.1637,7.5287,80.0083,91.7615,55.6761
77.92,-23.5833,-18.1316,8.7297,78.9521,73.7134,37.429
77.93999,-23.3091,-17.8389,11.0632,74.7197,49.8895,13.3356
77.96,-23.1989,-17.5944,12.1637,72.1499,42.8186,6.0626
77.98,-23.1225,-17.2724,13.2074,69.4942,37.3956,0.3636
78,-23.0712,-16.9187,14.1785,66.8496,33.3225,356.1448
78.02,-23.0429,-16.5261,15.0716,64.3067,30.055,352.723
78.04,-23.0582,-15.6671,16.6052,59.5593,25.1403,347.2541
78.06,-23.0906,-15.2395,17.2394,57.4352,23.358,345.3646
78.08,-23.1271,-14.8231,17.7968,55.4989,21.8123,343.7448
78.1,-23.1687,-14.4622,18.2656,53.8316,20.5541,342.5263
78.12,-23.2015,-14.1584,18.6474,52.4506,19.6014,341.5759
78.14,-23.2852,-13.7028,19.1679,50.4812,18.1705,340.1589
78.16,-23.3084,-13.6023,19.304,50.0028,17.8024,339.7384
78.18,-23.3315,-13.5559,19.364,49.7914,17.5863,339.5558
78.2,-23.3382,-13.6022,19.3429,49.9509,17.5758,339.1758
78.22,-23.332,-13.7189,19.2447,50.4297,17.7747,338.9324
78.24,-23.3133,-14.1943,18.7455,52.5667,18.6956,339.1059
78.25999,-23.3073,-14.5073,18.3664,54.067,19.3646,339.5266
78.28,-23.2928,-14.882,17.8936,55.8993,20.2949,340.2637
78.3,-23.2814,-15.2963,17.3299,57.9582,21.4954,341.2846
78.32,-23.2826,-15.7232,16.6723,60.2306,22.9006,342.6282
78.34,-23.3354,-16.5896,15.063,65.4644,26.8577,346.7065
78.36,-23.3868,-16.9953,14.1173,68.3161,29.7404,349.6672
78.38,-23.4619,-17.3812,13.0807,71.2944,33.7179,353.9553
78.4,-23.5643,-17.6867,11.9787,74.2167,38.9498,359.6541
78.42,-23.6894,-17.9459,10.807,77.0539,46.8081,8.1776
78.43999,-23.9707,-18.2279,8.3375,81.3755,77.081,40.1625
78.46,-24.1128,-18.2391,7.0693,81.9214,101.301,65.344
78.48,-24.2652,-18.1669,5.7918,80.9889,124.4836,89.6884
78.5,-24.4035,-18.0126,4.544,78.9402,140.8653,107.3521
78.52,-24.5317,-17.7942,3.327,76.3145,151.3883,119.1521
78.54,-24.7498,-17.186,1.0481,70.4204,162.6846,132.3899
78.56,-24.834,-16.8206,0.0168,67.4449,165.7136,136.1337
78.58,-24.9096,-16.4209,-0.9192,64.6463,167.8988,139.2248
78.6,-24.9658,-16.0137,-1.7611,61.9843,169.4369,141.6797
78.62,-25.0052,-15.5971,-2.4975,59.5384,170.4698,143.232
78.64,-25.05,-14.8212,-3.6577,55.4254,171.7979,145.166
78.66,-25.0576,-14.4954,-4.0889,53.8002,172.1991,145.6063
78.68,-25.0602,-14.2258,-4.4247,52.5244,172.5022,146.0338
78.7,-25.0527,-14.0257,-4.6708,51.5602,172.7055,146.243
78.72,-25.0375,-13.8989,-4.8284,50.9415,172.8125,146.3015
78.74,-24.9789,-13.8587,-4.8727,50.7027,172.6789,145.5029
78.75999,-24.9394,-13.9362,-4.7708,51.0783,172.4324,144.6379
78.78,-24.8849,-14.1053,-4.5523,51.8328,172.0673,143.6613
78.8,-24.8273,-14.3308,-4.2531,52.8968,171.591,142.5692
78.82,-24.7624,-14.6231,-3.8682,54.2381,170.8941,141.2937
78.84,-24.6163,-15.3592,-2.8278,57.7824,168.8299,138.111
78.86,-24.5337,-15.7761,-2.1698,59.9387,167.3808,136.0151
78.88,-24.4501,-16.1959,-1.4197,62.3365,165.5229,133.4995
78.9,-24.3415,-16.6412,-0.5843,64.7999,163.077,130.2507
78.92,-24.2389,-17.0623,0.3358,67.4252,159.9066,126.4736
78.93999,-24.0147,-17.8386,2.3925,72.6822,149.9296,115.9298
78.96,-23.8947,-18.1636,3.5073,75.0851,142.0146,107.7582
78.98,-23.7738,-18.4279,4.6575,77.1155,131.2919,96.5839
79,-23.6372,-18.6388,5.8402,78.5349,117.2919,82.2482
79.02,-23.5063,-18.7698,7.0319,79.1363,100.5742,65.1903
79.04,-23.2544,-18.7889,9.3851,77.5839,69.0045,32.8569
79.06,-23.1542,-18.6672,10.5172,75.7801,57.3886,20.9883
79.08,-23.05,-18.4752,11.6064,73.599,48.846,12.0804
79.1,-22.9809,-18.2254,12.6249,71.2867,42.5326,5.4261
79.12,-22.9275,-17.904,13.5826,68.9065,37.5708,0.2422
79.14,-22.8844,-17.0806,15.4313,63.7442,30.0595,352.7379
79.16,-22.8821,-16.7775,15.9545,62.1464,28.3545,351.09
79.18,-22.897,-16.3647,16.5709,60.1434,26.3292,349.1339
79.2,-22.9049,-15.9883,17.109,58.3573,24.7766,347.7409
79.22,-22.9185,-15.6409,17.5474,56.8031,23.6088,346.7007
79.24,-22.9362,-15.0675,18.1761,54.3856,22.057,345.3359
79.25999,-22.9347,-14.855,18.3743,53.5394,21.6389,345.0366
79.28,-22.9089,-14.7315,18.4863,53.0374,21.5586,345.0635
79.3,-22.8934,-14.665,18.5259,52.7641,21.5995,345.1915
79.32,-22.8649,-14.6817,18.4894,52.8112,21.8949,345.4334
79.34,-22.794,-14.9375,18.1714,53.817,23.0486,346.8154
79.36,-22.74,-15.1727,17.8965,54.7829,24.0134,347.8061
79.38,-22.7052,-15.414,17.5377,55.9649,25.0286,348.9116
79.4,-22.6613,-15.7597,17.0897,57.532,26.4336,350.2327
79.42,-22.627,-16.1186,16.5494,59.3418,28.122,351.6471
79.43999,-22.6254,-16.8498,15.2034,63.5771,32.3256,355.136
79.46,-22.6489,-17.2199,14.405,65.9586,35.1985,357.7803
79.48,-22.7137,-17.5797,13.5124,68.4565,38.686,1.2705
79.5,-22.7923,-17.8826,12.5659,70.9446,43.0888,5.8303
79.52,-22.8939,-18.1507,11.5467,73.4377,48.96,11.9556
79.54,-23.1801,-18.5358,9.3263,77.8224,68.3138,31.9075
79.56,-23.3531,-18.6223,8.1612,79.2527,83.0622,47.0061
79.58,-23.5127,-18.6882,6.9689,79.7308,101.5083,65.9302
79.6,-23.7013,-18.6515,5.7761,79.2231,119.4208,84.7018
79.62,-23.8845,-18.5513,4.5946,77.8252,134.3117,100.676
79.64,-24.2139,-18.1147,2.3231,73.3715,153.0959,121.8159
79.66,-24.3881,-17.7019,1.0027,70.1005,159.6225,129.6547
79.68,-24.5055,-17.3149,0.0216,67.4121,163.1879,134.0402
79.7,-24.5828,-16.996,-0.6624,65.4291,165.1324,136.449
79.72,-24.6674,-16.556,-1.5002,62.8361,167.1509,138.6534
79.74,-24.8011,-15.6721,-2.9029,58.1719,169.8159,141.5985
79.75999,-24.8488,-15.266,-3.4623,56.1836,170.6644,142.2963
79.78,-24.8964,-14.899,-3.9297,54.5131,171.4296,143.2213
79.8,-24.9258,-14.5923,-4.3061,53.0944,171.974,143.6472
79.82,-24.949,-14.3421,-4.5932,51.9922,172.3983,143.9547
79.84,-24.9627,-14.0429,-4.8986,50.7525,172.8643,143.7523
79.86,-24.9554,-14.0009,-4.9204,50.6154,172.8903,143.3511
79.88,-24.9416,-14.0287,-4.8579,50.8036,172.8147,142.8529
79.9,-24.9218,-14.1326,-4.7173,51.3438,172.6167,142.4247
79.92,-24.8888,-14.3255,-4.4605,52.2744,172.2626,141.7301
79.93999,-24.8002,-14.8718,-3.7203,54.9246,171.0277,139.5118
79.96,-24.7447,-15.2206,-3.212,56.6707,170.1148,138.0497
79.98,-24.6829,-15.6088,-2.6047,58.7105,168.9111,136.4857
80,-24.6216,-16.0182,-1.9025,61.0049,167.3839,134.8479
80.02,-24.5512,-16.4405,-1.1063,63.5109,165.4098,132.805
80.04,-24.3892,-17.2712,0.7214,68.8396,159.4065,126.256
80.06,-24.299,-17.6548,1.7396,71.5351,154.8839,121.3201
80.08,-24.1901,-18.0172,2.81,74.0723,148.6675,114.8091
80.1,-24.0846,-18.3088,3.9316,76.4288,140.0795,105.9215
80.12,-23.97,-18.5376,5.0868,78.3775,128.2164,93.9177
80.14,-23.7098,-18.7801,7.4201,79.8961,94.7779,59.5133
80.16,-23.5798,-18.7801,8.5712,79.2195,77.7645,41.7589
80.18,-23.4688,-18.6745,9.7053,77.7949,63.45,26.8505
80.2,-23.3512,-18.523,10.8119,75.7935,52.8798,15.8793
80.22,-23.2527,-18.2967,11.8474,73.5825,45.272,7.9619
80.24,-23.1046,-17.6494,13.759,68.7556,35.0951,357.1365
80.25999,-23.0806,-17.2622,14.5936,66.3959,31.5726,353.4397
80.28,-23.0531,-16.8838,15.3524,64.1214,28.9899,350.6061
80.3,-23.0351,-16.4616,16.0345,61.9613,26.8033,348.3934
80.32,-23.0408,-16.0326,16.6361,59.9407,24.919,346.6198
80.34,-23.0512,-15.2822,17.5603,56.6061,22.3482,344.0957
80.36,-23.0651,-14.9668,17.8927,55.3164,21.4444,343.0932
80.38,-23.093,-14.7298,18.1292,54.3353,20.7752,342.3255
80.4,-23.0808,-14.4925,18.3176,53.5488,20.2767,341.6201
80.42,-23.079,-14.3724,18.4125,53.1638,20.031,341.2077
80.43999,-23.0795,-14.3345,18.3839,53.2321,20.0032,340.8044
80.46,-23.069,-14.3983,18.2846,53.6292,20.2467,340.8487
80.48,-23.0634,-14.6203,18.0708,54.5166,20.7579,341.2952
80.5,-23.068,-14.8211,17.8104,55.4531,21.2519,341.8116
80.52,-23.0643,-15.0999,17.4782,56.6908,22.0193,342.586
80.54,-23.0706,-15.8059,16.557,60.0078,24.2912,344.5506
80.56,-23.1094,-16.1778,15.9606,62.0223,25.6602,345.789
80.58,-23.1485,-16.5434,15.2817,64.1884,27.3333,347.6056
80.6,-23.2122,-16.9271,14.5126,66.5992,29.545,350.3032
80.62,-23.2973,-17.2776,13.6564,69.1213,32.2683,353.6618
80.64,-23.5487,-17.8515,11.6831,74.4909,40.8797,3.0051
80.66,-23.6971,-18.0492,10.5979,77.123,48.0768,10.7521
80.68,-23.8731,-18.1689,9.46,79.5391,58.7275,22.4184
80.7,-24.0614,-18.2367,8.263,81.4265,75.7798,40.2527
80.72,-24.2416,-18.2391,7.0486,82.2063,99.439,64.858
80.74,-24.6133,-18.0108,4.6183,79.7421,141.4145,108.8393
80.75999,-24.7885,-17.7979,3.4352,77.2483,153.0836,121.5529
80.78,-24.9549,-17.5251,2.2919,74.4511,160.6824,130.1837
80.8,-25.1087,-17.2,1.2141,71.5418,165.6965,136.2036
80.82,-25.2452,-16.843,0.2038,68.626,169.1854,140.6544
80.84,-25.4682,-16.0539,-1.5572,63.1451,173.4452,145.8657
80.86,-25.5499,-15.6442,-2.282,60.7179,174.6894,147.251
80.88,-25.6218,-15.2424,-2.9006,58.5836,175.6067,148.5189
80.9,-25.6744,-14.8678,-3.4074,56.7456,176.2961,149.4815
80.92,-25.7169,-14.5387,-3.8214,55.2095,176.7521,150.1666
80.93999,-25.7591,-14.0713,-4.3803,53.0505,177.3275,150.7757
80.96,-25.762,-13.9462,-4.5361,52.4316,177.4102,150.5502
80.98,-25.7532,-13.8982,-4.6113,52.1371,177.4288,150.3201
81,-25.7391,-13.9255,-4.5908,52.2092,177.3626,150.1303
81.02,-25.7101,-14.0165,-4.4926,52.5683,177.1634,149.7481
81.04,-25.608,-14.4192,-3.9831,54.4731,176.2511,148.2048
81.06,-25.5354,-14.7067,-3.5964,55.8604,175.5322,147.007
81.08,-25.454,-15.0452,-3.1244,57.5279,174.5952,145.6095
81.1,-25.3634,-15.4186,-2.5579,59.4879,173.4251,144.0065
81.12,-25.2565,-15.8249,-1.9016,61.6661,171.8694,141.9696
81.14,-25.0096,-16.6639,-0.3268,66.5569,167.1899,136.2525
81.16,-24.8664,-17.0646,0.5889,69.1688,163.6745,132.0524
81.18,-24.7139,-17.4382,1.5766,71.7584,159.0446,126.6532
81.2,-24.5505,-17.7726,2.6453,74.3071,152.6685,119.4924
81.22,-24.3961,-18.0397,3.7493,76.6538,144.0568,110.2175
81.24,-24.0727,-18.3882,6.1145,79.9819,115.0529,80.1635
81.25999,-23.9146,-18.4542,7.3318,80.2956,95.2418,59.85
81.28,-23.7602,-18.456,8.5462,79.487,76.6319,40.7542
81.3,-23.6252,-18.3745,9.7409,77.8161,61.8805,25.3751
81.32,-23.4943,-18.2374,10.9042,75.6085,51.4253,14.2898
81.34,-23.33,-17.7317,13.0885,70.5318,37.6861,359.8894
81.36,-23.2915,-17.395,14.0779,67.9317,33.2646,355.1518
81.38,-23.2672,-17.0055,14.9947,65.391,29.737,351.4523
81.4,-23.2895,-16.5814,15.8155,62.9591,26.7437,348.2537
81.42,-23.323,-16.1429,16.5533,60.6656,24.3053,345.6987
81.43999,-23.4237,-15.2594,17.776,56.5456,20.4839,341.8137
81.46,-23.479,-14.8807,18.2488,54.8784,19.1311,340.3648
81.48,-23.5455,-14.5138,18.6398,53.3927,17.9551,339.1799
81.5,-23.5873,-14.2098,18.9489,52.1843,17.0724,338.1394
81.52,-23.6308,-13.9501,19.1772,51.2174,16.4054,337.4439
81.54,-23.7081,-13.6851,19.3737,50.3312,15.6879,336.7753
81.56,-23.7233,-13.6573,19.3721,50.294,15.6517,336.7345
81.58,-23.7453,-13.7387,19.2707,50.6767,15.7186,336.8696
81.6,-23.7453,-13.8704,19.143,51.2121,15.9917,337.2181
81.62,-23.7422,-14.0996,18.897,52.183,16.4768,337.8731
81.64,-23.7117,-14.7629,18.1876,55.0162,18.1154,339.8029
81.66,-23.7084,-15.1634,17.6873,56.8564,19.197,340.9715
81.68,-23.7027,-15.6022,17.0948,58.9717,20.5655,342.5015
81.7,-23.6989,-16.0551,16.4089,61.3392,22.2142,344.327
81.72,-23.7107,-16.5173,15.6252,63.8991,24.3055,346.7231
81.74,-23.8019,-17.384,13.773,69.4758,30.0694,353.5833
81.75999,-23.8873,-17.7279,12.7296,72.3009,34.05,358.4741
81.78,-23.9867,-18.0389,11.6051,75.1627,39.8285,5.4445
81.8,-24.1059,-18.2604,10.4156,77.8845,48.3036,14.9964
81.82,-24.2296,-18.4068,9.1693,80.2833,61.9897,29.4351
81.84,-24.4965,-18.4214,6.5883,81.9568,108.2966,77.3301
81.86,-24.6309,-18.3129,5.2899,80.6037,130.3562,100.5458
81.88,-24.7526,-18.1275,4.0137,78.2783,145.1708,116.3862
81.9,-24.8542,-17.878,2.7701,75.3889,154.5201,126.4827
81.92,-24.9453,-17.5512,1.5812,72.308,160.4653,132.8299
81.93999,-25.0629,-16.7532,-0.5501,66.0701,167.0374,139.7362
81.96,-25.0989,-16.3024,-1.4649,63.1972,168.9265,141.7586
81.98,-25.1263,-15.8385,-2.273,60.5312,170.2588,143.1607
82,-25.1473,-15.3827,-2.9677,58.1448,171.2884,144.4335
82.02,-25.1558,-14.9618,-3.5536,56.0328,172.0073,145.4114
82.04,-25.1577,-14.2555,-4.4278,52.751,172.938,146.7223
82.06,-25.148,-13.9987,-4.7254,51.5937,173.1945,147.0138
82.08,-25.1296,-13.8166,-4.9335,50.7542,173.3329,147.0161
82.1,-25.107,-13.7101,-5.0545,50.2458,173.3855,146.7696
82.12,-25.0787,-13.6824,-5.086,50.0823,173.345,146.317
82.14,-25.0122,-13.8457,-4.8928,50.7831,172.9812,144.8998
82.16,-24.9679,-14.0598,-4.6349,51.6761,172.63,144.0228
82.18,-24.9244,-14.3248,-4.3016,52.9052,172.1556,143.046
82.2,-24.873,-14.6599,-3.8776,54.4295,171.469,141.7774
82.22,-24.817,-15.0345,-3.3703,56.2203,170.6156,140.2451
82.24,-24.6818,-15.9083,-2.0822,60.5038,168.0475,136.2749
82.25999,-24.6058,-16.3716,-1.3023,62.9793,166.2258,133.8353
82.28,-24.5232,-16.8365,-0.435,65.6149,163.7982,130.9505
82.3,-24.4304,-17.287,0.5129,68.3001,160.5568,127.2246
82.32,-24.3262,-17.7008,1.539,71.0117,156.187,122.2641
82.34,-24.0985,-18.3751,3.7755,76.0792,141.8189,106.8144
82.36,-23.9758,-18.6155,4.963,78.1331,130.2275,94.8331
82.38,-23.8468,-18.7961,6.1636,79.4938,114.7702,78.8255
82.4,-23.6755,-18.9177,7.6755,79.8621,92.1123,55.218
82.42,-23.5842,-18.9263,8.5723,79.3594,78.8893,41.4389
82.43999,-23.3405,-18.7218,10.9016,75.9055,53.1058,14.482
82.46,-23.2428,-18.5128,11.9952,73.567,45.0915,6.2541
82.48,-23.1725,-18.2271,13.0319,71.062,38.9787,0.1247
82.5,-23.1064,-17.8846,14.0035,68.4941,34.3704,355.5497
82.52,-23.0691,-17.5326,14.8807,66.0085,30.9497,352.2062
82.54,-23.0499,-16.7314,16.3771,61.3458,26.0268,347.4465
82.56,-23.0478,-16.3305,16.9918,59.2874,24.3435,346.0684
82.58,-23.0601,-15.9072,17.5141,57.4046,22.9214,344.8894
82.6,-23.0637,-15.573,17.9169,55.9259,22.0042,344.1419
82.62,-23.0836,-15.2038,18.2406,54.5881,21.1385,343.4303
82.64,-23.0863,-14.7221,18.6071,52.9376,20.3371,342.8288
82.66,-23.0803,-14.6027,18.6622,52.6063,20.2419,342.8195
82.68,-23.0613,-14.554,18.6485,52.5616,20.366,342.9258
82.7,-23.0567,-14.5795,18.5579,52.8172,20.5292,343.0912
82.72,-23.0384,-14.6837,18.3914,53.3715,20.9574,343.4725
82.74,-23.0168,-15.173,17.7894,55.5442,22.4237,345.0034
82.75999,-23.0133,-15.5137,17.3673,57.0978,23.3876,345.9505
82.78,-23.0197,-15.8819,16.8479,58.9191,24.5353,346.9708
82.8,-23.0354,-16.2743,16.237,60.9877,26.0166,348.3122
82.82,-23.0876,-16.6694,15.5205,63.3454,27.6944,349.9795
82.84,-23.2531,-17.4196,13.7983,68.6587,32.5102,354.6307
82.86,-23.3682,-17.7744,12.7975,71.5266,36.3497,358.4048
82.88,-23.5211,-18.0739,11.7169,74.4416,41.492,3.5223
82.9,-23.6902,-18.322,10.5659,77.2503,49.322,11.3272
82.92,-23.8802,-18.4942,9.3627,79.8174,60.9087,23.6589
82.93999,-24.2822,-18.5776,6.8237,82.3498,105.3742,69.3708
82.96,-24.4672,-18.5172,5.5215,81.2518,130.2302,95.2403
82.98,-24.6569,-18.3528,4.2296,79.0113,147.0129,113.2252
83,-24.8273,-18.1079,2.9655,76.1633,157.3119,124.6744
83.02,-24.9816,-17.7972,1.7398,73.03,163.6436,132.1494
83.04,-25.2142,-17.0037,-0.5023,66.6095,170.2992,140.8997
83.06,-25.3008,-16.5275,-1.4874,63.5367,172.0794,143.4551
83.08,-25.3633,-16.0307,-2.3695,60.6284,173.2652,145.1926
83.1,-25.4064,-15.521,-3.1394,57.975,174.0361,146.0335
83.12,-25.4351,-15.0381,-3.7996,55.5778,174.5925,146.8596
83.14,-25.4703,-14.1769,-4.8105,51.7313,175.3359,147.9174
83.16,-25.4775,-13.8424,-5.1752,50.2991,175.6411,148.5835
83.18,-25.4763,-13.5813,-5.4547,49.1829,175.8626,149.0392
83.2,-25.4654,-13.3936,-5.6528,48.3756,175.999,149.1817
83.22,-25.4426,-13.2926,-5.7627,47.9054,176.0162,149.0154
83.24,-25.3762,-13.3138,-5.7226,48.0334,175.81,148.4161
83.25999,-25.3279,-13.4477,-5.5759,48.6391,175.4917,147.959
83.28,-25.2664,-13.6749,-5.3222,49.6398,175.0241,147.3729
83.3,-25.2005,-13.9588,-4.9923,50.9382,174.4336,146.659
83.32,-25.1256,-14.309,-4.5773,52.5203,173.6846,145.691
83.34,-24.951,-15.1495,-3.4778,56.5109,171.5389,142.6169
83.36,-24.8519,-15.6154,-2.7863,58.859,170.0662,140.5817
83.38,-24.7481,-16.0974,-1.997,61.3975,168.1836,138.3132
83.4,-24.6419,-16.5763,-1.1137,64.1241,165.7723,135.7022
83.42,-24.5294,-17.0362,-0.1352,66.9779,162.5904,132.3974
83.43999,-24.2874,-17.8707,2.0358,72.5942,152.3469,121.3924
83.46,-24.1514,-18.2148,3.2245,75.1685,144.3092,112.7786
83.48,-24.0235,-18.4963,4.4506,77.3793,133.1608,101.1689
83.5,-23.8966,-18.7027,5.706,78.9786,118.2488,85.7705
83.52,-23.7712,-18.827,6.9773,79.6517,99.9493,66.8971
83.54,-23.562,-18.8171,9.4956,77.8928,65.2365,31.2559
83.56,-23.4548,-18.6922,10.7203,75.8676,53.3277,18.9091
83.58,-23.3926,-18.4728,11.8852,73.4463,44.5507,9.7541
83.6,-23.336,-18.1834,12.9885,70.8685,38.2324,3.0608
83.62,-23.3172,-17.8316,14.0008,68.259,33.4009,357.8983
83.64,-23.3312,-16.9906,15.7692,63.2198,26.8313,350.5656
83.66,-23.3668,-16.5122,16.5222,60.8251,24.405,347.9816
83.68,-23.4214,-16.0423,17.183,58.5927,22.3457,345.9993
83.7,-23.4587,-15.6234,17.7464,56.6405,20.8363,344.5308
83.72,-23.5034,-15.2128,18.2261,54.8897,19.4932,343.331
83.74,-23.5783,-14.5375,18.9084,52.1425,17.7532,341.5372
83.75999,-23.5986,-14.3161,19.1208,51.2676,17.2971,341.0722
83.78,-23.6183,-14.156,19.2419,50.7156,16.9919,340.7276
83.8,-23.6275,-14.0953,19.2854,50.4977,16.9271,340.6832
83.82,-23.6157,-14.0678,19.2675,50.5141,16.9468,340.6286
83.84,-23.5646,-14.3029,18.9878,51.6087,17.6902,341.0787
83.86,-23.5243,-14.6342,18.6281,52.9482,18.6036,341.7307
83.88,-23.4804,-14.8869,18.351,54.0402,19.3433,342.2365
83.9,-23.4373,-15.2416,17.8985,55.6883,20.4778,343.1624
83.92,-23.3828,-15.6484,17.3413,57.707,21.9278,344.3426
83.93999,-23.3446,-16.4711,15.9138,62.4512,25.525,347.489
83.96,-23.3546,-16.889,15.0421,65.1336,28.0454,349.9022
83.98,-23.3808,-17.275,14.0713,68.0036,31.2423,352.9747
84,-23.4363,-17.5996,13.0216,70.9614,35.2708,356.9686
84.02,-23.5381,-17.9006,11.8637,73.9227,41.0455,2.983
84.04,-23.7962,-18.2861,9.37,79.2771,62.3921,24.3472
84.06,-23.9401,-18.3624,8.0693,81.019,81.6787,43.834
84.08,-24.0905,-18.355,6.7456,81.3735,106.3066,68.6853
84.1,-24.2706,-18.2435,5.4194,80.2828,128.3847,91.4253
84.12,-24.4099,-18.0729,4.1338,78.0395,143.9914,107.8407
84.14,-24.6948,-17.477,1.6953,72.3222,160.3845,126.0103
84.16,-24.8067,-17.1019,0.5795,69.2725,164.6123,131.105
84.18,-24.9113,-16.6822,-0.4513,66.2969,167.587,134.9407
84.2,-25.0005,-16.2335,-1.395,63.4164,169.7048,137.9451
84.22,-25.0675,-15.8008,-2.2219,60.7296,171.1483,140.1851
84.24,-25.1634,-14.9396,-3.5742,56.0764,172.9191,142.8547
84.25999,-25.1893,-14.5613,-4.0888,54.1683,173.419,143.6106
84.28,-25.2094,-14.226,-4.5003,52.5964,173.7773,144.1405
84.3,-25.2169,-13.9556,-4.8151,51.3444,174.0181,144.3136
84.32,-25.218,-13.7491,-5.0372,50.4248,174.1819,144.1653
84.34,-25.2011,-13.5805,-5.2145,49.6405,174.3272,143.7064
84.36,-25.1849,-13.6177,-5.1767,49.7719,174.2757,143.4295
84.38,-25.1606,-13.7237,-5.0608,50.2335,174.1007,142.9618
84.4,-25.1231,-13.9304,-4.8184,51.1376,173.7635,142.2666
84.42,-25.0804,-14.1892,-4.4999,52.332,173.2846,141.4275
84.43999,-24.9739,-14.8836,-3.5786,55.6624,171.7928,139.2161
84.46,-24.911,-15.3011,-2.9798,57.7518,170.7086,137.8502
84.48,-24.8397,-15.7458,-2.2873,60.0839,169.3237,136.0694
84.5,-24.7579,-16.2069,-1.504,62.6017,167.5042,133.7776
84.52,-24.6671,-16.6663,-0.6287,65.2786,165.1153,130.9951
84.54,-24.4595,-17.5214,1.3655,70.7951,157.6628,122.8063
84.56,-24.346,-17.8891,2.4711,73.5109,151.7629,116.6202
84.58,-24.2199,-18.201,3.6385,76.0588,143.3743,108.0273
84.6,-24.1019,-18.4478,4.8375,78.2112,131.4588,96.0033
84.62,-23.9655,-18.6158,6.0744,79.6685,115.2299,79.3981
84.64,-23.695,-18.7212,8.5505,79.3781,77.3878,40.7307
84.66,-23.5876,-18.6576,9.752,77.8072,62.4214,25.5227
84.68,-23.4886,-18.5051,10.9265,75.6781,51.2194,14.0956
84.7,-23.3931,-18.2233,12.3221,72.6285,41.4994,4.1774
84.72,-23.3455,-18.0168,13.1097,70.7167,37.3014,359.9904
84.74,-23.306,-17.2686,15.0105,65.5244,28.9604,351.8454
84.75999,-23.3125,-16.8531,15.8288,63.1036,26.1638,349.1624
84.78,-23.3358,-16.4232,16.5514,60.803,23.8588,346.8614
84.8,-23.3751,-15.9635,17.1899,58.6302,21.9089,344.9822
84.82,-23.3994,-15.5694,17.7281,56.7919,20.4462,343.5851
84.84,-23.4578,-14.8109,18.5349,53.6662,18.3096,341.1785
84.86,-23.4742,-14.5517,18.7883,52.6352,17.7488,340.3572
84.88,-23.4726,-14.3203,18.9745,51.8279,17.381,339.775
84.9,-23.4652,-14.1641,19.0679,51.3345,17.1626,339.4407
84.92,-23.455,-14.0878,19.0871,51.1579,17.1381,339.3438
84.93999,-23.3989,-14.1827,18.9276,51.6458,17.7135,339.9915
84.96,-23.3547,-14.3808,18.7052,52.4569,18.3785,340.7666
84.98,-23.3156,-14.6262,18.4274,53.4826,19.113,341.5616
85,-23.2667,-14.9456,18.0612,54.8174,20.0865,342.4254
85.02,-23.2209,-15.3145,17.6034,56.4656,21.2819,343.512
85.04,-23.178,-16.119,16.3852,60.5694,24.3355,346.5444
85.06,-23.1795,-16.5234,15.6247,63.0152,26.3093,348.5509
85.08,-23.1961,-16.9165,14.7579,65.6584,28.8298,351.0478
85.1,-23.2654,-17.2462,13.7941,68.4084,31.7744,354.0627
85.12,-23.3515,-17.545,12.742,71.2594,35.7688,358.2711
85.14,-23.6479,-17.9451,10.4348,76.9267,48.0235,12.7772
85.16,-23.8345,-18.0397,9.2016,79.5006,58.9679,25.2984
85.18,-24.0225,-18.062,7.9283,81.4962,76.7385,44.2516
85.2,-24.2163,-18.0057,6.6174,82.237,102.2562,70.6114
85.22,-24.4147,-17.8583,5.3344,81.4373,126.7185,96.0521
85.24,-24.7822,-17.3364,2.8227,76.6342,155.535,126.7089
85.25999,-24.9488,-16.9747,1.6456,73.6573,162.5293,134.6681
85.28,-25.0991,-16.5759,0.5301,70.5346,167.1223,140.0686
85.3,-25.2316,-16.1498,-0.5061,67.422,170.2867,143.7795
85.32,-25.347,-15.7042,-1.4535,64.4137,172.5447,146.2358
85.34,-25.5389,-14.794,-3.0313,59.0423,175.4508,149.142
85.36,-25.6125,-14.3631,-3.6481,56.7996,176.3991,150.0047
85.38,-25.6744,-13.971,-4.1534,54.8739,177.1212,150.6216
85.4,-25.7271,-13.6346,-4.554,53.3026,177.6989,151.2405
85.42,-25.7706,-13.3643,-4.8568,52.0645,178.1722,151.8051
85.43999,-25.8231,-13.0614,-5.1946,50.6385,178.7674,152.3834
85.46,-25.8316,-13.0367,-5.2381,50.4338,178.8757,152.2214
85.48,-25.8288,-13.0915,-5.1989,50.5641,178.8748,151.8722
85.5,-25.8169,-13.2146,-5.0829,51.0446,178.7681,151.3853
85.52,-25.7879,-13.4463,-4.851,51.9365,178.5036,150.7979
85.54,-25.6977,-14.061,-4.1538,54.6074,177.566,149.3859
85.56,-25.6319,-14.4442,-3.6754,56.3724,176.8138,148.238
85.58,-25.5502,-14.867,-3.1113,58.3762,175.8114,146.6827
85.6,-25.4584,-15.3139,-2.462,60.6072,174.5666,144.9041
85.62,-25.3507,-15.7782,-1.7272,63.0026,172.9641,142.7394
85.64,-25.0943,-16.6828,-0.0274,68.0946,168.0563,135.9746
85.66,-24.9457,-17.0956,0.9268,70.6603,164.3534,130.8458
85.68,-24.7841,-17.4731,1.9479,73.2071,159.4578,124.4123
85.7,-24.6282,-17.7913,3.0255,75.705,152.8701,116.446
85.72,-24.4679,-18.0591,4.1402,77.9675,143.6585,105.711
85.74,-24.1449,-18.387,6.4885,81.1717,111.9656,71.6689
85.75999,-23.9905,-18.4439,7.6676,81.3176,90.7151,49.2209
85.78,-23.8343,-18.4291,8.8437,80.2928,71.479,28.8115
85.8,-23.6908,-18.3404,10.0024,78.4363,56.6558,13.4993
85.82,-23.5819,-18.1633,11.109,76.1102,46.4486,2.9685
85.84,-23.3662,-17.6113,13.1503,71.0294,34.7945,350.6443
85.86,-23.3004,-17.2274,14.0535,68.3708,31.1079,346.4446
85.88,-23.2274,-16.8356,14.8815,65.828,28.467,343.7187
85.9,-23.1863,-16.4139,15.6161,63.3769,26.2461,341.7409
85.92,-23.141,-16.0064,16.2535,61.1586,24.814,339.9985
85.93999,-23.0077,-15.253,17.2509,57.3532,23.4848,337.7314
85.96,-22.943,-14.9308,17.5939,55.8681,23.2542,337.2222
85.98,-22.855,-14.6522,17.8564,54.6252,23.2911,337.1273
86,-22.7741,-14.4343,18.0203,53.7092,23.4671,337.411
86.02,-22.6553,-14.2268,18.111,52.9608,23.9521,337.8606
86.04,-22.4784,-14.1231,18.0246,52.8521,25.1128,338.1118
86.06,-22.3789,-14.1558,17.8816,53.1691,26.0369,338.5545
86.08,-22.2689,-14.2608,17.6627,53.7422,26.9844,339.7143
86.1,-22.2066,-14.4241,17.3995,54.5153,27.8377,342.9129
86.12,-22.1387,-14.6229,17.0691,55.4907,28.7649,345.824
86.14,-22.0577,-15.1905,16.1892,58.0831,31.1554,351.6698
86.16,-22.0741,-15.5161,15.6466,59.7079,32.2035,355.8234
86.18,-22.0927,-15.8661,15.0238,61.5629,33.5613,0.0867
86.2,-22.1347,-16.2297,14.2935,63.7621,35.4357,3.9766
86.22,-22.1844,-16.5548,13.4959,66.043,38.0389,7.4752
86.24,-22.399,-17.1578,11.6555,70.9857,45.611,18.6309
86.25999,-22.5572,-17.4056,10.635,73.5499,51.1604,26.7045
86.28,-22.7297,-17.643,9.5408,76.0214,59.417,36.6866
86.3,-22.9069,-17.818,8.3956,78.1157,71.6233,49.5763
86.32,-23.103,-17.9216,7.2195,79.5027,88.1539,66.202
86.34,-23.5269,-17.9427,4.8371,78.9447,126.3646,105.0458
86.36,-23.7473,-17.8629,3.6648,77.1411,140.8321,120.5512
86.38,-23.977,-17.6885,2.5437,74.879,151.075,131.934
86.4,-24.1988,-17.4569,1.4658,72.2855,158.299,139.9935
86.42,-24.4105,-17.1524,0.46,69.5908,163.4699,145.5344
86.43999,-24.8172,-16.3848,-1.2866,64.3565,170.1111,152.6583
86.46,-25.0072,-15.9848,-2.0257,61.9441,172.1758,155.0344
86.48,-25.1962,-15.5796,-2.6707,59.8201,174.0244,157.4206
86.5,-25.3706,-15.2138,-3.2405,57.8634,175.4297,159.1564
86.52,-25.5263,-14.8889,-3.7254,56.1409,176.5751,160.3391
86.54,-25.794,-14.3928,-4.4601,53.432,178.2227,161.7422
86.56,-25.9008,-14.2301,-4.6994,52.505,178.7664,162.0184
86.58,-25.9949,-14.1161,-4.8452,51.9115,179.2199,162.2145
86.6,-26.0699,-14.0662,-4.8974,51.6578,179.5198,162.2444
86.62,-26.1267,-14.0755,-4.8607,51.7576,179.7163,162.2049
86.64,-26.1986,-14.2911,-4.5193,52.9527,179.7956,161.7041
86.66,-26.2121,-14.503,-4.2229,54.0491,179.687,161.5542
86.68,-26.2113,-14.7622,-3.8333,55.4871,179.5168,161.4362
86.7,-26.1892,-15.0748,-3.3592,57.1989,179.1134,160.9512
86.72,-26.1522,-15.4189,-2.7972,59.1923,178.5154,160.1226
86.74,-26.0115,-16.1864,-1.4035,63.8756,176.5125,157.2906
86.75999,-25.9109,-16.5866,-0.5834,66.4716,174.8962,155.1356
86.78,-25.7931,-16.9746,0.3139,69.1755,172.632,152.2555
86.8,-25.6588,-17.3409,1.2832,71.9908,169.4724,148.5834
86.82,-25.5057,-17.6799,2.3138,74.7828,164.8824,143.7307
86.84,-25.1478,-18.1977,4.5147,79.9288,147.1863,124.8431
86.86,-24.9462,-18.3662,5.665,81.8209,130.0854,107.052
86.88,-24.7533,-18.4646,6.8189,82.6713,106.0296,82.5518
86.9,-24.5539,-18.4949,7.9734,82.0906,81.1967,57.2001
86.92,-24.3567,-18.4718,9.1015,80.3747,62.9386,38.3938
86.93999,-24.0001,-18.1968,11.2564,75.4971,43.0384,17.1303
86.96,-23.8574,-17.9771,12.2454,72.9121,37.4974,11.0153
86.98,-23.7346,-17.6941,13.1715,70.3481,33.3509,6.4019
87,-23.6446,-17.3744,14.0144,67.8983,30.1939,2.6927
87.02,-23.5558,-17.0539,14.7771,65.6665,27.8254,359.6288
87.04,-23.482,-16.3409,16.0293,61.6783,24.0367,354.5902
87.06,-23.452,-16.0203,16.5264,60.0509,22.7132,352.6603
87.08,-23.4223,-15.719,16.937,58.6127,21.6976,350.9931
87.1,-23.4154,-15.4722,17.2456,57.5384,20.8593,349.7476
87.12,-23.3788,-15.3119,17.4755,56.7828,20.5164,348.9903
87.14,-23.3761,-15.0323,17.6793,55.92,19.8137,347.8131
87.16,-23.3763,-15.034,17.6531,55.9822,19.8764,347.761
87.18,-23.3472,-15.0911,17.5721,56.3096,20.1675,347.9677
87.2,-23.3234,-15.2296,17.3953,56.9142,20.6435,348.5344
87.22,-23.3235,-15.4375,17.1367,57.8467,21.2195,349.3637
87.24,-23.308,-15.9795,16.3939,60.4315,22.9792,351.7812
87.25999,-23.3468,-16.3245,15.8721,62.1515,24.0492,353.4956
87.28,-23.3631,-16.6493,15.2799,64.0917,25.3772,355.3038
87.3,-23.4232,-16.9918,14.5742,66.2929,26.9759,357.614
87.32,-23.4709,-17.3148,13.791,68.6745,29.2349,0.4291
87.34,-23.6803,-17.9727,11.6487,74.6819,37.6656,9.7606
87.36,-23.7741,-18.1322,10.8461,76.7104,42.3638,14.944
87.38,-23.8826,-18.3296,9.7157,79.3595,51.9905,25.1668
87.4,-24.0143,-18.4385,8.5253,81.5813,67.4714,41.129
87.42,-24.1276,-18.4996,7.2912,82.7991,92.0427,66.1699
87.43999,-24.3622,-18.3334,4.7738,80.5101,140.2334,115.6344
87.46,-24.4649,-18.138,3.5245,77.7985,152.978,129.3626
87.48,-24.554,-17.8644,2.3108,74.7165,160.6179,137.8382
87.5,-24.6254,-17.5179,1.1547,71.4901,165.4527,143.2484
87.52,-24.6816,-17.1084,0.0734,68.277,168.5773,146.7832
87.54,-24.7531,-16.1906,-1.8224,62.1615,172.0943,151.0801
87.56,-24.7724,-15.7171,-2.6257,59.3718,173.0134,152.3397
87.58,-24.7836,-15.2595,-3.3308,56.8458,173.6599,153.3126
87.6,-24.7904,-14.8287,-3.9363,54.6085,174.1302,154.0749
87.62,-24.7888,-14.4394,-4.4399,52.6607,174.4061,154.4785
87.64,-24.7782,-13.8086,-5.1489,49.7424,174.6756,154.8274
87.66,-24.7664,-13.595,-5.3657,48.7895,174.6973,154.7231
87.68,-24.748,-13.434,-5.5225,47.819,174.4014,153.7323
87.7,-24.7348,-13.3937,-5.5526,47.5411,174.1581,152.9574
87.72,-24.7225,-13.4109,-5.52,47.6766,174.0501,152.7748
87.74,-24.6885,-13.6944,-5.202,49.0106,173.7838,152.1283
87.75999,-24.667,-13.9378,-4.9102,50.2105,173.4793,151.5621
87.78,-24.6417,-14.2351,-4.521,51.7327,173.0937,150.9197
87.8,-24.6107,-14.5838,-4.0345,53.5704,172.4941,150.0661
87.82,-24.5766,-14.97,-3.448,55.7172,171.7045,149.1049
87.84,-24.495,-15.8117,-1.9887,60.7513,169.2464,146.398
87.86,-24.4447,-16.244,-1.124,63.5365,167.3819,144.3387
87.88,-24.3857,-16.665,-0.1778,66.4191,164.8211,141.2338
87.9,-24.3165,-17.0653,0.8467,69.3537,161.4092,137.2465
87.92,-24.2444,-17.4304,1.9343,72.2407,156.6525,131.7293
87.93999,-24.0855,-18.0085,4.2671,77.4912,140.3224,113.7493
87.96,-24.0108,-18.214,5.4789,79.54,126.3516,99.101
87.98,-23.9353,-18.3496,6.707,80.777,107.2802,79.4466
88,-23.8616,-18.4155,7.9293,80.8719,85.4589,57.1295
88.02,-23.8026,-18.3863,9.1361,79.7589,66.0526,37.2006
88.04,-23.7138,-18.1104,11.4128,75.4717,42.6328,12.6577
88.06,-23.7084,-17.8601,12.4568,72.9548,35.6864,5.2451
88.08,-23.7166,-17.5475,13.4281,70.427,30.6408,359.6218
88.1,-23.7379,-17.1856,14.3139,67.9364,26.8359,355.2357
88.12,-23.7743,-16.813,15.1005,65.6005,23.9485,351.949
88.14,-23.8701,-16.0184,16.4084,61.3474,19.6597,347.0137
88.16,-23.9168,-15.6453,16.9182,59.5379,18.1804,345.1281
88.18,-23.9546,-15.3272,17.3269,58.0689,17.0686,343.658
88.2,-23.9885,-15.0489,17.6368,56.9064,16.2663,342.3498
88.22,-24.0022,-14.8205,17.856,56.0785,15.6906,341.3082
88.24,-23.9779,-14.5753,18.0415,55.3351,15.42,340.2296
88.25999,-23.9607,-14.5655,18.0085,55.4129,15.5213,340.1521
88.28,-23.9246,-14.6348,17.9085,55.8159,15.8191,340.3646
88.3,-23.8621,-14.798,17.7126,56.5266,16.4246,341.0319
88.32,-23.8265,-15.038,17.4259,57.5769,17.0914,341.9582
88.34,-23.7292,-15.6247,16.6425,60.3056,18.9885,344.3911
88.36,-23.6863,-15.9812,16.1203,62.0869,20.3264,345.9651
88.38,-23.6512,-16.3525,15.5058,64.1164,21.8993,347.8161
88.4,-23.6369,-16.7219,14.8014,66.3414,23.8685,350.0456
88.42,-23.6389,-17.0809,14.0089,68.7572,26.3229,352.7833
88.43999,-23.7213,-17.7179,12.1703,73.9619,33.8198,1.1481
88.46,-23.7792,-17.9807,11.1493,76.5917,40.0415,7.8534
88.48,-23.8569,-18.1914,10.0663,79.1047,49.1686,17.5503
88.5,-23.9616,-18.3358,8.9289,81.2829,63.4202,32.3615
88.52,-24.061,-18.4001,7.7633,82.6477,85.0058,54.5061
88.54,-24.286,-18.2726,5.3818,81.2688,133.5246,104.2069
88.56,-24.3972,-18.0941,4.2053,79.0033,148.0166,119.6988
88.58,-24.5067,-17.852,3.0552,76.309,157.1194,129.9368
88.6,-24.5987,-17.5637,1.9471,73.3806,162.8375,136.5167
88.62,-24.6863,-17.2178,0.8986,70.4345,166.7325,141.1724
88.64,-24.8223,-16.4477,-0.9746,64.7184,171.2255,147.0439
88.66,-24.8744,-16.044,-1.7796,62.0972,172.5443,149.0029
88.68,-24.9164,-15.6412,-2.4858,59.7023,173.4546,150.3811
88.7,-24.9499,-15.2529,-3.0919,57.564,174.1242,151.3497
88.72,-24.9745,-14.8954,-3.5989,55.6794,174.5484,151.8614
88.74,-25.0074,-14.3175,-4.3265,52.8308,175.0242,152.1005
88.75999,-25.0201,-14.1275,-4.5605,51.889,175.1929,152.2887
88.78,-25.0272,-14.0119,-4.7118,51.2825,175.3041,152.3621
88.8,-25.0305,-13.9725,-4.7828,50.9988,175.3573,152.2921
88.82,-25.0284,-14.0042,-4.7707,51.0506,175.3405,152.0581
88.84,-25.0036,-14.2775,-4.4714,52.206,175.0103,151.2245
88.86,-24.9831,-14.5066,-4.182,53.3071,174.6941,150.7316
88.88,-24.9544,-14.792,-3.8039,54.7082,174.2227,150.0519
88.9,-24.9202,-15.1244,-3.3368,56.4098,173.5952,149.2345
88.92,-24.8779,-15.498,-2.7781,58.3768,172.7233,148.2491
88.93999,-24.7704,-16.3142,-1.3946,62.9807,170.0219,145.3913
88.96,-24.6974,-16.7284,-0.5711,65.5373,167.9574,142.9934
88.98,-24.6164,-17.1314,0.3302,68.1741,165.174,139.6858
89,-24.5306,-17.4986,1.3056,70.8962,161.5077,135.2671
89.02,-24.442,-17.8436,2.3384,73.6002,156.5651,129.6706
89.04,-24.2465,-18.396,4.5476,78.5126,139.7002,111.4136
89.06,-24.1464,-18.593,5.6898,80.3301,125.4785,96.4783
89.07999,-24.0472,-18.7154,6.8489,81.4008,106.182,76.3751
89.1,-23.9435,-18.7618,8.0094,81.3136,84.7317,54.036
89.12,-23.8597,-18.7193,9.1466,80.1737,66.0294,34.6219
89.14,-23.6995,-18.4463,11.2955,76.1145,43.6216,11.0348
89.16,-23.6477,-18.2044,12.2849,73.7633,37.0361,3.8492
89.18,-23.6086,-17.9201,13.1997,71.4076,32.299,358.5392
89.2,-23.5806,-17.5836,14.0489,69.0349,28.6861,354.2824
89.22,-23.5711,-17.2305,14.7945,66.8278,25.9262,351.0476
89.24,-23.5644,-16.513,16.0462,62.8786,22.122,346.6776
89.25999,-23.5649,-16.1548,16.5461,61.131,20.7405,345.1076
89.28,-23.585,-15.8492,16.944,59.676,19.6953,343.8416
89.3,-23.5725,-15.5676,17.2738,58.4426,18.946,342.7424
89.32,-23.5536,-15.3609,17.5059,57.5489,18.5027,342.0119
89.34,-23.5203,-15.1103,17.7126,56.6311,18.168,341.2743
89.36,-23.4882,-15.0891,17.7008,56.6261,18.2951,341.2874
89.38,-23.4547,-15.1331,17.6194,56.8684,18.6235,341.6092
89.4,-23.4132,-15.242,17.4593,57.4125,19.0706,342.1002
89.42,-23.3762,-15.4287,17.2105,58.2978,19.7623,342.8871
89.43999,-23.3008,-15.9416,16.4976,60.7363,21.7,344.9083
89.46,-23.2714,-16.2636,16.0154,62.3493,23.0446,346.1945
89.48,-23.2604,-16.608,15.4403,64.1892,24.5859,347.8196
89.5,-23.2635,-16.9255,14.7863,66.1753,26.365,349.8486
89.52,-23.2844,-17.2611,14.0364,68.416,28.6114,352.4148
89.54,-23.3821,-17.8698,12.2644,73.3592,35.5657,0.1792
89.56,-23.4652,-18.1068,11.2571,75.9245,41.1197,6.3041
89.57999,-23.5531,-18.3125,10.171,78.4404,49.7783,15.5178
89.6,-23.6617,-18.45,9.0223,80.6286,63.031,29.4552
89.62,-23.7798,-18.5077,7.8344,82.0874,82.7697,50.0709
89.64,-24.0331,-18.4091,5.3705,81.0919,130.381,100.2125
89.66,-24.1492,-18.2533,4.1301,78.8154,145.6985,116.6841
89.68,-24.2498,-18.0388,2.9074,75.9471,155.2754,127.3511
89.7,-24.3532,-17.7437,1.7216,72.886,161.4614,134.5769
89.72,-24.4394,-17.3953,0.5932,69.725,165.5122,139.5571
89.74,-24.5806,-16.5723,-1.4316,63.541,170.2005,146.2566
89.75999,-24.635,-16.1148,-2.2995,60.692,171.5291,148.4832
89.78,-24.6759,-15.6527,-3.0625,58.0522,172.4329,150.1645
89.8,-24.7075,-15.1947,-3.7152,55.6747,173.0301,151.2528
89.82,-24.731,-14.7604,-4.2659,53.5241,173.3667,151.7156
89.84,-24.7632,-14.0382,-5.0773,50.1862,173.7511,151.9656
89.86,-24.7772,-13.78,-5.354,49.0328,173.9258,152.0986
89.88,-24.7942,-13.5952,-5.549,48.2425,174.124,152.3035
89.9,-24.8066,-13.4992,-5.6637,47.7656,174.2686,152.3668
89.92,-24.8175,-13.4785,-5.6928,47.6572,174.3781,152.3244
89.93999,-24.822,-13.6619,-5.4997,48.4439,174.3724,151.7716
89.96,-24.8163,-13.8831,-5.2518,49.4253,174.2255,151.2059
89.98,-24.8049,-14.16,-4.9278,50.6977,173.989,150.5838
90,-24.7872,-14.4956,-4.5167,52.2855,173.6073,149.7749
90.02,-24.7615,-14.8822,-4.0142,54.1542,173.049,148.6847
90.04,-24.6864,-15.7552,-2.7153,58.671,171.243,145.8766
90.06,-24.641,-16.2181,-1.9169,61.294,169.849,144.2694
90.07999,-24.5878,-16.675,-1.0197,64.1427,167.9872,142.252
90.1,-24.5213,-17.1205,-0.0368,67.0732,165.3903,139.2625
90.12,-24.4453,-17.5302,1.0248,70.0643,161.8009,135.0201
90.14,-24.2667,-18.1976,3.3478,75.835,149.6172,120.9924
90.16,-24.1835,-18.4205,4.5845,78.4209,138.9507,109.5466
90.18,-24.0893,-18.5745,5.8545,80.4017,122.9884,92.869
90.2,-23.9874,-18.6516,7.1528,81.373,101.0899,70.2967
90.22,-23.9022,-18.6214,8.4317,80.9566,77.8525,46.5662
90.24,-23.7586,-18.3232,10.9116,76.9096,46.577,14.2954
90.25999,-23.6878,-18.0529,12.0858,74.1479,38.2561,5.4062
90.28,-23.6674,-17.7013,13.1848,71.2802,32.2114,359.1364
90.3,-23.6593,-17.3013,14.1974,68.3852,27.9844,354.6556
90.32,-23.6555,-16.8446,15.1303,65.5205,24.7783,351.172
90.34,-23.6988,-15.871,16.6916,60.2929,20.3494,346.4433
90.36,-23.7321,-15.3758,17.327,57.9742,18.756,344.8207
90.38,-23.7419,-14.9476,17.8561,55.9837,17.6418,343.5329
90.4,-23.7842,-14.4939,18.2913,54.1654,16.597,342.2155
90.42,-23.786,-14.1216,18.6331,52.6995,15.9797,341.1593
90.43999,-23.7749,-13.5863,19.0421,50.8268,15.2077,339.7449
90.46,-23.7559,-13.453,19.1178,50.4181,15.1274,339.3505
90.48,-23.696,-13.4024,19.1276,50.3471,15.3431,339.2198
90.5,-23.6685,-13.4324,19.0618,50.5395,15.5057,339.2542
90.52,-23.6089,-13.5397,18.9368,51.0283,15.9266,339.6157
90.54,-23.4681,-14.0454,18.4224,53.1201,17.3089,341.0286
90.56,-23.4003,-14.3936,18.0487,54.5618,18.1861,341.9343
90.57999,-23.3484,-14.7776,17.5924,56.2244,19.2516,343.0729
90.6,-23.292,-15.2132,17.0374,58.2198,20.5399,344.5038
90.62,-23.2314,-15.6603,16.4004,60.4198,22.1625,346.3748
90.64,-23.1789,-16.5697,14.8315,65.4791,26.4675,351.3291
90.66,-23.1945,-17.0011,13.8907,68.2742,29.5269,354.4972
90.68,-23.2183,-17.3792,12.865,71.1721,33.5343,358.5597
90.7,-23.2707,-17.7268,11.7474,74.1544,39.2445,4.414
90.72,-23.3545,-17.9713,10.5542,77.05,47.4735,12.8661
90.74,-23.6014,-18.1743,8.0089,81.5105,79.5309,46.0166
90.75999,-23.7442,-18.1514,6.6907,82.0259,105.6442,72.9278
90.78,-23.889,-18.0409,5.3732,80.8713,129.9444,97.9644
90.8,-24.0371,-17.8497,4.0695,78.5282,146.3607,115.1823
90.82,-24.1752,-17.5885,2.803,75.5698,156.5685,126.1964
90.84,-24.4279,-16.8731,0.4599,69.1085,167.1807,138.1859
90.86,-24.5467,-16.4353,-0.5818,65.9443,170.103,141.7967
90.88,-24.6596,-15.9657,-1.5229,62.9429,172.225,144.6162
90.9,-24.7578,-15.4936,-2.3607,60.0994,173.6942,146.5162
90.92,-24.8495,-15.0194,-3.0845,57.5317,174.8031,147.9513
90.93999,-24.9965,-14.1682,-4.2205,52.7999,175.9865,148.6613
90.96,-25.0589,-13.8133,-4.6467,50.9468,176.3185,148.3128
90.98,-25.1331,-13.469,-5.0438,49.3046,176.7191,148.955
91,-25.173,-13.3199,-5.218,48.5863,176.9544,149.2143
91.02,-25.2196,-13.192,-5.3756,47.9669,177.2462,149.4274
91.04,-25.2887,-13.178,-5.4247,47.7597,177.5209,149.4902
91.06,-25.3085,-13.2792,-5.323,48.1765,177.5248,149.3744
91.07999,-25.3249,-13.4756,-5.1014,49.1332,177.4938,149.2653
91.1,-25.3245,-13.7375,-4.8045,50.3652,177.3132,149.0476
91.12,-25.3122,-14.0584,-4.4174,51.909,176.9964,148.614
91.14,-25.2536,-14.8554,-3.3657,55.9182,175.8611,147.6567
91.16,-25.2044,-15.3084,-2.6973,58.3327,174.889,146.9196
91.18,-25.1403,-15.7753,-1.9347,60.9766,173.5906,145.7458
91.2,-25.0585,-16.2508,-1.0736,63.8246,171.7604,143.8357
91.22,-24.9588,-16.7042,-0.1423,66.7225,169.2388,140.992
91.24,-24.7234,-17.5094,1.9751,72.7445,160.9349,131.8555
91.25999,-24.5967,-17.8462,3.1249,75.6758,154.0047,124.9489
91.28,-24.4591,-18.1194,4.3198,78.3228,143.5489,114.4065
91.3,-24.3097,-18.3328,5.5426,80.3545,127.9959,98.7168
91.32,-24.1591,-18.4812,6.7707,81.3709,106.8393,77.5149
91.34,-23.869,-18.5433,9.1983,79.607,64.7422,34.8904
91.36,-23.7517,-18.4453,10.3619,77.3929,52.013,21.7784
91.38,-23.6156,-18.3128,11.4776,74.9036,43.7726,13.2413
91.4,-23.5432,-18.0384,12.5332,72.2095,37.27,6.5897
91.42,-23.4809,-17.756,13.4984,69.6185,32.9081,2.0298
91.43999,-23.3928,-17.0557,15.1846,64.6427,26.9942,355.4191
91.46,-23.3967,-16.6696,15.8842,62.388,24.7827,353.2678
91.48,-23.3678,-16.3163,16.4937,60.3996,23.2962,351.7103
91.5,-23.3905,-15.9251,16.9967,58.5401,21.8487,350.3919
91.52,-23.3914,-15.6064,17.4014,57.0389,20.9424,349.3896
91.54,-23.3707,-15.0745,17.9392,54.8377,19.896,348.3971
91.56,-23.3566,-14.8925,18.0764,54.2183,19.6371,348.2242
91.57999,-23.3345,-14.7815,18.1244,53.8374,19.6511,348.3975
91.6,-23.2958,-14.765,18.1018,53.8511,19.9005,348.7827
91.62,-23.2599,-14.8186,18.011,54.0906,20.294,349.3946
91.64,-23.1832,-15.1626,17.5674,55.5773,21.6351,351.491
91.66,-23.1449,-15.4461,17.2348,56.7244,22.5877,352.8414
91.68,-23.1022,-15.7668,16.8275,58.1232,23.736,354.2528
91.7,-23.0933,-16.1123,16.3276,59.7703,24.9837,355.8148
91.72,-23.0891,-16.4962,15.7274,61.749,26.5611,357.636
91.74,-23.1263,-17.2843,14.2187,66.44,31.144,2.0187
91.75999,-23.1651,-17.6575,13.3136,69.0933,34.5546,5.2582
91.78,-23.2343,-18.0045,12.3052,71.8575,39.1427,9.7395
91.8,-23.3262,-18.2941,11.2136,74.5948,45.3856,15.9485
91.82,-23.4409,-18.5232,10.0368,77.2278,54.6009,25.1205
91.84,-23.71,-18.7406,7.5004,80.8451,87.9899,59.2128
91.86,-23.8594,-18.7067,6.1709,80.897,111.3897,83.0303
91.88,-23.9917,-18.6046,4.8236,79.4442,131.9569,104.2705
91.9,-24.1253,-18.4044,3.4852,77.0063,146.1984,119.327
91.92,-24.2432,-18.126,2.1669,73.968,155.4136,129.3628
91.93999,-24.4301,-17.3342,-0.3038,67.2529,165.287,141.0179
91.96,-24.497,-16.8427,-1.4168,63.8483,167.909,144.5262
91.98,-24.5498,-16.3039,-2.4325,60.547,169.6822,147.1107
92,-24.5794,-15.7462,-3.335,57.3815,170.8431,148.803
92.02,-24.5949,-15.1859,-4.1266,54.4329,171.5524,149.7919
92.04,-24.5964,-14.1382,-5.3775,49.4359,172.2369,150.4721
92.06,-24.5896,-13.6849,-5.8427,47.4748,172.4295,150.6497
92.07999,-24.5779,-13.3055,-6.2131,45.7452,172.4703,150.5755
92.1,-24.562,-13.0039,-6.4963,44.2546,172.3687,149.9645
92.12,-24.5496,-12.784,-6.6876,43.416,172.4073,150.2134
92.14,-24.5117,-12.6147,-6.8218,42.6694,172.3387,149.7301
92.16,-24.4884,-12.6661,-6.7696,42.8807,172.2734,149.37
92.18,-24.4617,-12.8027,-6.6371,43.4754,172.1158,148.9468
92.2,-24.4275,-13.0536,-6.3906,44.5361,171.834,148.3977
92.22,-24.391,-13.3648,-6.0755,45.8573,171.4394,147.6792
92.24,-24.3095,-14.1944,-5.1604,49.4997,170.2961,145.4424
92.25999,-24.2703,-14.688,-4.5544,51.8042,169.5373,144.1187
92.28,-24.2296,-15.2227,-3.8468,54.369,168.5622,142.7178
92.3,-24.1905,-15.7721,-3.032,57.1871,167.2663,141.0726
92.32,-24.1503,-16.327,-2.1087,60.2184,165.5568,139.2597
92.34,-24.0613,-17.3733,0.0398,66.698,160.1862,133.5689
92.36,-24.0113,-17.8347,1.2401,69.948,155.8897,128.7164
92.38,-23.9573,-18.2385,2.5062,73.0866,149.9218,121.8947
92.4,-23.9019,-18.5682,3.8226,75.9963,141.2692,112.0872
92.42,-23.8474,-18.8336,5.1673,78.4375,128.6591,98.4489
92.43999,-23.743,-19.1058,7.893,80.5249,89,57.1301
92.46,-23.6965,-19.0984,9.2309,79.6197,68.4615,35.8323
92.48,-23.66,-18.9781,10.5269,77.706,52.9487,19.4715
92.5,-23.6513,-18.7676,11.755,75.2862,42.1086,8.026
92.52,-23.661,-18.4638,12.9099,72.5785,34.5125,359.8403
92.54,-23.7155,-17.668,14.9473,67.0472,25.2017,349.5403
92.56,-23.7703,-17.2065,15.8098,64.3979,22.054,346.168
92.57999,-23.8269,-16.7281,16.5639,61.9531,19.7616,343.4254
92.6,-23.8794,-16.2376,17.2127,59.6778,17.9595,341.2331
92.62,-23.9395,-15.7686,17.7502,57.6489,16.4971,339.4972
92.64,-24.0111,-14.9798,18.5283,54.4909,14.6509,337.1541
92.66,-24.0207,-14.6748,18.7777,53.3453,14.1592,336.4774
92.68,-24.0283,-14.4422,18.9351,52.5615,13.8388,336.064
92.7,-24.0164,-14.313,19.0039,52.1566,13.7556,335.9536
92.72,-23.9821,-14.2563,18.9998,52.0414,13.8867,336.0203
92.74,-23.8839,-14.4374,18.775,52.8536,14.6938,336.8889
92.75999,-23.8195,-14.6646,18.5287,53.8207,15.3744,337.7517
92.78,-23.7529,-14.9746,18.2041,55.1013,16.2495,338.7883
92.8,-23.6829,-15.3356,17.8004,56.6888,17.2596,339.8242
92.82,-23.6172,-15.7377,17.305,58.5473,18.5455,340.9158
92.84,-23.5128,-16.6025,16.021,63.0117,21.8443,343.8439
92.86,-23.4869,-17.0371,15.2263,65.5928,24.077,345.9735
92.88,-23.4909,-17.4545,14.3344,68.3199,26.85,348.8309
92.9,-23.5091,-17.8368,13.3611,71.1535,30.488,352.673
92.92,-23.5636,-18.1829,12.2915,74.0771,35.5037,357.983
92.93999,-23.7511,-18.6546,9.9359,79.5996,53.5972,16.6426
92.96,-23.8734,-18.7851,8.6683,81.7161,71.5694,35.0263
92.98,-24.0111,-18.8246,7.3678,82.6429,97.5168,61.5293
93,-24.1604,-18.777,6.0448,81.891,124.3109,89.0116
93.02,-24.3129,-18.6323,4.7245,79.8014,143.4959,109.0278
93.04,-24.6117,-18.0892,2.1643,73.8723,162.4908,130.5093
93.06,-24.7485,-17.7095,0.9613,70.6342,167.1726,136.6183
93.07999,-24.8732,-17.2762,-0.1727,67.385,170.2814,141.1253
93.1,-24.9852,-16.7954,-1.217,64.2135,172.3889,144.5413
93.12,-25.0833,-16.2859,-2.166,61.1443,173.8217,147.1792
93.14,-25.2376,-15.2434,-3.7483,55.5116,175.4193,150.2656
93.16,-25.2993,-14.7522,-4.3865,53.0959,175.893,151.0749
93.18,-25.3505,-14.3054,-4.9245,50.8173,176.1681,151.2925
93.2,-25.3942,-13.9058,-5.3684,48.8751,176.3871,151.1012
93.22,-25.437,-13.5783,-5.7056,47.4706,176.6813,151.4508
93.24,-25.5072,-13.154,-6.1175,45.6656,177.1801,151.9353
93.25999,-25.535,-13.0659,-6.1955,45.3187,177.3499,152.0435
93.28,-25.5542,-13.0659,-6.1901,45.2942,177.4215,151.9561
93.3,-25.5649,-13.1461,-6.1099,45.6172,177.4778,151.7665
93.32,-25.5677,-13.3271,-5.9349,46.3836,177.4632,151.4278
93.34,-25.5447,-13.916,-5.335,48.9494,177.1118,150.6189
93.36,-25.5137,-14.3056,-4.9022,50.6867,176.7252,149.889
93.38,-25.4714,-14.7452,-4.3733,52.7268,176.1489,148.9874
93.4,-25.4198,-15.2243,-3.7408,55.0965,175.3756,148.1445
93.42,-25.3571,-15.7302,-3.003,57.7662,174.3664,147.3949
93.43999,-25.1831,-16.7565,-1.2334,63.6656,170.9566,144.2757
93.46,-25.0695,-17.2407,-0.2129,66.7843,168.2391,141.2103
93.48,-24.9444,-17.6881,0.8885,69.9581,164.4912,136.9554
93.5,-24.8008,-18.0928,2.0594,73.0684,159.2309,131.2056
93.52,-24.6565,-18.4248,3.2855,76.0325,151.5661,122.9538
93.54,-24.3429,-18.8572,5.8464,80.5821,123.0524,93.4641
93.56,-24.179,-18.948,7.1483,81.3545,100.463,70.2778
93.57999,-24.0159,-18.9425,8.4482,80.7228,77.4725,46.6288
93.6,-23.8775,-18.8352,9.7202,78.961,59.5938,28.1713
93.62,-23.7567,-18.6365,10.9438,76.5417,47.4424,15.5509
93.64,-23.5783,-17.9881,13.2007,70.9797,33.5161,0.6393
93.66,-23.5122,-17.5611,14.2187,68.1486,29.3425,355.8553
93.68,-23.4907,-17.0908,15.145,65.3604,25.9843,351.8931
93.7,-23.4791,-16.6147,15.9773,62.7298,23.4079,348.682
93.72,-23.4836,-16.1066,16.7248,60.1826,21.2794,345.793
93.74,-23.516,-15.192,17.9177,55.9424,18.2596,341.255
93.75999,-23.5459,-14.7654,18.37,54.1721,17.1571,339.4133
93.78,-23.5611,-14.4117,18.7463,52.7165,16.2848,337.843
93.8,-23.593,-14.1165,19.0278,51.576,15.5143,336.355
93.82,-23.6124,-13.9041,19.2277,50.7658,14.9649,334.8811
93.84,-23.6348,-13.7375,19.3835,50.1509,14.3711,332.6937
93.86,-23.6283,-13.7971,19.3549,50.3777,14.3584,332.2372
93.88,-23.6252,-13.9065,19.2603,50.8415,14.4372,332.1703
93.9,-23.6093,-14.1409,19.0462,51.7509,14.6926,332.4147
93.92,-23.5923,-14.4329,18.7699,52.987,15.1382,332.9387
93.93999,-23.5696,-15.1654,17.9434,56.2854,16.4482,334.3241
93.96,-23.5486,-15.6196,17.3951,58.419,17.4921,335.321
93.98,-23.5518,-16.0659,16.7537,60.7087,18.6631,336.5021
94,-23.5687,-16.5335,16.0115,63.2473,20.1717,338.1568
94.02,-23.5856,-16.9823,15.1855,65.9436,22.0523,340.2341
94.04,-23.7156,-17.8063,13.2334,71.8658,27.7244,346.6399
94.06,-23.7939,-18.1468,12.1406,74.9219,32.4289,351.7678
94.07999,-23.9275,-18.413,10.972,77.9162,38.91,359.4661
94.1,-24.0732,-18.6171,9.7334,80.7893,50.1362,11.5679
94.12,-24.2344,-18.7254,8.4529,83.0743,70.012,32.3073
94.14,-24.6093,-18.6665,5.8042,82.9057,133.0091,97.4485
94.16,-24.7942,-18.5022,4.4823,80.4037,151.9902,117.6305
94.18,-24.9837,-18.2578,3.1733,77.2918,162.4425,129.3344
94.2,-25.1595,-17.9376,1.8945,73.9152,168.5594,136.5718
94.22,-25.3181,-17.5657,0.6956,70.5128,172.319,141.3539
94.24,-25.5997,-16.6636,-1.4888,63.8438,176.5534,147.7759
94.25999,-25.7137,-16.1677,-2.4381,60.7182,177.6946,150.0704
94.28,-25.808,-15.6583,-3.2778,57.6914,178.358,151.5031
94.3,-25.8852,-15.1513,-4.0077,55.0112,178.8154,152.5553
94.32,-25.9428,-14.6637,-4.6268,52.417,179.0032,152.6432
94.34,-26.0307,-13.82,-5.5535,48.5927,179.3522,153.0698
94.36,-26.0595,-13.5043,-5.883,46.9099,179.4909,153.014
94.38,-26.0768,-13.262,-6.1294,45.6626,179.5209,152.517
94.4,-26.0902,-13.1041,-6.2914,44.9521,179.6105,152.7674
94.42,-26.0887,-13.0331,-6.3694,44.5664,179.612,152.5092
94.43999,-26.0566,-13.1311,-6.27,44.9694,179.5544,151.9127
94.46,-26.0214,-13.3204,-6.0691,45.794,179.3473,151.5126
94.48,-25.9768,-13.5808,-5.789,46.9447,179.0224,151.036
94.5,-25.9208,-13.9164,-5.4243,48.4342,178.6029,150.4544
94.52,-25.853,-14.3203,-4.97,50.2486,178.0704,149.7473
94.54,-25.6811,-15.2711,-3.7761,54.7933,176.417,147.8262
94.56,-25.5775,-15.7895,-3.0257,57.5015,175.186,146.7136
94.57999,-25.456,-16.3137,-2.168,60.4241,173.5791,145.1508
94.6,-25.3242,-16.8288,-1.2136,63.5008,171.3783,142.9435
94.62,-25.1737,-17.3243,-0.1614,66.7457,168.4708,140.0506
94.64,-24.834,-18.1886,2.1753,73.2217,158.5579,129.802
94.66,-24.6488,-18.5489,3.4246,76.2914,149.9044,121.2621
94.68,-24.4515,-18.8312,4.7199,78.7775,137.0183,108.1852
94.7,-24.254,-19.0357,6.0298,80.5188,118.5149,89.6685
94.72,-24.0663,-19.1306,7.3449,80.9307,95.4696,66.5568
94.74,-23.7002,-19.0299,9.9156,77.9873,58.4422,28.924
94.75999,-23.5452,-18.8484,11.1311,75.4808,47.7822,17.8249
94.78,-23.4234,-18.5892,12.28,72.7694,40.3947,9.9752
94.8,-23.3225,-18.2287,13.3692,69.9176,34.9388,4.0043
94.82,-23.2514,-17.8438,14.3611,67.1478,30.9477,359.4571
94.84,-23.2001,-16.9402,16.078,61.8724,25.1626,352.4863
94.86,-23.2074,-16.4567,16.7902,59.5289,23.0438,349.6087
94.88,-23.217,-15.9742,17.4094,57.3829,21.2691,347.0539
94.9,-23.2568,-15.4941,17.9221,55.4797,19.7813,344.6557
94.92,-23.2917,-15.0834,18.3281,53.9714,18.6519,342.7007
94.93999,-23.3448,-14.4187,18.9051,51.6895,17.0561,339.6168
94.96,-23.3676,-14.1865,19.0716,50.9617,16.4858,338.4431
94.98,-23.3822,-14.0281,19.1698,50.521,16.1233,337.5394
95,-23.3937,-13.9602,19.1971,50.3695,15.9142,336.9857
95.02,-23.3919,-13.9631,19.1541,50.5124,15.9292,336.7722
95.04,-23.399,-14.2299,18.8394,51.767,16.3265,337.1046
95.06,-23.38,-14.4512,18.5832,52.8539,16.7772,337.5953
95.07999,-23.3769,-14.7585,18.2501,54.1959,17.3627,338.3161
95.1,-23.3849,-15.1147,17.8347,55.7989,18.1076,339.2491
95.12,-23.3683,-15.5179,17.3589,57.6659,19.0388,340.1968
95.14,-23.4294,-16.3852,16.1101,62.0922,21.4136,342.5412
95.16,-23.4826,-16.7777,15.3609,64.5875,22.8463,343.9774
